*------------------------------------------------------------*
*   Country: China
*   Station: 113.7_35.4
*      Year: 2021
*    Origin: AgERA5 dataset
*    Author: Huang Hai, CAU
* Longitude: 113.70 E
*  Latitude: 35.40 N
* Elevation: 85.00 m
*   Columns: 
*   ======== 
*  station number
*  year
*  day
*  irradiation (kJ路m-2路d-1)
*  minimum temperature (degrees Celsius)
*  maximum temperature (degrees Celsius)
*  vapour pressure (kPa)
*  mean wind speed (m路s-1)
*  precipitation (mm路d-1)
** WCCDESCRIPTION=113.7_35.4, China
** WCCFORMAT=2
** WCCYEARNR=2021
*------------------------------------------------------------*
113.70  35.40  85.00  -0.18  -0.55
1	2021	  1	10240	 -6.1	  9.8	0.201	 2.0	 0.0
1	2021	  2	 9902	 -4.3	  8.6	0.278	 1.8	 0.0
1	2021	  3	 7994	 -3.6	  5.6	0.319	 1.4	 0.0
1	2021	  4	 9572	 -4.4	  6.2	0.344	 2.0	 0.0
1	2021	  5	 9609	 -5.1	  3.6	0.299	 1.9	 0.0
1	2021	  6	10687	 -9.0	  3.0	0.119	 2.8	 0.0
1	2021	  7	10986	-12.2	 -0.9	0.066	 1.9	 0.0
1	2021	  8	10992	 -9.3	  2.8	0.101	 3.2	 0.0
1	2021	  9	11009	 -7.6	  4.5	0.137	 1.6	 0.0
1	2021	 10	 9900	 -6.3	  4.9	0.168	 1.9	 0.0
1	2021	 11	11073	 -4.7	  5.1	0.155	 4.2	 0.0
1	2021	 12	11035	 -4.2	 11.8	0.163	 3.6	 0.0
1	2021	 13	11133	 -1.0	 16.1	0.232	 1.7	 0.0
1	2021	 14	11271	 -2.0	 14.0	0.278	 1.6	 0.0
1	2021	 15	 9641	 -0.4	 10.3	0.303	 1.9	 0.0
1	2021	 16	10675	 -3.4	  7.1	0.328	 1.5	 0.0
1	2021	 17	11861	 -5.1	  8.5	0.147	 3.7	 0.0
1	2021	 18	11843	 -4.3	 12.0	0.180	 1.9	 0.0
1	2021	 19	11400	 -1.3	  7.5	0.315	 3.0	 0.0
1	2021	 20	11170	 -2.3	  9.2	0.400	 0.9	 0.0
1	2021	 21	10427	 -0.5	 12.5	0.460	 0.8	 0.0
1	2021	 22	 9015	 -1.4	  9.9	0.401	 2.1	 0.0
1	2021	 23	11984	 -1.8	  9.5	0.349	 1.1	 0.0
1	2021	 24	 5966	 -0.2	  9.1	0.505	 1.8	 1.7
1	2021	 25	 8807	  0.3	 11.5	0.648	 1.1	 1.0
1	2021	 26	10103	 -2.3	 10.9	0.431	 1.5	 0.0
1	2021	 27	 9019	  0.4	 12.4	0.409	 2.9	 0.0
1	2021	 28	13180	 -2.0	  9.1	0.134	 2.8	 0.0
1	2021	 29	12812	 -3.1	 14.4	0.227	 2.8	 0.0
1	2021	 30	12833	 -2.0	 14.8	0.219	 1.9	 0.0
1	2021	 31	11688	 -1.8	 16.1	0.248	 2.8	 0.0
1	2021	 32	12899	 -1.0	 15.7	0.241	 2.3	 0.0
1	2021	 33	13619	 -2.9	 12.0	0.209	 2.3	 0.0
1	2021	 34	13331	 -1.1	 16.5	0.213	 1.9	 0.0
1	2021	 35	12314	 -1.3	 13.4	0.232	 2.6	 0.0
1	2021	 36	13132	  1.5	 19.0	0.227	 3.1	 0.0
1	2021	 37	13489	  0.9	 20.7	0.237	 2.5	 0.0
1	2021	 38	12319	  2.4	 11.0	0.312	 4.5	 0.0
1	2021	 39	14009	 -1.1	 10.2	0.296	 2.2	 0.0
1	2021	 40	14215	 -1.1	 14.5	0.365	 2.2	 0.0
1	2021	 41	14469	  0.6	 17.0	0.439	 1.3	 0.0
1	2021	 42	14415	  1.8	 17.7	0.517	 2.4	 0.0
1	2021	 43	14517	  4.0	 18.6	0.681	 1.6	 0.0
1	2021	 44	 6633	  5.6	 15.8	0.992	 1.3	 5.7
1	2021	 45	14792	  3.8	 19.8	0.816	 2.2	 2.3
1	2021	 46	 9675	  2.3	 11.4	0.538	 2.8	 0.0
1	2021	 47	15516	 -0.7	 14.6	0.380	 2.2	 0.0
1	2021	 48	15717	 -2.4	 11.5	0.303	 1.3	 0.0
1	2021	 49	14293	 -1.8	 16.9	0.343	 2.6	 0.0
1	2021	 50	16322	  2.2	 22.6	0.252	 4.1	 0.0
1	2021	 51	16669	  3.8	 25.5	0.169	 3.5	 0.0
1	2021	 52	16580	  7.1	 27.8	0.202	 3.1	 0.0
1	2021	 53	15920	  8.0	 16.4	0.382	 4.7	 0.0
1	2021	 54	14502	  5.1	 13.4	0.382	 3.4	 0.0
1	2021	 55	 3301	  0.1	  8.7	0.486	 3.7	25.8
1	2021	 56	 8151	 -0.2	  5.9	0.604	 2.0	 0.9
1	2021	 57	15521	  0.9	 10.7	0.565	 2.9	 0.0
1	2021	 58	13427	  1.8	 11.8	0.656	 1.3	 0.0
1	2021	 59	 1592	  5.3	  8.9	0.920	 1.9	13.2
1	2021	 60	12549	  1.0	 11.6	0.657	 2.9	 1.4
1	2021	 61	18039	 -1.6	 14.7	0.657	 2.0	 0.0
1	2021	 62	17353	  3.4	 17.1	0.762	 2.4	 0.0
1	2021	 63	17890	  3.0	 21.1	0.882	 1.9	 0.0
1	2021	 64	15186	  5.2	 20.5	0.858	 3.2	 0.0
1	2021	 65	 7826	  0.0	  6.7	0.456	 4.7	 0.1
1	2021	 66	17262	 -1.4	 11.5	0.509	 1.1	 0.0
1	2021	 67	11422	  2.2	 13.1	0.719	 1.5	 0.1
1	2021	 68	18732	  1.8	 16.7	0.813	 1.9	 0.0
1	2021	 69	12270	  5.2	 13.9	0.892	 1.4	 0.0
1	2021	 70	11489	  7.3	 16.1	1.010	 1.1	 1.0
1	2021	 71	15573	  5.1	 17.4	1.027	 1.5	 0.0
1	2021	 72	11254	  7.3	 16.3	1.043	 1.3	 0.1
1	2021	 73	 6757	  8.1	 15.4	1.168	 1.2	 2.9
1	2021	 74	19100	  8.8	 22.4	1.189	 3.7	 1.6
1	2021	 75	19834	  6.4	 15.8	0.280	 3.3	 0.0
1	2021	 76	18469	  4.6	 16.8	0.465	 2.0	 0.0
1	2021	 77	 3347	  7.3	 12.7	0.716	 3.8	 1.1
1	2021	 78	 5568	  4.0	 11.1	0.745	 1.9	 3.6
1	2021	 79	17016	  3.2	 18.0	0.754	 1.0	 0.0
1	2021	 80	21708	  3.5	 15.2	0.313	 2.4	 0.0
1	2021	 81	22111	  0.1	 19.9	0.347	 2.6	 0.0
1	2021	 82	21280	  4.4	 23.8	0.497	 3.2	 0.0
1	2021	 83	20839	  5.9	 24.2	0.589	 3.4	 0.0
1	2021	 84	18655	  8.7	 22.4	0.837	 2.2	 0.0
1	2021	 85	 6099	 10.8	 18.4	1.301	 0.9	 7.9
1	2021	 86	19721	  8.0	 23.3	1.301	 2.0	 0.3
1	2021	 87	21835	  9.9	 28.1	0.914	 2.7	 0.0
1	2021	 88	 7362	  9.8	 18.4	0.596	 4.1	 0.5
1	2021	 89	21682	  7.6	 21.7	0.705	 2.1	 0.0
1	2021	 90	14547	 10.3	 21.0	0.812	 2.8	 0.0
1	2021	 91	 5485	 12.8	 18.0	0.868	 2.3	 0.0
1	2021	 92	 3925	  9.8	 15.6	0.910	 2.2	 2.9
1	2021	 93	 9524	  7.0	 14.7	1.054	 3.9	 0.8
1	2021	 94	22549	  3.8	 18.1	0.687	 1.6	 0.0
1	2021	 95	13417	  5.8	 16.5	0.590	 2.2	 0.0
1	2021	 96	22466	  4.0	 21.0	0.745	 1.7	 0.0
1	2021	 97	19800	  9.3	 21.8	0.898	 1.7	 0.0
1	2021	 98	22495	  7.8	 22.1	0.869	 2.1	 0.0
1	2021	 99	19033	  9.6	 21.3	0.809	 2.4	 0.0
1	2021	100	22364	  9.1	 21.8	0.706	 2.1	 0.0
1	2021	101	14338	  8.8	 20.3	0.907	 1.5	 0.0
1	2021	102	20490	  9.9	 26.1	1.088	 1.9	 0.2
1	2021	103	21785	 10.7	 20.3	0.662	 3.8	 0.3
1	2021	104	24746	  6.4	 21.7	0.632	 2.4	 0.0
1	2021	105	20742	 10.4	 27.9	0.655	 3.8	 0.0
1	2021	106	25545	  8.3	 27.4	0.311	 3.6	 0.0
1	2021	107	26072	  6.8	 23.4	0.278	 1.6	 0.0
1	2021	108	22115	  9.2	 25.0	0.534	 3.1	 0.0
1	2021	109	25088	 11.2	 27.5	0.903	 2.7	 0.0
1	2021	110	 3305	 13.1	 18.8	1.377	 2.0	 8.2
1	2021	111	 3769	 12.0	 15.7	1.313	 2.8	 4.4
1	2021	112	18486	  9.7	 22.8	1.349	 1.1	 0.6
1	2021	113	14807	 11.0	 22.3	1.335	 3.3	 0.0
1	2021	114	 8660	 12.3	 18.2	1.198	 6.6	 0.0
1	2021	115	 6826	 13.4	 17.8	1.162	 3.4	 0.0
1	2021	116	18566	 11.3	 23.6	1.338	 1.9	 0.2
1	2021	117	24854	 11.1	 28.5	0.614	 3.1	 0.0
1	2021	118	25928	 11.4	 26.0	0.476	 4.0	 0.0
1	2021	119	25465	 12.7	 30.4	0.613	 4.8	 0.0
1	2021	120	25769	 12.4	 32.1	0.694	 4.9	 0.0
1	2021	121	26333	 10.8	 30.1	0.821	 3.5	 0.0
1	2021	122	18993	 13.1	 22.2	0.602	 2.7	 0.3
1	2021	123	17678	 13.1	 23.5	1.217	 1.7	 4.1
1	2021	124	26060	 13.6	 27.8	0.723	 2.7	 0.0
1	2021	125	27869	  9.4	 29.0	0.524	 3.5	 0.0
1	2021	126	27187	 14.3	 34.2	0.703	 4.5	 0.0
1	2021	127	27919	 12.7	 30.1	0.464	 2.9	 0.0
1	2021	128	27439	 14.4	 36.8	0.776	 3.3	 0.0
1	2021	129	26681	 18.4	 31.7	1.258	 2.7	 0.0
1	2021	130	24760	 20.6	 29.5	1.232	 5.7	 0.0
1	2021	131	23818	 16.6	 29.1	1.094	 3.0	 0.0
1	2021	132	25025	 15.9	 30.7	1.382	 1.7	 0.0
1	2021	133	15926	 17.8	 28.7	1.986	 2.0	 1.5
1	2021	134	11808	 19.7	 27.2	2.199	 1.6	 1.4
1	2021	135	 8754	 15.2	 26.0	2.054	 4.7	 1.3
1	2021	136	 6437	 12.7	 20.3	1.262	 2.8	 1.4
1	2021	137	25416	 10.3	 27.4	1.123	 1.7	 0.0
1	2021	138	26951	 13.6	 30.5	1.304	 1.9	 0.0
1	2021	139	13700	 16.1	 27.5	1.718	 1.4	 0.0
1	2021	140	23174	 15.3	 30.1	1.733	 1.4	 1.9
1	2021	141	24164	 16.0	 32.2	1.818	 1.7	 0.0
1	2021	142	27303	 18.6	 33.6	1.595	 2.7	 0.1
1	2021	143	18872	 19.7	 28.0	1.280	 2.4	 0.3
1	2021	144	28186	 16.0	 32.8	0.804	 4.2	 0.1
1	2021	145	24320	 14.9	 31.0	0.828	 4.3	 0.0
1	2021	146	27126	 19.2	 36.9	1.125	 3.6	 0.0
1	2021	147	28911	 15.7	 36.6	0.817	 4.5	 0.0
1	2021	148	29472	 18.2	 34.1	0.598	 2.4	 0.0
1	2021	149	26956	 19.1	 39.3	0.945	 3.2	 0.6
1	2021	150	27451	 18.3	 33.9	1.300	 2.1	 0.0
1	2021	151	26324	 20.7	 35.7	1.518	 2.8	 0.1
1	2021	152	17452	 22.6	 30.4	1.942	 2.2	 0.0
1	2021	153	23935	 21.0	 36.0	2.043	 1.9	 5.9
1	2021	154	17521	 21.5	 29.9	1.043	 1.8	 0.1
1	2021	155	29113	 15.9	 35.4	0.840	 3.3	 0.0
1	2021	156	27278	 17.9	 36.5	0.986	 2.1	 0.3
1	2021	157	29044	 20.5	 39.0	1.092	 2.4	 0.0
1	2021	158	22479	 25.6	 38.4	2.180	 2.4	 4.6
1	2021	159	26263	 22.8	 35.0	1.872	 2.9	 0.0
1	2021	160	14923	 24.5	 32.5	2.132	 2.4	 0.3
1	2021	161	21671	 22.2	 32.4	2.278	 1.6	 2.5
1	2021	162	23620	 22.5	 34.0	2.164	 1.0	 0.4
1	2021	163	21981	 24.8	 36.1	2.340	 1.8	 0.6
1	2021	164	11960	 23.8	 31.1	2.918	 1.8	 2.8
1	2021	165	10209	 25.2	 30.8	3.168	 1.4	10.3
1	2021	166	19948	 23.6	 32.9	2.683	 3.3	 0.1
1	2021	167	17003	 22.2	 30.8	2.544	 1.8	 6.4
1	2021	168	14213	 22.9	 30.8	2.381	 1.3	 4.2
1	2021	169	25731	 21.9	 32.2	1.973	 2.3	 0.0
1	2021	170	25289	 20.1	 33.6	1.931	 1.7	 0.0
1	2021	171	28457	 21.1	 35.5	1.418	 2.7	 0.0
1	2021	172	25955	 22.5	 36.9	1.435	 1.8	 0.0
1	2021	173	26956	 23.4	 34.9	1.633	 1.9	 0.4
1	2021	174	23427	 23.5	 36.7	1.412	 2.3	 0.0
1	2021	175	19445	 22.7	 34.0	1.699	 2.1	 0.0
1	2021	176	16913	 25.4	 33.4	2.177	 1.4	 0.1
1	2021	177	24417	 23.2	 37.0	2.358	 1.9	 0.0
1	2021	178	26361	 22.9	 36.6	2.457	 1.6	 0.0
1	2021	179	24477	 25.4	 38.4	2.311	 1.4	 0.4
1	2021	180	19267	 25.9	 35.3	2.541	 1.2	 5.7
1	2021	181	24897	 25.2	 38.3	2.436	 1.0	 3.0
1	2021	182	11415	 24.5	 32.3	2.334	 1.5	 6.6
1	2021	183	15180	 23.7	 31.4	2.558	 1.9	14.6
1	2021	184	24692	 22.7	 32.7	2.613	 1.3	 3.2
1	2021	185	24804	 23.8	 34.8	2.559	 2.1	 0.0
1	2021	186	26691	 22.5	 33.5	2.420	 1.7	 0.0
1	2021	187	22172	 22.6	 33.2	2.613	 0.9	 0.0
1	2021	188	18265	 24.8	 33.3	2.784	 0.7	 1.5
1	2021	189	24660	 24.8	 35.6	2.621	 0.8	 0.9
1	2021	190	26185	 25.2	 38.8	2.565	 1.6	 0.2
1	2021	191	21879	 26.1	 37.3	3.018	 1.7	 0.2
1	2021	192	 6048	 25.3	 30.9	3.216	 3.0	74.6
1	2021	193	24253	 24.5	 34.3	3.003	 2.7	 0.1
1	2021	194	25744	 25.7	 36.0	3.147	 1.5	 0.2
1	2021	195	23739	 26.6	 35.5	3.240	 1.3	 1.7
1	2021	196	15078	 26.2	 32.6	3.130	 1.9	 7.8
1	2021	197	18885	 25.7	 32.3	3.090	 2.2	 3.5
1	2021	198	15281	 25.3	 30.3	2.941	 3.3	 3.7
1	2021	199	 9384	 24.1	 29.3	2.996	 3.3	26.2
1	2021	200	 8038	 23.8	 29.2	2.947	 4.0	16.0
1	2021	201	 3210	 23.3	 25.6	2.749	 4.9	70.7
1	2021	202	 4525	 22.2	 26.1	2.877	 1.3	101.7
1	2021	203	10152	 23.3	 28.1	2.877	 2.9	27.5
1	2021	204	13540	 22.4	 29.2	2.771	 1.9	 5.8
1	2021	205	21105	 23.1	 31.3	2.888	 1.0	 2.4
1	2021	206	25654	 22.4	 32.1	2.859	 1.3	 0.0
1	2021	207	25319	 23.2	 32.8	3.010	 1.3	 0.2
1	2021	208	22576	 24.3	 32.5	3.074	 1.7	 0.2
1	2021	209	12006	 25.5	 28.6	2.681	 4.5	 0.4
1	2021	210	18338	 23.3	 30.5	2.530	 2.3	 0.4
1	2021	211	22782	 22.1	 32.9	2.992	 1.2	 5.9
1	2021	212	25860	 24.3	 36.0	3.331	 2.2	 0.1
1	2021	213	21333	 26.6	 32.8	2.979	 3.5	 1.5
1	2021	214	24101	 23.9	 31.2	2.448	 2.4	 0.0
1	2021	215	24426	 23.0	 31.6	2.657	 1.4	 0.0
1	2021	216	20163	 24.0	 33.0	3.038	 0.8	 2.5
1	2021	217	15646	 24.1	 32.0	2.849	 1.0	 3.0
1	2021	218	23659	 22.3	 32.2	2.825	 1.2	 0.5
1	2021	219	21309	 24.5	 32.0	3.029	 0.7	 1.6
1	2021	220	20629	 23.8	 32.4	2.979	 1.0	 0.4
1	2021	221	21689	 24.2	 32.6	2.955	 1.2	 1.0
1	2021	222	16839	 24.2	 32.2	2.815	 1.8	 0.0
1	2021	223	23365	 22.7	 32.1	2.663	 1.8	 0.0
1	2021	224	14758	 24.7	 30.2	2.772	 2.4	 2.0
1	2021	225	10207	 22.7	 28.2	2.688	 1.1	 7.2
1	2021	226	21523	 19.8	 29.3	2.448	 1.7	 0.3
1	2021	227	22349	 20.9	 29.6	2.369	 1.4	 0.1
1	2021	228	21900	 21.6	 30.8	2.413	 1.3	 0.2
1	2021	229	21563	 21.9	 31.1	2.670	 1.6	 0.1
1	2021	230	17882	 23.6	 30.4	2.807	 1.6	 1.2
1	2021	231	14603	 23.7	 31.3	2.907	 1.6	 2.4
1	2021	232	22028	 23.8	 31.7	2.758	 2.1	 3.4
1	2021	233	17693	 22.2	 30.5	2.816	 1.4	 0.0
1	2021	234	 3298	 22.5	 26.5	2.661	 1.4	40.0
1	2021	235	22366	 20.6	 30.2	2.482	 1.4	 0.2
1	2021	236	24767	 18.7	 31.4	1.876	 2.8	 0.0
1	2021	237	23208	 18.0	 31.0	1.750	 2.8	 0.0
1	2021	238	14392	 18.1	 29.2	2.168	 1.8	 0.0
1	2021	239	22422	 18.3	 28.4	2.218	 2.1	 0.0
1	2021	240	11214	 17.6	 25.8	2.281	 1.0	 9.4
1	2021	241	 4052	 20.1	 22.6	2.384	 1.8	50.8
1	2021	242	 4389	 19.6	 23.2	2.363	 3.0	23.8
1	2021	243	 6829	 19.9	 24.5	2.313	 2.9	35.1
1	2021	244	 7493	 18.6	 24.2	2.230	 0.8	11.3
1	2021	245	20695	 17.2	 28.3	2.444	 1.1	 0.0
1	2021	246	14590	 19.5	 28.5	2.631	 1.4	 2.0
1	2021	247	 3965	 19.9	 24.0	2.184	 4.0	37.7
1	2021	248	15258	 17.5	 26.5	2.201	 2.6	 0.4
1	2021	249	10317	 20.4	 25.1	2.414	 0.7	 7.9
1	2021	250	18424	 18.4	 27.3	2.319	 2.0	 0.4
1	2021	251	22692	 16.6	 29.1	2.080	 2.3	 0.0
1	2021	252	22013	 18.6	 31.8	2.311	 2.4	 0.0
1	2021	253	21541	 19.7	 30.8	2.473	 1.2	 0.0
1	2021	254	21789	 21.7	 32.1	2.647	 1.2	 0.0
1	2021	255	21431	 20.6	 30.7	2.333	 1.5	 0.0
1	2021	256	19812	 20.8	 29.9	2.439	 2.1	 0.0
1	2021	257	18432	 21.4	 29.4	2.488	 2.5	 0.3
1	2021	258	17710	 20.9	 28.5	2.360	 1.7	 0.1
1	2021	259	 8646	 19.5	 26.5	2.213	 1.4	 1.4
1	2021	260	 3084	 20.0	 22.1	2.258	 1.8	10.4
1	2021	261	 2196	 17.5	 21.1	2.115	 4.2	30.6
1	2021	262	 1890	 16.1	 18.7	1.804	 3.3	76.5
1	2021	263	18565	 14.6	 28.1	1.879	 2.2	 0.1
1	2021	264	20698	 16.5	 31.0	1.761	 2.5	 0.0
1	2021	265	17041	 17.6	 29.1	1.916	 1.9	 0.0
1	2021	266	12949	 21.6	 27.4	2.285	 3.4	 2.8
1	2021	267	 4877	 20.6	 23.2	2.392	 4.2	37.2
1	2021	268	 6714	 18.5	 21.7	2.043	 5.8	24.9
1	2021	269	 4849	 18.3	 23.4	2.150	 2.1	26.1
1	2021	270	 9046	 17.7	 23.9	2.233	 0.9	 3.7
1	2021	271	 2333	 14.4	 20.8	1.932	 1.4	32.8
1	2021	272	19011	 13.2	 28.3	2.013	 1.6	 0.0
1	2021	273	18544	 17.4	 28.2	2.160	 2.5	 0.0
1	2021	274	17423	 17.5	 27.2	2.206	 1.4	 0.0
1	2021	275	15194	 17.0	 27.7	2.337	 1.1	 0.2
1	2021	276	 8240	 21.5	 27.8	2.602	 1.4	 8.3
1	2021	277	 5353	 13.1	 22.4	1.593	 7.0	15.0
1	2021	278	 2822	 11.3	 14.3	1.273	 6.0	 5.9
1	2021	279	 2650	 11.2	 14.5	1.305	 3.1	 9.4
1	2021	280	11120	 10.8	 18.1	1.373	 1.3	 0.4
1	2021	281	 6201	 12.0	 17.6	1.411	 1.3	 0.9
1	2021	282	 9156	 14.4	 21.1	1.770	 0.6	 0.7
1	2021	283	12040	 13.0	 19.7	1.218	 1.7	 0.0
1	2021	284	12699	 10.9	 18.6	1.014	 1.3	 0.1
1	2021	285	13312	 12.1	 18.5	0.949	 1.6	 0.0
1	2021	286	15304	 11.6	 21.9	1.253	 1.0	 0.0
1	2021	287	 5971	 14.8	 19.9	1.682	 0.7	 4.2
1	2021	288	 5732	 14.8	 20.6	1.399	 1.3	 0.0
1	2021	289	14318	  6.1	 16.5	0.616	 4.3	 0.0
1	2021	290	16060	  5.0	 14.6	0.675	 2.2	 0.0
1	2021	291	15220	  5.9	 20.4	1.029	 1.7	 0.0
1	2021	292	 5518	  9.3	 14.7	0.968	 3.9	 0.0
1	2021	293	 7421	  8.6	 14.8	1.130	 2.3	 0.9
1	2021	294	14272	  6.0	 18.1	0.984	 1.5	 0.1
1	2021	295	14154	  5.5	 17.5	0.817	 1.4	 0.0
1	2021	296	13181	  6.7	 17.2	0.859	 1.2	 0.0
1	2021	297	14652	  6.8	 18.8	0.994	 1.7	 0.1
1	2021	298	13988	  7.4	 20.4	1.151	 1.9	 0.0
1	2021	299	 7963	 10.5	 21.1	1.199	 1.6	 0.0
1	2021	300	11384	  8.9	 19.5	0.831	 1.5	 0.0
1	2021	301	12745	  8.8	 20.8	1.039	 1.7	 0.0
1	2021	302	11937	  9.8	 21.5	1.212	 1.7	 0.0
1	2021	303	13039	  8.2	 22.7	1.136	 1.4	 0.0
1	2021	304	11015	 10.4	 20.6	1.088	 2.1	 0.1
1	2021	305	10650	  9.2	 16.0	1.016	 2.0	 0.0
1	2021	306	 6959	  9.4	 18.6	1.218	 1.8	 0.9
1	2021	307	 9992	  8.3	 19.8	1.044	 2.0	 0.0
1	2021	308	11829	  8.9	 19.8	1.177	 1.1	 0.0
1	2021	309	 7230	 12.6	 18.6	1.408	 1.8	 0.0
1	2021	310	 6596	 11.8	 18.1	1.383	 2.1	 1.3
1	2021	311	 9343	  0.2	 12.4	0.500	 3.6	13.3
1	2021	312	13123	 -1.6	 11.9	0.379	 2.7	 0.0
1	2021	313	12724	  0.1	 14.0	0.430	 3.9	 0.0
1	2021	314	12372	  2.4	 15.9	0.556	 1.7	 0.0
1	2021	315	12101	  2.6	 15.7	0.632	 1.8	 0.0
1	2021	316	12166	  2.3	 15.7	0.574	 1.7	 0.0
1	2021	317	12193	  2.5	 18.4	0.448	 2.7	 0.0
1	2021	318	12057	  2.1	 18.2	0.560	 1.7	 0.0
1	2021	319	11413	  7.3	 16.5	0.714	 1.8	 0.0
1	2021	320	11193	  4.2	 15.4	0.807	 1.5	 0.0
1	2021	321	10854	  5.9	 19.2	0.819	 2.5	 0.0
1	2021	322	11322	  5.0	 18.9	0.785	 1.6	 0.0
1	2021	323	 8199	  7.1	 14.8	0.848	 3.1	 0.0
1	2021	324	 2672	  8.6	 12.0	1.005	 1.1	 2.5
1	2021	325	 8433	  0.0	 12.8	0.512	 3.2	 0.0
1	2021	326	11365	 -4.1	  8.5	0.259	 1.6	 0.0
1	2021	327	11121	 -3.4	 13.3	0.320	 2.3	 0.0
1	2021	328	11009	  0.6	 16.8	0.360	 2.9	 0.0
1	2021	329	10797	  0.1	 16.3	0.450	 1.3	 0.0
1	2021	330	10400	  2.4	 14.9	0.528	 1.9	 0.0
1	2021	331	 8714	  2.6	 12.8	0.591	 0.8	 0.0
1	2021	332	 9177	  4.5	 13.3	0.802	 1.0	 0.1
1	2021	333	 3651	  2.3	 13.0	0.722	 2.2	 1.7
1	2021	334	10540	 -0.8	 10.2	0.327	 2.1	 0.0
1	2021	335	10343	 -2.2	  9.8	0.336	 1.2	 0.0
1	2021	336	10312	 -1.9	 13.5	0.302	 3.3	 0.0
1	2021	337	10111	 -0.7	 13.7	0.365	 1.5	 0.0
1	2021	338	10041	  0.1	 14.4	0.386	 1.1	 0.0
1	2021	339	10078	  0.4	 15.2	0.389	 1.9	 0.0
1	2021	340	 9957	  1.3	 13.4	0.348	 3.5	 0.0
1	2021	341	 8370	  1.7	 10.4	0.352	 2.2	 0.0
1	2021	342	 3943	  0.2	  8.9	0.532	 1.3	 0.2
1	2021	343	 9498	 -0.5	 14.7	0.628	 1.6	 0.0
1	2021	344	 3257	  1.2	 10.9	0.761	 1.4	 3.2
1	2021	345	 6734	  4.0	 12.8	0.914	 1.3	 2.5
1	2021	346	 8368	 -1.3	  8.0	0.506	 2.0	 0.0
1	2021	347	 9410	 -2.1	  8.9	0.491	 2.3	 0.0
1	2021	348	 9580	 -0.5	 14.2	0.539	 2.4	 0.0
1	2021	349	 9083	 -0.3	 12.7	0.523	 1.3	 0.0
1	2021	350	 6092	  0.2	 12.2	0.422	 1.9	 0.0
1	2021	351	 8933	 -3.9	  4.5	0.207	 2.3	 0.0
1	2021	352	 7202	 -4.5	 10.3	0.268	 3.1	 0.0
1	2021	353	 9532	 -1.6	 14.1	0.322	 2.8	 0.0
1	2021	354	 9558	  0.1	 16.0	0.333	 2.6	 0.0
1	2021	355	 9638	 -1.2	 14.3	0.349	 1.2	 0.0
1	2021	356	 9501	 -0.7	 11.2	0.502	 1.8	 0.0
1	2021	357	 8632	 -1.8	  8.8	0.564	 2.8	 0.0
1	2021	358	 6523	 -5.7	  3.0	0.395	 5.5	 1.3
1	2021	359	 7914	 -7.4	 -1.9	0.214	 2.4	 0.2
1	2021	360	10000	 -8.9	  2.1	0.223	 1.2	 0.0
1	2021	361	 9943	 -7.9	  6.2	0.207	 2.2	 0.0
1	2021	362	 9904	 -5.8	  9.6	0.247	 2.7	 0.0
1	2021	363	10094	 -3.0	  8.8	0.241	 1.9	 0.0
1	2021	364	 9902	 -4.1	 10.5	0.278	 1.4	 0.0
1	2021	365	 6238	 -3.0	  7.5	0.293	 1.8	 0.0
