*------------------------------------------------------------*
*   Country: China
*   Station: 113.7_35.4
*      Year: 2020
*    Origin: AgERA5 dataset
*    Author: Huang Hai, CAU
* Longitude: 113.70 E
*  Latitude: 35.40 N
* Elevation: 85.00 m
*   Columns: 
*   ======== 
*  station number
*  year
*  day
*  irradiation (kJ路m-2路d-1)
*  minimum temperature (degrees Celsius)
*  maximum temperature (degrees Celsius)
*  vapour pressure (kPa)
*  mean wind speed (m路s-1)
*  precipitation (mm路d-1)
** WCCDESCRIPTION=113.7_35.4, China
** WCCFORMAT=2
** WCCYEARNR=2020
*------------------------------------------------------------*
113.70  35.40  85.00  -0.18  -0.55
1	2020	  1	 9349	 -4.1	  5.7	0.274	 1.1	 0.0
1	2020	  2	 8807	 -1.8	  7.5	0.369	 0.6	 0.0
1	2020	  3	 8121	 -1.2	  9.7	0.495	 0.8	 0.0
1	2020	  4	 7356	  0.2	 10.7	0.563	 1.5	 0.0
1	2020	  5	 1150	  0.9	  5.5	0.651	 3.8	14.0
1	2020	  6	 3296	 -3.0	  5.4	0.609	 0.9	 2.1
1	2020	  7	 3585	 -5.1	  4.1	0.602	 1.7	 6.8
1	2020	  8	 6038	 -6.1	  5.0	0.587	 0.8	 0.1
1	2020	  9	 7926	 -4.0	  6.4	0.562	 0.9	 0.3
1	2020	 10	 7445	 -0.2	  7.6	0.648	 0.5	 0.0
1	2020	 11	 3819	 -1.8	  4.8	0.610	 1.1	 1.9
1	2020	 12	 7103	 -4.1	  6.1	0.542	 0.9	 0.1
1	2020	 13	 7885	 -4.0	  6.0	0.504	 0.8	 1.1
1	2020	 14	 8391	 -5.2	  3.8	0.428	 1.0	 0.1
1	2020	 15	 5152	 -3.7	  2.8	0.454	 0.7	 0.4
1	2020	 16	 5996	 -3.7	  3.6	0.543	 0.9	 0.4
1	2020	 17	10762	 -4.0	  9.1	0.541	 1.2	 0.0
1	2020	 18	 9343	 -3.9	  9.7	0.450	 2.0	 0.0
1	2020	 19	11895	 -5.2	  9.7	0.351	 2.1	 0.0
1	2020	 20	11291	 -5.1	  8.0	0.330	 1.9	 0.0
1	2020	 21	 8083	 -6.6	  7.3	0.417	 1.1	 0.0
1	2020	 22	 8978	 -5.0	  8.6	0.538	 0.9	 0.0
1	2020	 23	 9255	 -3.0	  9.3	0.596	 1.3	 0.0
1	2020	 24	 9487	  0.8	  7.8	0.534	 2.9	 0.0
1	2020	 25	 9795	 -0.5	  8.3	0.557	 0.9	 0.0
1	2020	 26	 5018	  0.0	  5.1	0.528	 2.0	 1.6
1	2020	 27	 9307	 -3.1	  6.8	0.505	 1.2	 0.0
1	2020	 28	11208	 -3.6	  9.0	0.532	 0.9	 0.9
1	2020	 29	11180	 -3.1	  8.7	0.559	 1.3	 1.1
1	2020	 30	12470	 -2.7	 10.2	0.485	 1.4	 0.0
1	2020	 31	12981	 -2.5	 14.0	0.463	 1.5	 0.0
1	2020	 32	 8935	 -0.2	  9.8	0.490	 3.0	 0.0
1	2020	 33	12420	 -0.8	 13.2	0.531	 1.5	 0.0
1	2020	 34	13216	 -1.8	  8.6	0.450	 2.5	 0.0
1	2020	 35	13168	 -1.9	  9.9	0.435	 3.3	 0.0
1	2020	 36	 3808	 -2.4	  2.4	0.386	 3.8	 1.7
1	2020	 37	 6556	 -2.7	  3.3	0.464	 2.2	 3.6
1	2020	 38	13603	 -3.3	 10.2	0.565	 2.1	 0.0
1	2020	 39	13054	 -2.2	 11.7	0.601	 1.4	 0.0
1	2020	 40	14501	 -2.5	 16.9	0.471	 2.6	 0.0
1	2020	 41	14670	 -2.1	 17.1	0.435	 1.4	 0.0
1	2020	 42	13992	  2.2	 15.2	0.572	 1.0	 0.0
1	2020	 43	14470	  0.9	 17.9	0.725	 1.8	 0.0
1	2020	 44	14012	  4.1	 17.1	0.892	 1.4	 0.0
1	2020	 45	 5238	  3.0	 13.7	0.764	 2.2	 0.9
1	2020	 46	11080	 -1.7	  7.6	0.332	 2.4	 1.0
1	2020	 47	15766	 -4.9	  9.7	0.227	 1.4	 0.0
1	2020	 48	15957	 -4.0	 12.5	0.283	 1.3	 0.0
1	2020	 49	15644	 -2.3	 14.6	0.314	 2.7	 0.0
1	2020	 50	13594	  1.4	 14.3	0.429	 1.4	 0.0
1	2020	 51	11989	  1.0	 13.3	0.603	 2.1	 0.0
1	2020	 52	16235	  1.4	 16.2	0.447	 3.1	 0.0
1	2020	 53	16449	 -2.0	 14.5	0.349	 2.2	 0.0
1	2020	 54	16162	  2.9	 18.0	0.618	 2.1	 0.0
1	2020	 55	 8366	  6.2	 15.7	0.842	 1.9	 2.6
1	2020	 56	12894	  4.8	 15.0	0.869	 1.7	 0.0
1	2020	 57	 5541	  3.3	  9.8	0.784	 3.1	 0.1
1	2020	 58	 4411	  1.3	  7.5	0.643	 1.9	 8.9
1	2020	 59	15178	  0.0	 13.6	0.749	 1.1	 3.4
1	2020	 60	17227	  1.4	 16.0	0.850	 1.5	 0.0
1	2020	 61	12794	  4.7	 14.8	0.760	 1.4	 0.2
1	2020	 62	 9162	  3.8	 11.5	0.665	 3.0	 0.9
1	2020	 63	17162	  2.2	 14.5	0.550	 1.5	 0.0
1	2020	 64	18197	 -0.1	 10.1	0.317	 2.9	 0.0
1	2020	 65	17919	  0.0	 13.3	0.500	 1.9	 0.0
1	2020	 66	16193	  3.5	 17.8	0.773	 2.4	 0.0
1	2020	 67	19227	  1.3	 17.4	0.538	 1.7	 0.0
1	2020	 68	11220	  5.9	 17.0	0.876	 1.4	 0.2
1	2020	 69	 8368	  7.1	 15.2	0.934	 2.3	 0.7
1	2020	 70	19972	  0.2	 16.6	0.348	 2.2	 0.0
1	2020	 71	19791	  0.7	 19.6	0.502	 2.9	 0.0
1	2020	 72	15875	  5.8	 21.3	0.715	 3.6	 2.2
1	2020	 73	17871	  5.3	 14.9	0.400	 3.2	 0.2
1	2020	 74	20750	 -0.3	 18.8	0.311	 3.0	 0.0
1	2020	 75	19984	  2.6	 20.7	0.344	 1.8	 0.0
1	2020	 76	16778	  8.7	 21.1	0.501	 2.7	 0.0
1	2020	 77	20892	  7.2	 23.9	0.459	 2.5	 0.0
1	2020	 78	21358	  6.6	 27.3	0.352	 4.1	 0.0
1	2020	 79	21602	  6.1	 21.7	0.344	 3.0	 0.0
1	2020	 80	20725	  7.4	 27.9	0.576	 3.4	 0.0
1	2020	 81	16414	 11.2	 27.3	0.667	 3.1	 0.0
1	2020	 82	20706	 12.1	 21.7	0.558	 3.4	 0.0
1	2020	 83	20973	  9.3	 24.0	0.637	 2.0	 0.0
1	2020	 84	20075	 11.2	 23.1	0.899	 1.2	 0.0
1	2020	 85	 9666	 12.6	 20.7	1.417	 1.4	 3.3
1	2020	 86	 8159	  5.7	 19.5	1.097	 5.4	 1.7
1	2020	 87	18959	  4.5	 14.7	0.468	 2.1	 0.0
1	2020	 88	21100	  2.4	 15.1	0.422	 2.0	 0.0
1	2020	 89	15187	  5.4	 13.3	0.669	 2.7	 0.0
1	2020	 90	22284	  3.1	 17.4	0.806	 2.0	 0.1
1	2020	 91	17011	  7.2	 18.7	0.981	 1.9	 0.1
1	2020	 92	 8796	  6.4	 14.0	0.915	 3.0	 4.8
1	2020	 93	11143	  6.3	 14.3	0.984	 0.9	 2.2
1	2020	 94	20805	  4.0	 20.6	0.772	 1.9	 0.0
1	2020	 95	23498	  5.4	 21.2	0.697	 3.4	 0.0
1	2020	 96	22225	  7.3	 20.4	0.785	 2.6	 0.0
1	2020	 97	22356	  9.2	 23.2	0.828	 2.4	 0.0
1	2020	 98	21149	  8.4	 25.2	0.907	 1.9	 0.9
1	2020	 99	21715	 11.2	 21.8	0.942	 2.9	 1.2
1	2020	100	19238	  7.4	 16.9	0.775	 6.0	 2.2
1	2020	101	 4925	  5.3	  9.5	0.766	 4.2	10.1
1	2020	102	22795	  2.4	 17.7	0.715	 2.1	 0.3
1	2020	103	25284	  4.1	 23.2	0.540	 2.8	 0.0
1	2020	104	24504	  5.7	 25.5	0.626	 2.4	 0.0
1	2020	105	20685	 11.0	 23.4	0.814	 1.4	 0.0
1	2020	106	22889	  9.2	 26.9	1.080	 2.1	 0.0
1	2020	107	24238	 13.2	 27.0	0.790	 2.4	 0.0
1	2020	108	25488	  8.8	 25.3	0.656	 2.3	 0.0
1	2020	109	 8431	 10.8	 18.1	0.954	 1.4	 6.6
1	2020	110	23321	  8.3	 24.1	1.123	 2.2	 0.0
1	2020	111	22253	 12.0	 22.2	0.709	 1.8	 0.0
1	2020	112	23437	 10.9	 22.1	0.631	 2.8	 0.0
1	2020	113	25996	  8.7	 19.4	0.447	 2.8	 0.0
1	2020	114	26369	  6.1	 22.0	0.483	 2.0	 0.0
1	2020	115	27127	  4.9	 26.2	0.403	 3.6	 0.0
1	2020	116	26467	 11.9	 25.3	0.549	 3.7	 0.0
1	2020	117	25626	 10.6	 27.2	0.766	 2.7	 0.0
1	2020	118	23606	 11.6	 23.4	0.871	 2.6	 1.9
1	2020	119	26554	 10.7	 27.6	0.829	 3.3	 0.0
1	2020	120	25580	 14.0	 32.6	1.038	 2.6	 0.0
1	2020	121	24205	 15.8	 35.5	1.185	 2.0	 0.1
1	2020	122	25943	 17.1	 34.5	1.558	 2.2	 0.2
1	2020	123	25629	 17.7	 35.2	1.859	 1.3	 0.0
1	2020	124	26857	 18.6	 39.3	1.204	 2.4	 0.0
1	2020	125	15243	 14.1	 27.8	1.455	 7.0	10.1
1	2020	126	25683	 14.0	 25.6	1.493	 1.6	 5.0
1	2020	127	19262	 13.2	 25.1	1.561	 2.2	 0.1
1	2020	128	 5494	 16.7	 20.8	1.756	 2.6	 8.4
1	2020	129	10009	 14.8	 23.3	1.738	 2.8	11.9
1	2020	130	 5478	 12.6	 18.8	1.574	 1.1	 5.0
1	2020	131	27065	 10.4	 28.9	1.315	 2.8	 0.0
1	2020	132	24546	 15.3	 26.5	0.760	 4.0	 0.1
1	2020	133	27528	 14.0	 27.9	1.052	 2.3	 0.0
1	2020	134	21276	 15.1	 29.6	1.227	 2.5	 0.0
1	2020	135	24835	 18.5	 28.7	1.408	 1.4	 0.0
1	2020	136	26864	 15.8	 31.0	1.581	 1.5	 0.0
1	2020	137	25259	 19.6	 34.6	1.637	 3.1	 0.2
1	2020	138	27199	 18.1	 32.9	1.340	 3.9	 0.1
1	2020	139	28005	 13.4	 29.8	0.923	 2.4	 0.0
1	2020	140	27571	 13.8	 30.8	1.013	 1.6	 0.0
1	2020	141	24157	 18.5	 31.9	1.188	 2.9	 0.2
1	2020	142	26971	 19.2	 34.2	1.318	 2.8	 0.0
1	2020	143	28263	 18.1	 34.2	1.198	 2.1	 0.0
1	2020	144	24938	 20.2	 33.0	1.322	 2.5	 0.1
1	2020	145	15572	 18.7	 30.2	1.288	 1.4	 0.0
1	2020	146	24821	 19.7	 32.2	1.162	 2.5	 0.0
1	2020	147	25306	 17.4	 30.5	1.323	 1.8	 0.2
1	2020	148	25025	 16.3	 34.0	0.937	 2.1	 0.0
1	2020	149	28115	 16.6	 34.9	0.970	 2.7	 0.0
1	2020	150	24883	 22.1	 32.3	1.463	 2.9	 0.8
1	2020	151	21241	 19.4	 29.8	1.700	 1.6	 0.7
1	2020	152	26492	 18.2	 35.3	1.516	 1.8	 0.0
1	2020	153	23791	 21.1	 34.8	1.476	 3.3	 0.0
1	2020	154	19807	 19.8	 34.3	1.107	 1.8	 0.0
1	2020	155	28908	 19.2	 39.4	0.905	 2.6	 0.0
1	2020	156	26472	 23.4	 39.4	0.996	 2.5	 0.0
1	2020	157	24440	 24.0	 35.5	1.511	 2.8	 0.0
1	2020	158	27983	 22.5	 36.5	1.537	 2.9	 0.0
1	2020	159	27855	 23.9	 37.0	1.299	 3.3	 0.0
1	2020	160	23709	 23.6	 35.1	1.436	 2.3	 0.0
1	2020	161	16717	 24.0	 32.4	2.009	 0.9	 1.4
1	2020	162	24721	 21.3	 34.4	1.982	 1.6	 0.1
1	2020	163	14738	 23.0	 32.7	2.322	 0.9	 9.9
1	2020	164	16497	 23.0	 28.9	2.399	 2.5	 5.1
1	2020	165	23592	 20.3	 33.1	2.530	 1.6	 0.3
1	2020	166	27296	 23.3	 33.1	1.452	 3.4	 0.0
1	2020	167	 9584	 22.0	 31.6	1.754	 1.0	 2.9
1	2020	168	 5918	 20.4	 24.8	2.138	 2.0	31.4
1	2020	169	 4585	 18.5	 22.3	2.110	 1.7	26.6
1	2020	170	22708	 17.4	 28.4	2.204	 1.4	 0.3
1	2020	171	22800	 19.3	 29.4	2.182	 1.3	 0.0
1	2020	172	19970	 20.8	 29.7	2.333	 1.3	 0.0
1	2020	173	22924	 19.6	 29.5	2.310	 1.3	 0.0
1	2020	174	12040	 21.3	 27.3	2.432	 1.0	 3.7
1	2020	175	13285	 20.9	 29.4	2.491	 1.2	 0.2
1	2020	176	24892	 21.9	 32.4	2.535	 1.6	 1.0
1	2020	177	25882	 20.9	 33.3	2.585	 2.0	 0.1
1	2020	178	15939	 24.8	 32.0	2.529	 1.7	 0.1
1	2020	179	21678	 23.3	 33.7	2.305	 1.8	 0.1
1	2020	180	14699	 23.6	 30.2	2.544	 2.1	 2.5
1	2020	181	19645	 22.4	 32.2	2.596	 1.9	 0.3
1	2020	182	20487	 22.2	 30.7	2.458	 2.8	 4.0
1	2020	183	20286	 21.8	 31.7	2.345	 1.3	 0.7
1	2020	184	17798	 22.7	 31.6	2.534	 1.1	13.0
1	2020	185	17136	 21.9	 28.9	2.515	 1.7	 4.6
1	2020	186	16528	 22.7	 30.0	2.799	 1.4	20.0
1	2020	187	24661	 22.4	 33.4	2.560	 1.3	 4.0
1	2020	188	25960	 21.8	 35.2	2.358	 1.2	 0.1
1	2020	189	23874	 25.9	 34.5	2.604	 3.1	 0.9
1	2020	190	20623	 25.6	 33.4	2.683	 1.6	 3.8
1	2020	191	20861	 25.2	 33.3	2.506	 1.4	 0.7
1	2020	192	12331	 22.7	 30.1	2.555	 1.4	 0.4
1	2020	193	 8661	 23.1	 28.5	2.595	 3.8	 4.7
1	2020	194	 9730	 21.4	 27.0	2.278	 3.3	 4.7
1	2020	195	22897	 18.9	 29.7	2.215	 1.2	 0.0
1	2020	196	12158	 21.6	 29.0	2.463	 1.5	 0.2
1	2020	197	23657	 19.9	 31.2	2.411	 1.7	 0.0
1	2020	198	24148	 22.8	 31.6	2.492	 2.0	 0.0
1	2020	199	14537	 22.6	 28.8	2.369	 1.2	 1.1
1	2020	200	18473	 20.2	 30.1	2.383	 1.3	 0.3
1	2020	201	16097	 22.7	 30.3	2.429	 0.8	 2.6
1	2020	202	24870	 21.0	 34.3	2.340	 1.9	 0.0
1	2020	203	20232	 23.5	 32.0	2.623	 1.8	 1.6
1	2020	204	16184	 22.0	 29.0	2.397	 3.4	 2.2
1	2020	205	24305	 20.7	 32.2	2.224	 2.4	 0.0
1	2020	206	20984	 22.6	 31.8	2.331	 1.6	 0.4
1	2020	207	15220	 21.2	 32.1	2.306	 0.9	 1.1
1	2020	208	13645	 22.6	 29.3	2.449	 1.5	 4.8
1	2020	209	12168	 21.5	 28.9	2.573	 1.3	 0.8
1	2020	210	19921	 22.0	 32.2	2.683	 1.5	 0.0
1	2020	211	17901	 24.1	 32.4	2.902	 1.4	 0.2
1	2020	212	21295	 24.0	 33.1	2.865	 1.2	 1.7
1	2020	213	18311	 24.5	 33.0	3.010	 1.3	 0.9
1	2020	214	15978	 25.0	 34.2	3.208	 1.3	 1.1
1	2020	215	19792	 25.9	 34.0	3.302	 2.2	18.1
1	2020	216	14406	 26.5	 35.3	3.378	 0.9	 0.1
1	2020	217	16038	 25.6	 33.0	3.273	 1.3	11.6
1	2020	218	 5651	 24.9	 28.2	3.163	 2.3	14.7
1	2020	219	 3396	 23.6	 25.8	2.813	 2.7	28.6
1	2020	220	 7206	 23.7	 28.8	2.977	 1.6	 8.1
1	2020	221	19135	 23.3	 31.6	3.035	 0.9	 0.9
1	2020	222	23249	 24.4	 33.4	3.287	 1.1	 0.7
1	2020	223	21954	 24.1	 33.8	3.297	 1.4	 0.4
1	2020	224	18466	 25.3	 32.7	3.400	 1.6	 0.4
1	2020	225	11877	 25.3	 31.3	3.445	 1.4	13.2
1	2020	226	16445	 25.7	 32.3	3.274	 2.2	 3.9
1	2020	227	19208	 23.7	 32.9	3.121	 1.1	 0.4
1	2020	228	 7544	 23.5	 28.2	2.763	 2.7	15.9
1	2020	229	11542	 23.0	 28.7	2.776	 2.4	 2.7
1	2020	230	19552	 24.0	 32.2	3.193	 1.3	 2.5
1	2020	231	21159	 24.2	 32.2	3.064	 2.4	 2.3
1	2020	232	 9178	 22.7	 26.9	2.516	 2.1	 4.0
1	2020	233	 6612	 20.5	 24.3	2.316	 3.2	13.2
1	2020	234	17544	 19.4	 26.8	2.090	 3.5	 0.0
1	2020	235	13472	 21.8	 27.4	2.282	 0.9	 0.2
1	2020	236	13501	 22.6	 29.5	2.904	 1.8	 2.0
1	2020	237	11978	 23.7	 29.6	2.983	 1.2	 6.5
1	2020	238	18502	 21.0	 32.6	2.549	 1.0	 0.0
1	2020	239	23385	 19.6	 32.3	2.267	 1.6	 0.2
1	2020	240	20430	 20.8	 30.7	2.425	 1.8	 2.4
1	2020	241	22235	 21.1	 31.4	2.519	 1.3	 0.0
1	2020	242	23256	 21.4	 32.2	2.409	 1.3	 0.0
1	2020	243	22785	 20.9	 32.7	2.331	 1.0	 0.0
1	2020	244	20081	 22.4	 33.4	2.297	 1.6	 0.3
1	2020	245	22621	 21.5	 33.4	1.757	 1.4	 0.0
1	2020	246	20313	 21.2	 31.1	1.565	 1.9	 0.3
1	2020	247	22410	 18.0	 32.3	1.237	 2.4	 0.0
1	2020	248	22235	 17.2	 33.7	1.315	 2.0	 0.0
1	2020	249	20741	 19.9	 34.7	1.231	 2.6	 0.0
1	2020	250	21727	 21.4	 34.3	1.400	 1.8	 0.0
1	2020	251	20698	 19.7	 34.3	1.465	 1.2	 0.3
1	2020	252	19226	 20.5	 32.3	1.633	 1.6	 0.0
1	2020	253	16627	 21.7	 31.9	2.202	 1.1	 4.2
1	2020	254	18021	 21.5	 30.5	2.009	 1.3	 4.6
1	2020	255	18004	 19.2	 28.1	1.666	 2.3	 0.2
1	2020	256	17332	 18.5	 29.0	1.765	 2.4	 0.2
1	2020	257	16594	 19.6	 28.3	1.889	 1.9	 0.1
1	2020	258	16545	 19.6	 29.2	2.059	 1.3	 0.2
1	2020	259	17523	 19.9	 30.8	2.031	 2.3	 0.6
1	2020	260	19257	 15.6	 32.0	1.079	 1.5	 0.0
1	2020	261	19350	 18.8	 29.4	1.017	 1.1	 0.0
1	2020	262	21019	 14.8	 31.9	0.913	 2.2	 0.0
1	2020	263	21217	 17.4	 31.4	0.999	 2.3	 0.0
1	2020	264	20103	 17.6	 30.1	1.277	 2.3	 0.1
1	2020	265	 4809	 19.4	 24.7	1.425	 1.0	 0.1
1	2020	266	13304	 16.8	 27.3	1.489	 1.4	 0.0
1	2020	267	11753	 18.6	 26.4	1.614	 1.6	 0.1
1	2020	268	14657	 16.2	 26.0	1.801	 1.4	 0.9
1	2020	269	11629	 17.7	 25.5	1.798	 1.6	 0.3
1	2020	270	13694	 16.9	 26.1	1.596	 2.5	 0.0
1	2020	271	10167	 18.2	 24.6	1.815	 1.6	 0.7
1	2020	272	12569	 16.6	 25.3	1.568	 1.2	 0.0
1	2020	273	10240	 16.9	 26.5	1.677	 1.7	 0.2
1	2020	274	 8445	 16.3	 22.5	1.651	 1.4	 0.0
1	2020	275	12222	 16.5	 27.1	1.796	 2.3	 0.2
1	2020	276	 3627	 16.9	 21.7	1.253	 1.7	 0.8
1	2020	277	 4209	 14.9	 20.0	1.354	 1.9	 0.0
1	2020	278	13978	 10.6	 21.3	0.684	 1.9	 0.0
1	2020	279	 8882	  9.7	 17.8	0.751	 1.9	 0.0
1	2020	280	 6763	  8.7	 18.4	1.002	 1.5	 0.0
1	2020	281	14693	 11.1	 21.4	1.008	 1.7	 0.0
1	2020	282	12011	 10.9	 21.2	1.060	 1.0	 0.0
1	2020	283	12327	 12.6	 23.5	1.243	 1.4	 0.0
1	2020	284	 2258	 14.2	 18.9	1.501	 0.6	 2.2
1	2020	285	 7429	 13.7	 22.2	1.521	 1.4	 0.1
1	2020	286	 7173	 13.9	 19.6	0.926	 2.8	 0.4
1	2020	287	 4422	 13.6	 19.0	1.421	 1.0	 5.5
1	2020	288	 2853	 11.5	 15.1	1.320	 1.7	12.6
1	2020	289	 7086	 10.8	 17.8	1.336	 1.7	 0.0
1	2020	290	12666	 10.0	 20.0	1.119	 1.9	 0.4
1	2020	291	16008	  7.1	 21.0	0.918	 2.4	 0.0
1	2020	292	14904	  8.6	 21.5	0.826	 1.2	 0.0
1	2020	293	15917	  9.5	 21.6	0.954	 1.0	 0.0
1	2020	294	10584	  9.8	 21.0	1.075	 2.1	 0.0
1	2020	295	15849	 10.1	 22.7	0.745	 1.9	 0.0
1	2020	296	15416	  7.3	 21.7	0.601	 1.7	 0.0
1	2020	297	15397	  7.0	 17.8	0.509	 1.3	 0.0
1	2020	298	14452	  5.7	 19.0	0.618	 2.1	 0.0
1	2020	299	14105	  9.8	 22.8	0.814	 1.6	 0.0
1	2020	300	13947	 12.0	 24.8	1.047	 1.0	 0.0
1	2020	301	 5283	 12.0	 17.6	0.960	 3.4	 1.0
1	2020	302	 5878	 10.3	 17.5	1.009	 0.7	 0.1
1	2020	303	10355	  9.6	 19.4	1.079	 1.5	 0.2
1	2020	304	12842	  8.6	 18.6	0.981	 1.5	 0.0
1	2020	305	11994	 12.4	 22.9	1.030	 1.7	 0.0
1	2020	306	 9725	  8.9	 20.6	0.598	 1.7	 0.0
1	2020	307	13523	  6.1	 19.8	0.522	 1.4	 0.0
1	2020	308	12589	  5.0	 17.6	0.493	 1.8	 0.0
1	2020	309	12215	  7.3	 18.9	0.608	 1.8	 0.0
1	2020	310	 5798	 11.5	 18.4	0.840	 1.0	 0.0
1	2020	311	12799	  9.4	 22.7	0.671	 2.9	 0.0
1	2020	312	12919	  6.0	 22.2	0.459	 2.2	 0.0
1	2020	313	12787	  6.4	 17.7	0.365	 2.2	 0.0
1	2020	314	12417	  6.0	 19.4	0.420	 1.2	 0.0
1	2020	315	11904	  7.8	 19.3	0.599	 1.4	 0.0
1	2020	316	11457	  8.2	 19.4	0.750	 1.3	 0.0
1	2020	317	11097	  8.8	 22.6	0.897	 1.8	 0.0
1	2020	318	11471	 10.7	 19.1	0.548	 3.3	 0.0
1	2020	319	10750	  8.2	 18.3	0.840	 1.3	 0.0
1	2020	320	10942	  7.6	 18.7	1.027	 1.7	 0.0
1	2020	321	 4344	 10.6	 16.2	1.233	 2.6	 0.6
1	2020	322	  880	 11.5	 13.6	1.319	 4.0	14.3
1	2020	323	 4071	  9.7	 17.8	1.241	 1.8	 3.5
1	2020	324	10329	  6.3	 16.9	0.816	 2.0	 0.0
1	2020	325	 7461	  5.3	 10.7	0.742	 3.0	 0.2
1	2020	326	 5083	  2.6	  8.5	0.782	 1.1	 5.0
1	2020	327	 4059	  3.0	  6.7	0.719	 1.5	 1.4
1	2020	328	 2915	  0.9	  4.8	0.704	 1.2	 3.0
1	2020	329	 8405	 -0.8	  8.3	0.692	 1.4	 0.0
1	2020	330	 8074	  0.1	  9.8	0.733	 0.8	 0.1
1	2020	331	 3961	  3.5	  7.9	0.741	 0.6	 0.3
1	2020	332	 7634	  0.0	  9.4	0.646	 1.3	 0.1
1	2020	333	 4944	  0.6	  5.7	0.605	 1.5	 0.4
1	2020	334	 9508	 -2.0	  9.7	0.614	 1.4	 0.0
1	2020	335	 3769	 -1.6	  5.2	0.621	 0.9	 0.4
1	2020	336	 4054	  0.1	  4.9	0.661	 0.8	 1.4
1	2020	337	 5458	 -1.6	  6.7	0.683	 0.8	 0.2
1	2020	338	 2910	 -1.2	  3.7	0.593	 1.0	 1.7
1	2020	339	 9750	 -3.3	  7.0	0.428	 1.2	 0.0
1	2020	340	 9637	 -2.3	  8.1	0.440	 1.6	 0.0
1	2020	341	 8305	 -1.8	 10.6	0.590	 1.3	 0.0
1	2020	342	 6805	 -0.3	  7.1	0.539	 1.5	 0.0
1	2020	343	 8572	 -2.8	  6.0	0.389	 1.2	 0.0
1	2020	344	 7958	 -1.8	 10.4	0.542	 1.5	 0.0
1	2020	345	 8909	 -2.7	 10.9	0.470	 1.4	 0.0
1	2020	346	 5430	 -2.0	  9.6	0.455	 1.6	 0.0
1	2020	347	 7252	 -1.9	 11.6	0.474	 1.7	 0.0
1	2020	348	 9128	 -3.6	  5.0	0.231	 2.6	 0.0
1	2020	349	 9744	 -6.2	  2.9	0.213	 2.0	 0.0
1	2020	350	 9639	 -6.5	  5.4	0.238	 1.2	 0.0
1	2020	351	 9589	 -5.4	  4.9	0.259	 1.4	 0.0
1	2020	352	 7813	 -4.1	  6.9	0.259	 1.3	 0.0
1	2020	353	 9366	 -3.7	  5.2	0.254	 2.4	 0.0
1	2020	354	 8344	 -4.5	  6.3	0.286	 2.1	 0.0
1	2020	355	 9639	 -4.8	  8.0	0.287	 1.2	 0.0
1	2020	356	 9640	 -4.9	  8.7	0.300	 1.8	 0.0
1	2020	357	 9710	 -4.1	 11.3	0.347	 1.8	 0.0
1	2020	358	 9382	 -0.9	 12.4	0.379	 1.5	 0.0
1	2020	359	 9735	 -3.0	 10.7	0.292	 1.7	 0.0
1	2020	360	 9323	 -4.1	 12.0	0.286	 1.9	 0.0
1	2020	361	 8478	  0.6	 12.1	0.372	 1.4	 0.0
1	2020	362	 9668	 -1.4	 11.9	0.439	 1.1	 0.0
1	2020	363	 7370	  1.3	  9.7	0.522	 3.4	 0.8
1	2020	364	 6124	 -7.5	  2.9	0.277	 3.4	 1.0
1	2020	365	10508	 -9.3	  0.6	0.113	 2.8	 0.0
1	2020	366	10389	 -8.6	  4.1	0.133	 2.2	 0.0
