*------------------------------------------------------------*
*   Country: China
*   Station: 114.5_35.8
*      Year: 2021
*    Origin: AgERA5 dataset
*    Author: Huang Hai, CAU
* Longitude: 114.50 E
*  Latitude: 35.80 N
* Elevation: 98.00 m
*   Columns: 
*   ======== 
*  station number
*  year
*  day
*  irradiation (kJ路m-2路d-1)
*  minimum temperature (degrees Celsius)
*  maximum temperature (degrees Celsius)
*  vapour pressure (kPa)
*  mean wind speed (m路s-1)
*  precipitation (mm路d-1)
** WCCDESCRIPTION=114.5_35.8, China
** WCCFORMAT=2
** WCCYEARNR=2021
*------------------------------------------------------------*
114.50  35.80  98.00  -0.18  -0.55
1	2021	  1	10286	 -8.0	  5.8	0.185	 2.2	 0.0
1	2021	  2	10132	 -5.8	  5.6	0.280	 2.4	 0.0
1	2021	  3	 8067	 -4.0	  2.9	0.294	 2.7	 0.0
1	2021	  4	 9705	 -6.1	  3.2	0.321	 2.8	 0.0
1	2021	  5	10106	 -5.3	  1.0	0.234	 2.8	 0.0
1	2021	  6	10715	-10.3	  0.7	0.135	 4.1	 0.0
1	2021	  7	11001	-14.1	 -4.6	0.100	 2.5	 0.0
1	2021	  8	10958	-12.3	  1.4	0.107	 2.1	 0.0
1	2021	  9	10987	 -9.2	  2.8	0.128	 1.8	 0.0
1	2021	 10	10630	 -6.6	  3.5	0.154	 2.6	 0.0
1	2021	 11	11054	 -4.2	  4.4	0.161	 3.3	 0.0
1	2021	 12	11016	 -3.2	 10.9	0.168	 4.8	 0.0
1	2021	 13	11128	 -2.2	 14.0	0.283	 2.3	 0.0
1	2021	 14	11177	 -3.2	 11.6	0.354	 2.2	 0.0
1	2021	 15	 9698	 -3.2	  9.3	0.319	 2.7	 0.0
1	2021	 16	10975	 -4.7	  4.3	0.313	 1.8	 0.0
1	2021	 17	11823	 -6.2	  8.1	0.188	 3.1	 0.0
1	2021	 18	11876	 -4.9	 11.1	0.206	 2.2	 0.0
1	2021	 19	11377	 -3.7	  4.5	0.299	 3.6	 0.0
1	2021	 20	11311	 -5.1	  6.5	0.362	 1.8	 0.0
1	2021	 21	10370	 -3.5	  7.9	0.434	 1.2	 0.0
1	2021	 22	 9555	 -3.0	  7.2	0.414	 3.2	 0.0
1	2021	 23	11913	 -3.1	  7.4	0.368	 2.0	 0.0
1	2021	 24	 7129	 -2.6	  7.9	0.480	 1.9	 0.6
1	2021	 25	 7252	  0.5	  7.4	0.591	 1.6	 0.4
1	2021	 26	10637	 -3.2	  9.8	0.512	 1.9	 0.0
1	2021	 27	 9602	  0.4	 11.4	0.465	 4.2	 0.0
1	2021	 28	13184	 -1.6	  7.4	0.135	 2.9	 0.0
1	2021	 29	12946	 -4.3	 13.2	0.241	 3.0	 0.0
1	2021	 30	12561	 -4.4	 13.9	0.277	 2.1	 0.0
1	2021	 31	11957	 -3.1	 13.7	0.296	 2.9	 0.0
1	2021	 32	12978	 -0.4	 13.5	0.265	 3.3	 0.0
1	2021	 33	13573	 -4.5	  8.0	0.234	 2.6	 0.0
1	2021	 34	13593	 -1.0	 14.5	0.286	 2.6	 0.0
1	2021	 35	11949	 -2.6	 12.6	0.286	 4.1	 0.0
1	2021	 36	12694	  1.7	 18.0	0.267	 3.3	 0.0
1	2021	 37	13506	  3.6	 20.2	0.244	 2.8	 0.0
1	2021	 38	12113	  1.7	  8.2	0.318	 5.5	 0.0
1	2021	 39	14119	 -2.0	  9.9	0.258	 3.2	 0.0
1	2021	 40	14133	  0.1	 12.6	0.394	 4.1	 0.0
1	2021	 41	14336	 -0.7	 16.0	0.563	 1.9	 0.0
1	2021	 42	14326	  2.8	 17.3	0.570	 4.2	 0.0
1	2021	 43	14250	  4.8	 17.6	0.796	 2.3	 0.0
1	2021	 44	 7828	  6.3	 15.7	0.993	 2.7	 4.3
1	2021	 45	13273	  6.2	 16.8	1.002	 2.9	 5.6
1	2021	 46	11796	  1.5	  8.3	0.539	 4.4	 0.0
1	2021	 47	15418	 -0.3	 10.3	0.375	 3.3	 0.0
1	2021	 48	15708	 -4.7	  7.6	0.218	 2.1	 0.0
1	2021	 49	14800	 -2.4	 13.9	0.402	 3.9	 0.0
1	2021	 50	16267	  4.8	 22.7	0.290	 3.9	 0.0
1	2021	 51	16530	  3.1	 25.2	0.215	 3.8	 0.0
1	2021	 52	16580	  9.9	 27.6	0.291	 3.2	 0.0
1	2021	 53	15659	  7.9	 14.2	0.420	 4.9	 0.0
1	2021	 54	14949	  4.6	 12.3	0.393	 2.7	 0.0
1	2021	 55	 3668	  0.2	  7.1	0.515	 3.3	21.0
1	2021	 56	 7167	  0.1	  5.9	0.633	 3.6	 3.3
1	2021	 57	13633	  1.5	 10.2	0.571	 3.1	 0.0
1	2021	 58	14211	  0.4	 12.3	0.667	 2.1	 0.0
1	2021	 59	 1861	  5.8	  8.1	0.932	 3.0	14.2
1	2021	 60	12141	  0.1	  7.3	0.632	 4.9	 3.1
1	2021	 61	17932	 -1.6	 13.2	0.690	 4.2	 0.0
1	2021	 62	16971	  5.0	 16.0	0.742	 5.3	 0.0
1	2021	 63	17924	  4.2	 19.5	0.926	 3.4	 0.0
1	2021	 64	15744	  3.1	 20.0	0.892	 5.2	 0.0
1	2021	 65	 5072	 -0.3	  3.0	0.401	 5.9	 0.3
1	2021	 66	17928	 -3.1	  9.6	0.464	 1.7	 0.0
1	2021	 67	13670	  1.5	 12.8	0.697	 3.2	 0.0
1	2021	 68	18559	  3.1	 16.4	0.835	 3.6	 0.0
1	2021	 69	11934	  5.0	 13.4	0.891	 3.4	 0.0
1	2021	 70	 9743	  6.9	 13.7	1.001	 1.9	 1.7
1	2021	 71	15651	  4.3	 16.5	0.985	 3.1	 0.0
1	2021	 72	12374	  7.8	 16.1	0.970	 2.3	 0.0
1	2021	 73	 8558	  7.6	 16.0	1.090	 3.7	 0.8
1	2021	 74	17844	  9.3	 19.8	1.122	 4.2	 2.2
1	2021	 75	20217	  5.6	 14.3	0.301	 3.3	 0.0
1	2021	 76	19439	  3.5	 16.1	0.486	 1.7	 0.0
1	2021	 77	 4071	  6.3	 11.8	0.691	 4.5	 0.6
1	2021	 78	 4606	  3.6	  9.2	0.650	 2.7	 3.4
1	2021	 79	17636	  1.8	 15.7	0.738	 2.1	 0.0
1	2021	 80	21898	  3.7	 13.2	0.297	 3.4	 0.0
1	2021	 81	22071	  0.9	 18.0	0.352	 3.3	 0.0
1	2021	 82	21284	  5.8	 22.6	0.593	 4.8	 0.0
1	2021	 83	20644	  6.2	 21.2	0.813	 3.1	 0.0
1	2021	 84	17298	  6.7	 22.0	0.857	 2.8	 0.0
1	2021	 85	 7915	 10.4	 17.9	1.244	 2.2	 5.3
1	2021	 86	17462	  9.0	 20.7	1.376	 2.6	 0.1
1	2021	 87	21568	 12.1	 24.7	0.931	 3.4	 0.0
1	2021	 88	 8060	  9.1	 17.2	0.593	 3.4	 0.3
1	2021	 89	21973	  5.6	 21.3	0.690	 2.2	 0.0
1	2021	 90	13793	  9.2	 19.5	0.888	 1.7	 0.0
1	2021	 91	 7535	 12.5	 18.6	0.827	 2.2	 0.0
1	2021	 92	 3649	  9.0	 14.1	0.830	 4.9	 2.1
1	2021	 93	 7192	  5.7	 12.5	1.029	 4.6	 2.8
1	2021	 94	23046	  2.4	 17.7	0.719	 1.8	 0.0
1	2021	 95	14641	  5.2	 17.1	0.653	 3.4	 0.0
1	2021	 96	22599	  3.7	 19.3	0.778	 1.5	 0.0
1	2021	 97	21295	  8.3	 21.1	0.915	 1.9	 0.0
1	2021	 98	22528	  7.7	 21.5	0.888	 2.7	 0.0
1	2021	 99	21080	 10.0	 21.9	0.827	 4.2	 0.0
1	2021	100	22965	  8.7	 21.9	0.733	 3.2	 0.0
1	2021	101	13073	  8.2	 18.8	1.038	 2.6	 0.0
1	2021	102	22246	  9.5	 24.5	1.174	 2.3	 0.0
1	2021	103	23267	 10.4	 17.5	0.595	 3.8	 0.0
1	2021	104	24856	  6.6	 20.9	0.675	 2.8	 0.0
1	2021	105	20565	 11.8	 26.6	0.745	 4.6	 0.0
1	2021	106	25522	  8.8	 26.3	0.329	 4.2	 0.0
1	2021	107	26016	  8.5	 20.4	0.281	 3.2	 0.0
1	2021	108	24745	  8.8	 24.2	0.536	 5.2	 0.0
1	2021	109	24914	 12.3	 26.7	0.861	 4.4	 0.0
1	2021	110	 3602	 13.4	 17.2	1.290	 2.3	 5.6
1	2021	111	 3385	 12.0	 14.4	1.289	 3.2	 4.9
1	2021	112	18660	 10.5	 21.1	1.272	 2.7	 2.6
1	2021	113	16042	 10.7	 21.3	1.237	 4.3	 0.0
1	2021	114	 6563	 11.8	 17.8	1.166	 6.4	 0.4
1	2021	115	 4932	 13.1	 15.8	1.092	 3.9	 0.1
1	2021	116	20756	 12.2	 22.1	1.260	 2.2	 0.1
1	2021	117	25112	 11.3	 25.7	0.742	 3.0	 0.0
1	2021	118	25502	 12.3	 25.0	0.443	 3.6	 0.0
1	2021	119	23848	 13.6	 28.1	0.602	 5.3	 0.0
1	2021	120	24533	 11.7	 30.8	0.722	 5.1	 0.1
1	2021	121	25899	  9.9	 27.2	0.794	 3.4	 0.0
1	2021	122	21400	 10.5	 21.8	0.570	 2.7	 0.0
1	2021	123	15717	 12.5	 19.8	1.171	 2.3	 4.1
1	2021	124	25606	 11.0	 26.1	0.777	 3.4	 0.0
1	2021	125	27686	  8.6	 28.2	0.500	 4.1	 0.0
1	2021	126	27051	 16.4	 33.8	0.692	 4.9	 0.0
1	2021	127	27652	 13.1	 28.4	0.433	 3.0	 0.0
1	2021	128	27042	 16.6	 36.0	0.755	 4.1	 0.0
1	2021	129	25215	 16.4	 30.3	1.351	 2.8	 0.0
1	2021	130	24649	 19.2	 27.6	1.094	 5.8	 0.0
1	2021	131	24091	 14.5	 26.7	1.220	 3.7	 0.0
1	2021	132	24884	 14.1	 29.3	1.459	 2.4	 0.0
1	2021	133	17032	 17.6	 28.8	1.923	 2.9	 0.1
1	2021	134	10946	 20.3	 26.3	2.127	 1.9	 0.9
1	2021	135	10058	 14.1	 25.4	1.991	 4.8	 6.6
1	2021	136	 6935	 11.7	 19.0	1.157	 4.9	 1.5
1	2021	137	25407	 10.1	 26.5	1.123	 2.7	 0.0
1	2021	138	27193	 13.7	 29.5	1.416	 3.9	 0.0
1	2021	139	15486	 16.1	 26.6	1.719	 4.0	 0.0
1	2021	140	23953	 16.3	 28.8	1.810	 3.4	 0.4
1	2021	141	25353	 16.0	 31.1	1.958	 2.9	 0.0
1	2021	142	26675	 18.8	 33.1	1.709	 3.8	 0.0
1	2021	143	18247	 20.5	 26.4	1.188	 4.0	 0.1
1	2021	144	28208	 16.3	 33.0	0.723	 4.2	 0.0
1	2021	145	25642	 14.2	 30.9	0.747	 5.9	 0.0
1	2021	146	26271	 19.7	 36.4	1.318	 4.8	 0.2
1	2021	147	28527	 15.7	 36.0	0.961	 5.0	 0.0
1	2021	148	29261	 18.1	 32.0	0.636	 3.3	 0.0
1	2021	149	27177	 21.1	 37.5	1.034	 5.0	 0.0
1	2021	150	26924	 17.7	 30.8	1.167	 2.8	 0.0
1	2021	151	26224	 19.3	 35.1	1.569	 3.0	 0.1
1	2021	152	18914	 20.7	 29.9	1.914	 3.0	 0.0
1	2021	153	25390	 20.4	 36.1	1.993	 2.3	 1.9
1	2021	154	16771	 20.1	 27.5	1.189	 3.1	 0.0
1	2021	155	28874	 15.1	 35.2	0.748	 3.3	 0.0
1	2021	156	27774	 19.5	 34.7	0.897	 2.9	 0.0
1	2021	157	28563	 19.2	 38.8	1.162	 2.9	 0.0
1	2021	158	21083	 25.5	 37.1	1.753	 2.5	 0.1
1	2021	159	25369	 22.1	 35.1	1.681	 3.5	 0.0
1	2021	160	16435	 24.0	 32.2	2.007	 3.6	 0.4
1	2021	161	20738	 21.8	 30.8	2.028	 2.9	 0.0
1	2021	162	25692	 20.6	 34.9	1.662	 1.3	 0.0
1	2021	163	22337	 25.0	 36.8	2.129	 3.2	 0.0
1	2021	164	14810	 24.8	 32.4	2.749	 4.0	 2.2
1	2021	165	 9736	 24.7	 30.2	3.042	 2.6	14.4
1	2021	166	17145	 23.6	 31.5	2.608	 4.5	 0.6
1	2021	167	13389	 21.8	 28.2	2.419	 2.2	 4.2
1	2021	168	15517	 22.5	 30.2	2.240	 2.7	 2.7
1	2021	169	26446	 20.8	 32.9	1.759	 2.8	 0.0
1	2021	170	26646	 19.9	 34.3	1.601	 3.0	 0.0
1	2021	171	28094	 21.7	 35.5	1.372	 3.1	 0.0
1	2021	172	27413	 21.6	 37.3	1.360	 3.0	 0.0
1	2021	173	27689	 23.4	 34.7	1.573	 2.1	 0.0
1	2021	174	26197	 23.7	 37.4	1.393	 2.8	 0.0
1	2021	175	23277	 22.1	 34.6	1.665	 2.5	 0.0
1	2021	176	15012	 26.5	 31.7	2.101	 2.8	 0.3
1	2021	177	26032	 23.5	 37.0	2.322	 3.7	 0.0
1	2021	178	26796	 23.5	 36.2	2.429	 1.7	 0.0
1	2021	179	24201	 25.7	 38.1	2.198	 1.7	 0.1
1	2021	180	17862	 27.3	 34.8	2.367	 2.4	 3.9
1	2021	181	24095	 25.7	 37.6	2.288	 1.9	 2.5
1	2021	182	12381	 24.9	 31.6	2.175	 1.9	 0.7
1	2021	183	15731	 22.2	 31.4	2.502	 2.4	17.5
1	2021	184	22279	 22.1	 31.1	2.497	 2.1	 2.7
1	2021	185	24324	 24.2	 34.8	2.464	 3.3	 0.0
1	2021	186	26818	 23.1	 33.4	2.238	 3.3	 0.0
1	2021	187	23152	 23.0	 33.4	2.568	 2.2	 0.0
1	2021	188	20015	 24.8	 33.2	2.790	 1.3	 0.0
1	2021	189	25325	 24.1	 35.7	2.497	 1.4	 0.6
1	2021	190	26552	 25.0	 38.6	2.596	 3.1	 0.1
1	2021	191	24349	 26.6	 38.0	3.043	 3.4	 0.0
1	2021	192	 6097	 26.4	 31.8	3.169	 4.3	30.1
1	2021	193	23430	 25.9	 33.7	2.931	 4.4	 9.3
1	2021	194	25404	 26.8	 35.6	3.051	 3.2	 0.2
1	2021	195	23919	 27.4	 35.3	3.170	 2.2	 4.5
1	2021	196	15902	 25.8	 31.8	3.176	 1.8	 8.5
1	2021	197	19731	 25.0	 32.0	3.107	 3.4	 4.9
1	2021	198	14117	 24.2	 29.8	2.887	 3.6	 2.6
1	2021	199	11689	 23.7	 28.9	2.963	 3.5	17.4
1	2021	200	11064	 23.3	 29.2	2.897	 2.8	 3.4
1	2021	201	 4246	 23.2	 25.7	2.865	 3.4	37.0
1	2021	202	 4797	 22.7	 26.9	3.025	 3.7	104.3
1	2021	203	 8536	 23.1	 27.8	2.882	 3.6	 9.1
1	2021	204	17045	 21.5	 29.2	2.818	 2.1	 2.7
1	2021	205	22324	 22.9	 31.2	2.964	 1.6	 1.9
1	2021	206	24400	 22.7	 31.8	2.886	 2.3	 0.0
1	2021	207	25579	 24.0	 32.6	2.949	 2.3	 0.0
1	2021	208	16225	 23.8	 30.7	3.073	 2.4	 1.2
1	2021	209	 9563	 23.8	 27.2	2.722	 5.8	14.0
1	2021	210	18958	 22.0	 27.2	2.342	 5.8	11.6
1	2021	211	24399	 20.4	 31.3	2.868	 2.0	 0.0
1	2021	212	25361	 24.6	 34.8	3.357	 3.9	 0.0
1	2021	213	18985	 25.5	 30.7	2.895	 3.8	 1.4
1	2021	214	24625	 23.2	 30.6	2.474	 2.7	 0.0
1	2021	215	23968	 22.3	 31.2	2.704	 1.8	 0.0
1	2021	216	20428	 24.4	 32.1	2.995	 2.1	 0.4
1	2021	217	13756	 24.1	 31.0	2.846	 2.0	 1.7
1	2021	218	22501	 21.9	 32.0	2.868	 1.5	 0.1
1	2021	219	18649	 24.9	 31.3	3.030	 1.3	 2.3
1	2021	220	20943	 24.0	 32.0	2.996	 1.3	 0.7
1	2021	221	20131	 24.2	 31.4	3.038	 2.0	 0.9
1	2021	222	19379	 24.1	 32.2	2.646	 2.7	 0.0
1	2021	223	22982	 22.2	 31.8	2.729	 1.9	 0.0
1	2021	224	12787	 24.6	 30.1	2.725	 2.9	 2.4
1	2021	225	12896	 22.9	 28.5	2.577	 2.0	 0.9
1	2021	226	21595	 20.9	 29.7	2.397	 2.2	 0.1
1	2021	227	22188	 20.4	 30.0	2.318	 1.5	 0.1
1	2021	228	22078	 20.9	 31.3	2.428	 1.5	 0.0
1	2021	229	20873	 21.7	 31.4	2.651	 1.7	 0.5
1	2021	230	18906	 23.5	 30.8	2.663	 2.2	 0.6
1	2021	231	16212	 23.9	 31.8	2.667	 3.3	 1.1
1	2021	232	15466	 22.4	 29.2	2.508	 4.6	 8.1
1	2021	233	14261	 21.6	 30.1	2.719	 2.2	 0.0
1	2021	234	 7396	 22.6	 28.1	2.706	 2.1	18.6
1	2021	235	21754	 20.9	 29.3	2.252	 3.0	 0.2
1	2021	236	23848	 19.2	 31.6	1.829	 2.5	 0.0
1	2021	237	24114	 19.9	 31.4	1.593	 2.6	 0.0
1	2021	238	15615	 19.0	 30.4	1.993	 3.2	 0.0
1	2021	239	21143	 19.5	 27.8	1.978	 4.7	 0.0
1	2021	240	11148	 18.1	 26.0	2.211	 2.2	 8.2
1	2021	241	 3560	 20.3	 21.5	2.364	 1.9	59.1
1	2021	242	 6446	 19.7	 23.2	2.433	 3.6	19.4
1	2021	243	 3718	 19.9	 22.3	2.316	 5.3	26.6
1	2021	244	 7910	 18.5	 23.3	2.196	 2.4	 9.1
1	2021	245	20906	 17.3	 27.5	2.289	 1.4	 0.0
1	2021	246	15061	 19.3	 28.2	2.538	 2.4	 0.1
1	2021	247	 2846	 19.6	 23.3	2.185	 3.8	39.2
1	2021	248	12297	 18.9	 24.5	2.134	 4.8	 0.6
1	2021	249	10636	 19.7	 24.9	2.254	 4.0	 5.4
1	2021	250	21667	 16.5	 26.6	2.040	 2.8	 0.0
1	2021	251	22277	 18.3	 28.4	2.177	 4.1	 0.0
1	2021	252	21584	 19.7	 30.6	2.432	 4.1	 0.0
1	2021	253	18886	 20.8	 30.2	2.703	 1.9	 0.0
1	2021	254	20922	 22.1	 31.5	2.682	 2.6	 0.0
1	2021	255	20234	 19.7	 30.9	2.540	 1.4	 0.0
1	2021	256	19247	 20.9	 30.0	2.606	 1.8	 0.8
1	2021	257	17917	 22.1	 29.2	2.530	 3.0	 0.8
1	2021	258	18401	 20.2	 27.8	2.078	 2.4	 0.1
1	2021	259	13322	 18.3	 26.9	1.933	 3.2	 0.1
1	2021	260	 4861	 19.7	 23.1	2.230	 3.3	 5.2
1	2021	261	 1739	 16.8	 20.1	2.127	 3.8	26.7
1	2021	262	 1623	 15.7	 17.4	1.713	 6.2	78.8
1	2021	263	15769	 17.6	 25.5	1.823	 3.3	 0.0
1	2021	264	20438	 16.7	 30.5	1.838	 2.7	 0.0
1	2021	265	17721	 17.3	 27.6	2.085	 2.8	 0.0
1	2021	266	12125	 20.9	 27.0	2.312	 3.7	 1.2
1	2021	267	 4136	 19.3	 22.3	2.377	 3.9	34.0
1	2021	268	 2723	 18.3	 21.3	2.051	 5.0	29.2
1	2021	269	 2247	 17.7	 19.9	2.016	 5.1	27.0
1	2021	270	 8849	 18.0	 23.4	2.102	 3.0	 1.7
1	2021	271	 2337	 14.7	 20.2	1.899	 2.2	23.1
1	2021	272	18657	 13.5	 27.0	1.981	 2.7	 0.0
1	2021	273	18457	 18.3	 27.6	2.073	 4.5	 0.0
1	2021	274	14740	 18.0	 24.9	2.048	 3.1	 0.0
1	2021	275	15761	 16.2	 28.3	2.246	 2.3	 0.0
1	2021	276	 7210	 20.3	 27.6	2.382	 3.1	 6.3
1	2021	277	 2898	 12.0	 20.1	1.483	 7.3	11.8
1	2021	278	 2283	 10.8	 12.5	1.224	 7.2	 6.8
1	2021	279	 1545	 10.1	 11.8	1.202	 5.9	 8.4
1	2021	280	11194	 10.0	 16.5	1.181	 3.5	 0.9
1	2021	281	 5431	 11.7	 16.6	1.323	 2.5	 0.6
1	2021	282	 9234	 14.2	 19.6	1.574	 1.6	 1.4
1	2021	283	11078	 13.3	 18.1	1.019	 3.8	 0.0
1	2021	284	14581	  9.8	 18.4	0.844	 2.4	 0.0
1	2021	285	15211	 10.6	 18.7	0.904	 2.6	 0.2
1	2021	286	14802	 12.0	 21.3	1.048	 1.6	 0.0
1	2021	287	 6746	 13.3	 17.3	1.510	 2.3	 7.0
1	2021	288	 6545	 13.6	 20.1	1.416	 2.6	 0.0
1	2021	289	14681	  5.6	 14.8	0.474	 4.5	 0.0
1	2021	290	16173	  3.5	 14.2	0.486	 3.6	 0.0
1	2021	291	15052	  7.9	 19.0	0.897	 3.1	 0.0
1	2021	292	 5782	  9.4	 13.0	0.872	 4.4	 0.0
1	2021	293	11219	  8.4	 15.3	1.002	 2.6	 0.0
1	2021	294	14777	  6.3	 17.2	0.956	 2.3	 0.1
1	2021	295	14764	  5.2	 16.9	0.772	 2.3	 0.0
1	2021	296	13913	  6.5	 17.7	0.836	 1.5	 0.0
1	2021	297	14513	  7.1	 18.7	0.905	 2.6	 0.0
1	2021	298	13727	  8.0	 20.4	1.066	 3.3	 0.0
1	2021	299	 7150	 11.2	 19.9	1.137	 2.5	 0.0
1	2021	300	12171	  9.0	 19.4	0.820	 2.2	 0.0
1	2021	301	13046	  8.6	 20.9	0.917	 2.2	 0.0
1	2021	302	12197	  9.3	 20.9	1.196	 1.9	 0.0
1	2021	303	13404	  8.1	 22.4	1.183	 1.5	 0.0
1	2021	304	11750	 11.1	 19.5	1.056	 3.5	 0.0
1	2021	305	 8227	  9.6	 15.7	1.027	 2.9	 0.2
1	2021	306	 7145	  9.7	 18.3	1.216	 2.5	 0.3
1	2021	307	10480	  8.7	 20.2	1.055	 2.5	 0.0
1	2021	308	12065	  9.0	 20.6	1.171	 2.8	 0.0
1	2021	309	 5971	 12.3	 17.9	1.372	 2.2	 0.3
1	2021	310	 6557	 13.0	 18.4	1.449	 2.7	 1.4
1	2021	311	 6463	 -0.1	 14.6	0.534	 5.3	20.5
1	2021	312	13063	 -2.1	  9.8	0.365	 2.2	 0.0
1	2021	313	12564	  0.1	 13.8	0.449	 3.0	 0.0
1	2021	314	12224	  2.0	 15.1	0.534	 2.4	 0.0
1	2021	315	12089	  3.0	 14.6	0.566	 1.9	 0.0
1	2021	316	12088	  3.0	 14.9	0.539	 2.0	 0.0
1	2021	317	12073	  1.9	 17.3	0.583	 2.2	 0.0
1	2021	318	11846	  2.3	 17.5	0.571	 2.0	 0.0
1	2021	319	11213	  7.2	 14.7	0.681	 3.6	 0.6
1	2021	320	10976	  5.1	 13.9	0.805	 2.8	 0.0
1	2021	321	10579	  6.1	 18.6	0.856	 3.1	 0.0
1	2021	322	11141	  5.7	 18.8	0.864	 3.5	 0.0
1	2021	323	 9242	  7.0	 12.8	0.761	 4.1	 0.0
1	2021	324	 4191	  7.1	 10.3	0.784	 3.9	 1.2
1	2021	325	 8749	  2.4	 12.6	0.488	 3.6	 0.0
1	2021	326	11322	 -1.5	  6.7	0.187	 2.3	 0.0
1	2021	327	11008	 -3.4	 10.3	0.335	 2.4	 0.0
1	2021	328	10905	 -1.7	 15.3	0.455	 1.7	 0.0
1	2021	329	10707	 -0.8	 15.3	0.498	 1.8	 0.0
1	2021	330	10315	  2.6	 13.6	0.545	 2.6	 0.0
1	2021	331	 9216	  0.9	 13.4	0.652	 2.0	 0.0
1	2021	332	 8831	  5.1	 13.3	0.835	 2.4	 0.0
1	2021	333	 4659	  2.6	 11.2	0.904	 2.0	 4.5
1	2021	334	10432	 -0.1	  8.4	0.373	 3.2	 0.0
1	2021	335	10196	 -2.3	  8.7	0.342	 2.2	 0.0
1	2021	336	10229	 -2.2	 12.8	0.377	 2.5	 0.0
1	2021	337	10035	 -1.7	 12.5	0.367	 2.0	 0.0
1	2021	338	 9823	 -0.8	 13.2	0.471	 2.0	 0.0
1	2021	339	 9940	 -0.4	 13.1	0.470	 2.6	 0.0
1	2021	340	 9892	  0.7	 11.7	0.381	 4.1	 0.0
1	2021	341	 7976	  0.7	  9.3	0.427	 2.1	 0.0
1	2021	342	 5697	  0.2	  9.3	0.571	 2.2	 0.0
1	2021	343	 9340	  0.0	 11.5	0.663	 1.7	 0.0
1	2021	344	 4535	  0.0	  9.9	0.781	 1.8	 1.6
1	2021	345	 7374	  3.7	 11.8	0.909	 2.1	 1.4
1	2021	346	 9093	 -1.6	  5.8	0.434	 3.3	 0.0
1	2021	347	 9438	 -2.8	  8.2	0.457	 3.8	 0.0
1	2021	348	 9421	  0.5	 12.5	0.629	 2.5	 0.0
1	2021	349	 9163	 -0.8	 11.3	0.612	 1.8	 0.0
1	2021	350	 6557	 -0.9	 10.7	0.421	 2.7	 0.0
1	2021	351	 9295	 -3.7	  1.7	0.223	 3.4	 0.0
1	2021	352	 8260	 -3.4	  9.5	0.290	 3.2	 0.0
1	2021	353	 9536	 -2.1	 11.6	0.342	 2.9	 0.0
1	2021	354	 9419	 -1.4	 14.3	0.428	 2.2	 0.0
1	2021	355	 9531	 -1.8	 12.8	0.439	 1.7	 0.0
1	2021	356	 9307	 -0.5	  7.4	0.546	 3.4	 0.0
1	2021	357	 7050	 -1.5	  5.3	0.559	 4.3	 0.1
1	2021	358	 5525	 -5.5	  1.7	0.390	 5.6	 2.6
1	2021	359	 9154	 -7.5	 -3.2	0.180	 2.7	 0.0
1	2021	360	10022	 -9.1	 -0.2	0.203	 1.9	 0.0
1	2021	361	10013	 -6.9	  4.4	0.218	 3.2	 0.0
1	2021	362	 9813	 -4.0	  6.5	0.286	 3.1	 0.0
1	2021	363	10051	 -4.7	  7.2	0.224	 2.5	 0.0
1	2021	364	 9976	 -5.7	  9.2	0.311	 1.6	 0.0
1	2021	365	 7236	 -3.6	  7.3	0.333	 3.4	 0.0
