*------------------------------------------------------------*
*   Country: China
*   Station: 114.3_35.4
*      Year: 2020
*    Origin: AgERA5 dataset
*    Author: Huang Hai, CAU
* Longitude: 114.30 E
*  Latitude: 35.40 N
* Elevation: 68.00 m
*   Columns: 
*   ======== 
*  station number
*  year
*  day
*  irradiation (kJ路m-2路d-1)
*  minimum temperature (degrees Celsius)
*  maximum temperature (degrees Celsius)
*  vapour pressure (kPa)
*  mean wind speed (m路s-1)
*  precipitation (mm路d-1)
** WCCDESCRIPTION=114.3_35.4, China
** WCCFORMAT=2
** WCCYEARNR=2020
*------------------------------------------------------------*
114.30  35.40  68.00  -0.18  -0.55
1	2020	  1	 9419	 -4.3	  4.6	0.243	 2.1	 0.0
1	2020	  2	 8914	 -3.8	  6.4	0.332	 1.3	 0.0
1	2020	  3	 7887	 -2.0	  8.0	0.443	 1.6	 0.0
1	2020	  4	 7560	 -1.5	 10.1	0.567	 2.1	 0.0
1	2020	  5	  596	  0.6	  4.2	0.641	 4.8	15.4
1	2020	  6	 3493	 -1.5	  2.5	0.608	 3.7	 1.9
1	2020	  7	 2838	 -5.6	  1.8	0.604	 5.1	 9.2
1	2020	  8	 7063	 -7.2	  4.6	0.557	 1.5	 0.0
1	2020	  9	 9091	 -3.8	  5.6	0.482	 1.3	 0.0
1	2020	 10	 7668	 -1.8	  6.7	0.580	 1.3	 0.0
1	2020	 11	 6043	 -3.2	  4.4	0.537	 2.2	 0.1
1	2020	 12	 7125	 -4.9	  3.7	0.508	 1.4	 0.1
1	2020	 13	 7669	 -3.8	  4.1	0.522	 1.8	 0.3
1	2020	 14	 9454	 -5.2	  3.5	0.438	 1.7	 0.0
1	2020	 15	 6193	 -4.9	  2.7	0.415	 1.2	 0.1
1	2020	 16	 7978	 -3.3	  3.4	0.516	 1.2	 0.1
1	2020	 17	10877	 -3.9	  6.7	0.560	 2.1	 0.0
1	2020	 18	 9686	 -3.9	  8.0	0.540	 2.6	 0.0
1	2020	 19	11814	 -5.3	  8.4	0.411	 2.3	 0.0
1	2020	 20	11100	 -2.8	  7.5	0.350	 3.2	 0.0
1	2020	 21	 8804	 -3.4	  7.6	0.481	 2.1	 0.0
1	2020	 22	 8395	 -2.8	  8.0	0.599	 1.8	 0.0
1	2020	 23	 9281	 -2.0	  9.2	0.667	 2.1	 0.0
1	2020	 24	 8963	  1.9	  5.9	0.537	 4.5	 0.0
1	2020	 25	 9236	 -0.5	  7.7	0.510	 1.4	 0.0
1	2020	 26	 4514	  1.6	  4.2	0.500	 3.7	 1.1
1	2020	 27	10674	 -1.7	  6.9	0.490	 2.0	 0.1
1	2020	 28	11705	 -3.3	  8.5	0.539	 1.2	 0.0
1	2020	 29	11510	 -2.6	  8.1	0.552	 2.3	 0.0
1	2020	 30	12514	 -2.6	  9.2	0.552	 2.1	 0.0
1	2020	 31	13007	 -2.1	 12.6	0.543	 2.7	 0.0
1	2020	 32	 9285	 -0.3	  8.0	0.469	 3.9	 0.0
1	2020	 33	12644	 -1.4	 10.8	0.473	 2.2	 0.0
1	2020	 34	13100	 -2.5	  8.3	0.487	 3.1	 0.0
1	2020	 35	13215	 -1.2	  7.6	0.462	 4.7	 0.0
1	2020	 36	 3025	 -2.9	  0.3	0.404	 4.8	 1.6
1	2020	 37	 5690	 -2.7	  2.3	0.487	 2.8	 3.8
1	2020	 38	13615	 -3.3	  8.7	0.582	 3.0	 0.0
1	2020	 39	13167	 -3.0	 10.4	0.650	 2.0	 0.0
1	2020	 40	14486	 -1.5	 15.8	0.528	 3.0	 0.0
1	2020	 41	14676	 -0.1	 15.9	0.503	 2.4	 0.0
1	2020	 42	13996	  2.2	 14.8	0.735	 2.7	 0.0
1	2020	 43	14448	  1.7	 17.0	0.833	 3.2	 0.0
1	2020	 44	12253	  4.7	 16.2	1.001	 3.4	 0.0
1	2020	 45	 5575	  1.7	 11.8	0.810	 5.1	 0.9
1	2020	 46	 8617	 -1.9	  6.1	0.393	 3.0	 1.0
1	2020	 47	15855	 -4.6	  6.8	0.252	 1.7	 0.0
1	2020	 48	16044	 -3.8	  9.9	0.288	 2.4	 0.0
1	2020	 49	15765	 -1.4	 14.0	0.338	 4.1	 0.0
1	2020	 50	13100	  1.6	 13.3	0.493	 1.7	 0.0
1	2020	 51	12428	  0.7	 12.5	0.623	 2.5	 0.0
1	2020	 52	16170	  3.0	 15.9	0.523	 3.0	 0.1
1	2020	 53	16564	  0.2	 13.1	0.324	 2.6	 0.0
1	2020	 54	16126	  3.4	 17.5	0.679	 3.9	 0.0
1	2020	 55	 5969	  6.9	 13.5	0.832	 3.4	 1.4
1	2020	 56	13958	  3.9	 12.9	0.831	 3.8	 0.0
1	2020	 57	 5023	  5.1	  8.6	0.770	 4.0	 0.1
1	2020	 58	 4604	  1.1	  6.8	0.594	 2.7	 7.2
1	2020	 59	13636	 -0.4	 10.4	0.722	 2.4	 4.0
1	2020	 60	16964	  0.3	 14.1	0.827	 2.7	 0.0
1	2020	 61	13553	  4.1	 12.9	0.755	 2.6	 0.1
1	2020	 62	 9705	  4.4	 11.0	0.643	 4.3	 0.3
1	2020	 63	17345	  1.2	 12.9	0.452	 2.6	 0.0
1	2020	 64	18442	 -0.4	  9.2	0.324	 3.5	 0.0
1	2020	 65	17987	 -0.9	 13.1	0.506	 3.2	 0.0
1	2020	 66	15958	  3.6	 16.5	0.774	 3.7	 0.0
1	2020	 67	19120	  4.5	 16.7	0.690	 2.8	 0.0
1	2020	 68	11537	  7.0	 17.1	0.911	 2.0	 0.4
1	2020	 69	 8042	  6.3	 13.6	0.873	 4.4	 0.2
1	2020	 70	19859	  1.5	 15.1	0.508	 1.8	 0.0
1	2020	 71	19826	 -0.1	 19.0	0.554	 3.7	 0.0
1	2020	 72	16998	  7.5	 20.6	0.705	 5.0	 0.1
1	2020	 73	18585	  5.4	 13.1	0.433	 4.7	 0.0
1	2020	 74	20807	  1.6	 18.2	0.373	 2.9	 0.0
1	2020	 75	20377	  2.0	 20.3	0.362	 2.0	 0.0
1	2020	 76	16691	  7.8	 20.0	0.558	 3.8	 0.0
1	2020	 77	20966	  6.8	 23.1	0.466	 2.8	 0.0
1	2020	 78	21384	  8.8	 27.2	0.341	 4.7	 0.0
1	2020	 79	21651	  6.9	 20.2	0.323	 3.6	 0.0
1	2020	 80	20794	  9.5	 27.0	0.597	 4.9	 0.0
1	2020	 81	16510	 12.2	 25.9	0.752	 4.5	 0.0
1	2020	 82	20866	 10.7	 20.9	0.552	 3.9	 0.0
1	2020	 83	21270	  8.6	 23.8	0.651	 3.4	 0.0
1	2020	 84	19170	 10.5	 23.1	0.861	 2.6	 0.1
1	2020	 85	 8137	 12.6	 19.1	1.371	 2.2	 6.1
1	2020	 86	 6543	  5.2	 17.2	1.079	 6.6	 2.1
1	2020	 87	19608	  5.9	 13.1	0.420	 4.0	 0.0
1	2020	 88	21672	  2.1	 14.6	0.430	 2.5	 0.0
1	2020	 89	15399	  6.5	 12.4	0.675	 4.0	 0.0
1	2020	 90	22266	  3.5	 16.0	0.803	 3.7	 0.0
1	2020	 91	15187	  7.2	 15.9	0.925	 3.3	 0.0
1	2020	 92	 8386	  5.3	 13.3	0.840	 3.9	 1.5
1	2020	 93	11197	  5.5	 13.5	0.910	 1.9	 1.5
1	2020	 94	21265	  2.9	 19.9	0.785	 1.8	 0.0
1	2020	 95	23158	  5.6	 19.5	0.682	 3.7	 0.0
1	2020	 96	22028	  6.9	 19.8	0.764	 3.3	 0.0
1	2020	 97	22986	 10.6	 22.5	0.780	 3.5	 0.0
1	2020	 98	22040	  9.1	 24.5	0.914	 2.5	 0.1
1	2020	 99	22092	 11.1	 20.9	0.876	 3.6	 0.9
1	2020	100	18515	  7.5	 14.2	0.743	 7.4	 2.5
1	2020	101	 3494	  4.8	  7.8	0.785	 5.9	12.1
1	2020	102	23353	  2.1	 16.4	0.705	 2.8	 0.2
1	2020	103	25313	  5.1	 21.9	0.531	 3.7	 0.0
1	2020	104	24659	  5.8	 24.4	0.669	 2.9	 0.0
1	2020	105	19805	 11.3	 22.9	0.789	 3.6	 0.0
1	2020	106	23682	  9.2	 26.3	1.068	 3.3	 0.0
1	2020	107	24246	 14.0	 25.8	0.891	 3.1	 0.0
1	2020	108	25456	  9.2	 24.1	0.653	 2.9	 0.0
1	2020	109	10975	 10.3	 19.5	0.969	 2.1	 3.6
1	2020	110	23320	  9.5	 22.6	1.113	 2.8	 0.1
1	2020	111	22663	 13.9	 21.2	0.572	 3.5	 0.0
1	2020	112	23368	 10.1	 20.6	0.602	 3.4	 0.0
1	2020	113	25887	  7.8	 17.2	0.359	 3.5	 0.0
1	2020	114	26481	  5.7	 19.4	0.414	 2.7	 0.0
1	2020	115	27101	  5.1	 25.3	0.407	 4.0	 0.0
1	2020	116	26596	 11.6	 23.9	0.515	 4.5	 0.0
1	2020	117	25820	  9.8	 24.2	0.756	 2.8	 0.0
1	2020	118	24900	 11.3	 22.6	0.793	 2.8	 2.3
1	2020	119	26511	 12.0	 26.6	0.761	 4.9	 0.0
1	2020	120	25575	 13.8	 31.5	1.050	 3.8	 0.0
1	2020	121	25199	 16.2	 34.6	1.381	 3.3	 0.0
1	2020	122	25460	 18.3	 32.9	1.783	 4.3	 0.0
1	2020	123	25634	 17.5	 33.1	2.127	 2.5	 0.0
1	2020	124	26553	 17.4	 36.7	1.706	 2.7	 0.0
1	2020	125	 9906	 13.3	 24.9	1.344	 8.0	 9.8
1	2020	126	25655	 12.0	 23.7	1.429	 2.7	 4.8
1	2020	127	19870	 13.8	 24.7	1.536	 2.4	 0.0
1	2020	128	 5176	 16.5	 19.6	1.754	 3.3	 7.2
1	2020	129	 7865	 13.4	 18.7	1.645	 6.3	12.1
1	2020	130	 8605	 10.8	 16.8	1.457	 2.3	 3.4
1	2020	131	27168	 10.0	 27.7	1.360	 3.0	 0.0
1	2020	132	23733	 15.9	 25.7	0.872	 4.1	 0.0
1	2020	133	27554	 13.0	 26.3	1.015	 3.1	 0.0
1	2020	134	22610	 13.8	 29.3	1.235	 3.3	 0.0
1	2020	135	23383	 17.7	 27.1	1.428	 2.2	 0.0
1	2020	136	26731	 15.7	 30.2	1.618	 2.4	 0.0
1	2020	137	24612	 19.1	 32.9	1.756	 4.3	 0.4
1	2020	138	26901	 16.7	 31.3	1.497	 4.7	 0.2
1	2020	139	27368	 12.4	 27.5	0.888	 3.2	 0.0
1	2020	140	27821	 13.9	 30.0	0.927	 1.9	 0.0
1	2020	141	24300	 18.8	 31.6	1.098	 3.3	 0.0
1	2020	142	27008	 18.4	 33.3	1.256	 3.7	 0.0
1	2020	143	28208	 18.7	 33.1	1.212	 2.9	 0.0
1	2020	144	24761	 20.4	 30.5	1.272	 4.2	 0.0
1	2020	145	15609	 18.2	 29.1	1.386	 1.7	 0.0
1	2020	146	24873	 20.1	 31.8	1.087	 3.8	 0.0
1	2020	147	25703	 17.1	 28.9	1.303	 3.2	 0.0
1	2020	148	25913	 17.3	 33.2	0.920	 2.8	 0.0
1	2020	149	27993	 16.3	 34.6	0.938	 2.8	 0.0
1	2020	150	24174	 22.8	 31.8	1.393	 4.5	 0.2
1	2020	151	20818	 19.9	 29.0	1.603	 2.6	 0.1
1	2020	152	26156	 17.9	 33.9	1.587	 2.2	 0.0
1	2020	153	24428	 20.6	 34.9	1.437	 3.6	 0.2
1	2020	154	19972	 19.6	 33.7	1.045	 2.4	 0.0
1	2020	155	29047	 20.7	 38.9	0.819	 3.5	 0.0
1	2020	156	26678	 22.3	 39.4	1.067	 2.6	 0.0
1	2020	157	23419	 22.9	 34.3	1.403	 3.9	 0.0
1	2020	158	27776	 22.7	 36.0	1.504	 3.3	 0.0
1	2020	159	27653	 24.6	 36.9	1.283	 3.9	 0.0
1	2020	160	25457	 23.5	 35.4	1.427	 2.4	 0.0
1	2020	161	16480	 23.5	 30.7	1.992	 1.6	 1.8
1	2020	162	25062	 21.1	 34.1	1.835	 1.8	 0.0
1	2020	163	15698	 22.9	 32.9	2.387	 1.6	12.1
1	2020	164	18080	 21.4	 27.5	2.212	 2.8	 7.4
1	2020	165	25337	 19.7	 31.9	2.364	 2.3	 0.0
1	2020	166	26676	 23.8	 32.4	1.507	 3.9	 0.0
1	2020	167	10638	 21.4	 30.9	1.872	 1.7	 0.5
1	2020	168	 4840	 19.7	 23.9	2.107	 2.6	27.0
1	2020	169	 3783	 18.2	 20.2	2.047	 2.7	27.0
1	2020	170	21138	 15.8	 27.0	2.017	 2.2	 0.0
1	2020	171	21495	 17.5	 28.4	2.074	 2.4	 0.0
1	2020	172	21288	 20.4	 28.9	2.191	 3.0	 0.0
1	2020	173	21868	 19.6	 28.9	2.266	 2.2	 0.2
1	2020	174	12057	 20.7	 26.4	2.372	 1.8	 1.7
1	2020	175	12690	 20.2	 27.7	2.395	 2.0	 0.1
1	2020	176	25920	 20.9	 32.1	2.384	 2.2	 0.0
1	2020	177	26034	 20.3	 32.1	2.488	 2.7	 3.7
1	2020	178	17407	 25.0	 30.9	2.430	 2.5	 0.0
1	2020	179	22336	 23.3	 33.4	2.367	 2.0	 0.4
1	2020	180	16295	 23.7	 29.9	2.501	 2.4	 2.4
1	2020	181	21875	 22.4	 31.0	2.492	 2.5	 0.5
1	2020	182	22458	 21.2	 29.9	2.320	 4.0	 0.9
1	2020	183	22691	 20.9	 31.1	2.177	 2.0	 0.0
1	2020	184	17600	 22.3	 30.9	2.517	 1.8	16.4
1	2020	185	17694	 21.6	 27.7	2.479	 3.1	 0.6
1	2020	186	15796	 22.0	 29.0	2.748	 1.9	13.8
1	2020	187	24475	 22.4	 32.1	2.591	 1.8	 0.1
1	2020	188	26622	 21.6	 34.0	2.444	 1.7	 0.0
1	2020	189	24457	 25.0	 34.1	2.559	 3.2	 0.1
1	2020	190	20923	 25.2	 32.7	2.631	 1.8	 1.5
1	2020	191	20636	 25.0	 32.0	2.370	 2.0	 0.5
1	2020	192	14293	 22.2	 29.7	2.496	 1.6	 0.3
1	2020	193	 8714	 22.7	 27.7	2.559	 3.9	 5.2
1	2020	194	 9721	 20.8	 25.5	2.271	 5.2	 5.8
1	2020	195	21954	 19.4	 29.1	2.183	 2.1	 0.0
1	2020	196	11649	 21.8	 27.9	2.436	 2.4	 0.1
1	2020	197	24622	 19.8	 30.3	2.372	 2.8	 0.0
1	2020	198	25165	 21.8	 31.2	2.403	 3.2	 0.0
1	2020	199	13805	 21.9	 27.9	2.337	 2.2	 1.4
1	2020	200	20606	 19.3	 29.5	2.169	 2.3	 0.0
1	2020	201	18550	 23.1	 30.5	2.194	 2.6	 0.2
1	2020	202	25470	 20.8	 33.7	2.287	 2.8	 0.0
1	2020	203	20979	 23.3	 32.2	2.449	 3.5	 0.2
1	2020	204	13129	 21.3	 26.5	2.322	 4.4	 6.8
1	2020	205	24685	 21.6	 31.3	2.199	 3.2	 0.0
1	2020	206	23913	 22.1	 32.2	2.235	 2.4	 0.0
1	2020	207	18055	 21.0	 31.9	2.323	 1.8	 0.8
1	2020	208	12740	 22.3	 28.6	2.370	 2.4	 5.6
1	2020	209	14396	 20.1	 28.2	2.395	 2.5	 0.1
1	2020	210	17388	 22.1	 30.6	2.644	 2.4	 0.2
1	2020	211	18744	 23.6	 31.8	2.799	 2.7	 0.0
1	2020	212	20698	 23.4	 32.5	2.858	 2.4	 2.2
1	2020	213	18499	 24.5	 31.6	3.023	 2.7	 2.2
1	2020	214	17365	 25.5	 33.7	3.236	 2.9	 0.1
1	2020	215	18066	 25.1	 32.4	3.260	 3.6	29.5
1	2020	216	13835	 26.4	 33.5	3.520	 2.4	 0.8
1	2020	217	15890	 24.8	 31.9	3.244	 2.1	15.8
1	2020	218	 5362	 24.3	 26.6	3.102	 3.2	17.9
1	2020	219	 3307	 22.2	 24.3	2.582	 3.9	36.0
1	2020	220	 4934	 22.3	 25.7	2.846	 4.4	12.4
1	2020	221	18376	 23.0	 30.3	2.928	 1.9	 0.0
1	2020	222	22247	 23.4	 32.5	3.189	 1.7	 0.1
1	2020	223	20489	 24.6	 32.6	3.350	 2.1	 0.6
1	2020	224	18076	 25.5	 32.0	3.405	 2.3	 0.2
1	2020	225	10567	 24.8	 31.1	3.375	 2.3	12.8
1	2020	226	17008	 25.4	 31.0	3.262	 3.4	 6.8
1	2020	227	20470	 24.3	 32.3	3.213	 2.7	 1.6
1	2020	228	 9112	 21.9	 26.7	2.527	 3.8	14.6
1	2020	229	14581	 21.5	 28.5	2.605	 3.5	 1.9
1	2020	230	20675	 22.5	 31.7	3.108	 2.4	 1.5
1	2020	231	21695	 24.6	 31.5	3.109	 3.2	 0.1
1	2020	232	13291	 21.7	 26.2	2.294	 4.5	 1.3
1	2020	233	 3994	 19.7	 22.4	2.309	 4.6	14.6
1	2020	234	15382	 19.0	 25.2	2.093	 4.2	 0.0
1	2020	235	14792	 21.1	 27.0	2.307	 1.7	 0.3
1	2020	236	14919	 21.8	 29.0	2.856	 3.1	 0.9
1	2020	237	11013	 23.0	 26.7	2.824	 2.8	 2.6
1	2020	238	16764	 20.3	 31.4	2.621	 1.3	 0.0
1	2020	239	22700	 20.1	 30.7	2.429	 2.8	 0.1
1	2020	240	22154	 19.4	 29.7	2.303	 2.7	 0.0
1	2020	241	22635	 20.6	 30.8	2.493	 2.2	 0.0
1	2020	242	23119	 21.0	 31.3	2.505	 2.1	 0.0
1	2020	243	22285	 20.7	 31.6	2.569	 1.3	 0.0
1	2020	244	20803	 23.0	 31.9	2.498	 2.4	 0.2
1	2020	245	22635	 21.8	 32.2	1.987	 1.8	 0.0
1	2020	246	20902	 20.5	 29.8	1.591	 3.0	 0.7
1	2020	247	22766	 18.3	 30.9	1.407	 2.0	 0.0
1	2020	248	22722	 17.0	 32.1	1.451	 2.4	 0.0
1	2020	249	21161	 20.8	 33.8	1.393	 3.7	 0.0
1	2020	250	21244	 21.2	 33.4	1.644	 2.7	 0.0
1	2020	251	21612	 19.7	 33.4	1.631	 1.8	 0.0
1	2020	252	19291	 21.2	 31.6	1.828	 2.2	 0.0
1	2020	253	16370	 21.1	 31.6	2.151	 1.3	 6.3
1	2020	254	17741	 21.2	 29.9	1.993	 1.8	 5.9
1	2020	255	19286	 19.0	 27.6	1.592	 3.8	 0.0
1	2020	256	17931	 19.3	 27.9	1.703	 4.0	 0.0
1	2020	257	15327	 19.8	 27.3	1.902	 2.9	 0.1
1	2020	258	16781	 19.9	 28.7	2.146	 1.6	 0.8
1	2020	259	18037	 20.8	 30.4	2.119	 3.0	 0.5
1	2020	260	19449	 15.8	 30.6	1.136	 2.3	 0.0
1	2020	261	18888	 17.9	 28.3	0.993	 2.2	 0.0
1	2020	262	21389	 15.2	 31.5	0.964	 2.9	 0.0
1	2020	263	21138	 16.9	 31.3	1.091	 2.9	 0.0
1	2020	264	20062	 17.4	 30.2	1.308	 2.7	 0.0
1	2020	265	 5091	 19.8	 25.7	1.372	 2.4	 0.0
1	2020	266	12926	 17.7	 27.5	1.439	 1.9	 0.0
1	2020	267	11838	 18.9	 26.3	1.734	 2.0	 0.2
1	2020	268	15189	 17.0	 25.7	1.858	 2.1	 0.2
1	2020	269	12951	 17.5	 26.0	1.667	 2.5	 0.0
1	2020	270	14746	 16.8	 26.5	1.610	 2.9	 0.0
1	2020	271	10561	 18.6	 25.3	1.676	 1.5	 0.7
1	2020	272	13555	 17.5	 25.8	1.466	 1.9	 0.0
1	2020	273	11664	 16.2	 26.9	1.572	 2.9	 0.0
1	2020	274	 8766	 16.2	 22.6	1.540	 2.4	 0.0
1	2020	275	13557	 17.3	 27.4	1.733	 3.0	 0.0
1	2020	276	 3936	 18.3	 21.8	1.069	 3.1	 0.5
1	2020	277	 3327	 15.4	 19.7	1.257	 2.5	 0.0
1	2020	278	13281	 10.0	 19.3	0.580	 4.2	 0.0
1	2020	279	 7897	  9.2	 17.6	0.640	 2.7	 0.0
1	2020	280	 6833	  9.5	 17.5	0.861	 2.9	 0.0
1	2020	281	14743	 12.3	 21.2	0.879	 3.0	 0.0
1	2020	282	12744	 10.0	 21.7	1.074	 1.6	 0.0
1	2020	283	12813	 13.3	 23.0	1.208	 1.9	 0.0
1	2020	284	 2402	 13.9	 18.9	1.427	 1.2	 0.9
1	2020	285	 6963	 15.0	 21.7	1.497	 2.1	 0.2
1	2020	286	 9703	 14.7	 20.4	0.800	 3.8	 0.2
1	2020	287	 4858	 14.3	 19.0	1.343	 2.1	 4.0
1	2020	288	 2564	 11.7	 14.9	1.297	 2.9	12.7
1	2020	289	 7318	 11.0	 17.0	1.308	 2.9	 0.0
1	2020	290	12838	 11.3	 19.3	1.026	 3.3	 0.0
1	2020	291	16022	  7.7	 20.8	0.945	 3.2	 0.0
1	2020	292	15047	  7.9	 21.4	0.974	 2.5	 0.0
1	2020	293	15838	  9.0	 21.3	1.036	 2.3	 0.0
1	2020	294	10649	 10.2	 20.6	1.069	 3.8	 0.0
1	2020	295	15839	  9.5	 22.2	0.732	 2.5	 0.0
1	2020	296	15544	  7.1	 20.9	0.485	 2.3	 0.0
1	2020	297	15454	  5.8	 17.4	0.479	 2.1	 0.0
1	2020	298	14748	  5.9	 19.0	0.583	 2.8	 0.0
1	2020	299	14108	  9.8	 21.6	0.756	 3.0	 0.0
1	2020	300	14106	 11.3	 24.1	0.996	 1.6	 0.0
1	2020	301	 5388	 12.7	 16.8	0.680	 4.8	 0.0
1	2020	302	 7234	 11.2	 18.0	0.672	 2.0	 0.0
1	2020	303	10458	  9.4	 18.6	0.772	 1.6	 0.0
1	2020	304	13310	  8.6	 18.8	0.880	 1.9	 0.0
1	2020	305	11688	 12.7	 22.0	1.082	 2.5	 0.0
1	2020	306	 9820	 10.5	 20.2	0.539	 2.3	 0.0
1	2020	307	13651	  5.9	 19.2	0.446	 2.7	 0.0
1	2020	308	12843	  5.1	 17.2	0.432	 2.5	 0.0
1	2020	309	12489	  7.4	 18.6	0.540	 3.8	 0.0
1	2020	310	 5748	 12.0	 18.1	0.782	 2.4	 0.0
1	2020	311	12679	 10.3	 23.3	0.696	 2.7	 0.0
1	2020	312	12976	  7.4	 22.3	0.430	 2.2	 0.0
1	2020	313	12885	  8.0	 16.6	0.303	 3.2	 0.0
1	2020	314	12471	  5.1	 18.7	0.431	 2.0	 0.0
1	2020	315	11959	  6.5	 19.7	0.603	 2.0	 0.0
1	2020	316	11498	  6.7	 19.5	0.745	 2.9	 0.0
1	2020	317	10691	  9.3	 21.4	0.855	 2.7	 0.0
1	2020	318	11569	 11.4	 18.7	0.572	 3.9	 0.0
1	2020	319	10815	  8.1	 18.7	0.863	 2.2	 0.0
1	2020	320	10911	  8.3	 19.0	1.057	 1.7	 0.0
1	2020	321	 4487	 11.0	 16.5	1.182	 2.6	 0.2
1	2020	322	  550	 11.3	 13.6	1.260	 4.3	16.3
1	2020	323	 4329	  8.7	 15.3	1.241	 2.8	 5.8
1	2020	324	 9947	  4.7	 15.5	0.841	 2.0	 0.0
1	2020	325	 9045	  4.8	 10.9	0.688	 3.6	 0.0
1	2020	326	 5643	  2.4	  7.6	0.735	 2.8	 4.7
1	2020	327	 6213	  2.7	  6.5	0.630	 3.1	 0.2
1	2020	328	 4208	  0.0	  5.2	0.636	 1.9	 1.6
1	2020	329	 7773	  0.8	  7.7	0.688	 2.4	 0.0
1	2020	330	 8132	 -0.1	  9.3	0.694	 1.5	 0.0
1	2020	331	 7422	  3.0	  8.7	0.594	 2.6	 0.0
1	2020	332	 8665	 -0.4	  8.9	0.553	 2.6	 0.0
1	2020	333	 5493	  0.5	  5.4	0.486	 2.1	 0.1
1	2020	334	 9761	 -1.5	  8.2	0.561	 2.2	 0.0
1	2020	335	 4581	 -1.6	  5.7	0.587	 2.0	 0.2
1	2020	336	 4196	 -0.3	  5.0	0.627	 1.5	 0.9
1	2020	337	 4480	 -1.3	  4.2	0.649	 1.5	 0.1
1	2020	338	 4907	 -0.6	  4.1	0.535	 1.7	 0.6
1	2020	339	 9669	 -3.0	  6.3	0.481	 1.9	 0.0
1	2020	340	 9682	 -2.0	  8.1	0.509	 2.3	 0.0
1	2020	341	 8343	 -0.7	  9.6	0.599	 1.8	 0.0
1	2020	342	 6850	 -0.8	  5.2	0.449	 3.0	 0.0
1	2020	343	 8849	 -3.9	  5.8	0.346	 1.9	 0.0
1	2020	344	 8180	 -0.7	  8.7	0.540	 2.4	 0.0
1	2020	345	 9121	 -2.8	  9.7	0.552	 1.7	 0.0
1	2020	346	 5598	 -2.6	  8.5	0.474	 1.9	 0.0
1	2020	347	 7348	 -2.2	 10.2	0.489	 1.9	 0.0
1	2020	348	 9119	 -2.5	  4.9	0.204	 5.1	 0.0
1	2020	349	 9810	 -7.4	  1.8	0.197	 2.7	 0.0
1	2020	350	 9662	 -6.7	  3.4	0.271	 1.6	 0.0
1	2020	351	 9578	 -6.1	  3.8	0.302	 2.1	 0.0
1	2020	352	 7980	 -5.2	  5.4	0.351	 2.3	 0.0
1	2020	353	 9376	 -4.1	  4.0	0.274	 3.4	 0.0
1	2020	354	 8519	 -5.9	  4.6	0.277	 2.5	 0.0
1	2020	355	 9631	 -5.3	  6.6	0.326	 1.7	 0.0
1	2020	356	 9657	 -4.2	  7.2	0.351	 2.2	 0.0
1	2020	357	 9703	 -3.2	 10.1	0.437	 2.6	 0.0
1	2020	358	 9394	 -1.4	 10.7	0.419	 2.1	 0.0
1	2020	359	 9726	 -3.8	  9.2	0.348	 1.9	 0.0
1	2020	360	 9507	 -3.4	 10.3	0.334	 2.4	 0.0
1	2020	361	 8605	 -0.6	 10.9	0.467	 2.1	 0.0
1	2020	362	 9616	 -2.0	 10.2	0.503	 1.8	 0.0
1	2020	363	 7490	  0.4	  7.0	0.520	 5.6	 0.8
1	2020	364	 5966	 -7.9	  0.7	0.239	 5.4	 1.5
1	2020	365	10500	-10.1	 -0.7	0.144	 1.7	 0.0
1	2020	366	10417	 -7.6	  2.1	0.161	 2.7	 0.0
