*------------------------------------------------------------*
*   Country: China
*   Station: 114.3_34.1
*      Year: 2021
*    Origin: AgERA5 dataset
*    Author: Huang Hai, CAU
* Longitude: 114.30 E
*  Latitude: 34.10 N
* Elevation: 54.00 m
*   Columns: 
*   ======== 
*  station number
*  year
*  day
*  irradiation (kJ路m-2路d-1)
*  minimum temperature (degrees Celsius)
*  maximum temperature (degrees Celsius)
*  vapour pressure (kPa)
*  mean wind speed (m路s-1)
*  precipitation (mm路d-1)
** WCCDESCRIPTION=114.3_34.1, China
** WCCFORMAT=2
** WCCYEARNR=2021
*------------------------------------------------------------*
114.30  34.10  54.00  -0.18  -0.55
1	2021	  1	10657	 -4.3	  8.1	0.308	 3.2	 0.0
1	2021	  2	 8724	 -4.3	  8.7	0.489	 1.7	 0.0
1	2021	  3	 7435	 -2.7	  5.7	0.439	 2.5	 0.0
1	2021	  4	 7914	 -4.6	  6.5	0.424	 2.4	 0.0
1	2021	  5	 6884	 -3.8	  3.1	0.362	 2.9	 0.0
1	2021	  6	10153	 -5.7	  4.2	0.274	 3.2	 0.0
1	2021	  7	11287	-10.2	 -2.5	0.096	 2.6	 0.0
1	2021	  8	11457	 -6.7	  2.0	0.116	 3.9	 0.0
1	2021	  9	11429	 -6.2	  3.8	0.161	 2.1	 0.0
1	2021	 10	 8805	 -5.1	  4.3	0.209	 2.4	 0.0
1	2021	 11	11486	 -2.1	  5.4	0.180	 4.6	 0.0
1	2021	 12	11451	 -2.1	 12.3	0.279	 4.8	 0.0
1	2021	 13	11534	  1.6	 16.0	0.383	 3.4	 0.0
1	2021	 14	11490	  1.4	 15.9	0.523	 3.5	 0.0
1	2021	 15	 9701	  1.1	 10.2	0.353	 3.1	 0.0
1	2021	 16	 9073	 -3.0	  5.4	0.381	 1.9	 0.0
1	2021	 17	12301	 -3.2	  7.8	0.201	 3.9	 0.0
1	2021	 18	12118	 -2.0	 12.6	0.384	 2.5	 0.0
1	2021	 19	11844	  0.0	 11.6	0.475	 2.5	 0.0
1	2021	 20	 7076	 -2.6	  7.4	0.457	 1.8	 0.0
1	2021	 21	 8795	 -1.5	  9.8	0.523	 1.2	 0.0
1	2021	 22	 9797	 -1.7	  9.3	0.513	 2.7	 0.0
1	2021	 23	10321	  1.5	  9.0	0.536	 2.0	 0.0
1	2021	 24	 5714	 -1.9	  7.9	0.624	 2.5	 1.6
1	2021	 25	 5227	  0.2	  7.9	0.650	 2.6	 1.7
1	2021	 26	12470	 -1.7	 11.2	0.569	 2.3	 0.0
1	2021	 27	 9567	 -1.9	 10.6	0.637	 2.4	 0.0
1	2021	 28	13586	 -0.4	  8.8	0.226	 4.2	 0.0
1	2021	 29	12499	 -1.6	 12.8	0.492	 3.2	 0.0
1	2021	 30	12443	 -1.3	 14.9	0.454	 2.2	 0.0
1	2021	 31	12863	 -0.1	 15.5	0.415	 2.7	 0.0
1	2021	 32	13323	  1.0	 15.6	0.432	 2.9	 0.0
1	2021	 33	13658	 -1.3	  9.4	0.384	 2.3	 0.0
1	2021	 34	13633	  0.7	 16.1	0.454	 2.9	 0.0
1	2021	 35	13067	 -2.1	 12.3	0.499	 2.2	 0.0
1	2021	 36	13996	  4.5	 17.4	0.480	 3.6	 0.0
1	2021	 37	13144	  3.9	 19.2	0.668	 3.3	 0.0
1	2021	 38	13056	  2.5	 11.1	0.504	 4.9	 0.0
1	2021	 39	12690	  1.0	  9.8	0.366	 2.6	 0.0
1	2021	 40	14140	 -0.7	 12.5	0.544	 2.4	 0.0
1	2021	 41	14188	  1.8	 15.7	0.748	 1.8	 0.0
1	2021	 42	14717	  0.4	 16.1	0.730	 2.0	 0.0
1	2021	 43	14107	  5.0	 18.1	0.987	 2.4	 0.0
1	2021	 44	 7783	  7.8	 16.4	1.089	 1.8	 1.0
1	2021	 45	15130	  6.0	 18.4	0.976	 2.7	 6.9
1	2021	 46	 8834	  4.6	  9.3	0.635	 3.6	 0.0
1	2021	 47	15885	  2.4	 14.7	0.507	 3.4	 0.0
1	2021	 48	15974	 -1.4	 10.6	0.425	 1.8	 0.0
1	2021	 49	15470	 -0.5	 14.5	0.591	 2.8	 0.0
1	2021	 50	16293	  6.2	 22.1	0.538	 4.2	 0.0
1	2021	 51	16883	  6.8	 23.7	0.557	 4.5	 0.0
1	2021	 52	16489	 10.9	 26.4	0.652	 4.0	 0.0
1	2021	 53	16760	  7.9	 18.1	0.496	 4.9	 0.0
1	2021	 54	15314	  5.4	 13.4	0.459	 4.2	 0.0
1	2021	 55	 4191	  1.2	 10.4	0.608	 4.8	11.3
1	2021	 56	 4151	  0.5	  4.7	0.666	 5.0	10.3
1	2021	 57	11259	  3.1	 10.5	0.691	 3.5	 1.7
1	2021	 58	11429	  4.9	 11.1	0.765	 2.0	 0.0
1	2021	 59	 1296	  6.9	  8.5	1.011	 2.3	14.5
1	2021	 60	12386	  0.8	  8.9	0.686	 4.8	 1.8
1	2021	 61	17911	 -1.2	 12.4	0.709	 2.8	 0.0
1	2021	 62	17456	  4.2	 15.2	0.749	 3.4	 0.0
1	2021	 63	18207	  4.6	 18.0	0.962	 3.2	 0.0
1	2021	 64	12525	  7.7	 17.8	0.991	 2.8	 0.0
1	2021	 65	 7066	  1.8	 12.2	0.469	 5.7	 0.3
1	2021	 66	16908	 -1.2	  9.6	0.556	 1.4	 0.0
1	2021	 67	 9005	  2.1	  9.9	0.749	 1.5	 0.9
1	2021	 68	12520	  2.4	 12.2	0.875	 1.8	 0.0
1	2021	 69	 6397	  5.7	 12.5	0.964	 1.8	 2.0
1	2021	 70	 7896	  5.3	 13.7	1.021	 1.8	 3.2
1	2021	 71	13754	  3.1	 15.1	0.984	 2.5	 0.0
1	2021	 72	10460	  7.6	 14.6	1.003	 1.6	 0.6
1	2021	 73	11983	  8.6	 17.5	1.184	 3.3	 0.1
1	2021	 74	13403	 12.5	 21.3	1.461	 3.1	 2.7
1	2021	 75	20869	  7.1	 15.5	0.549	 4.0	 0.1
1	2021	 76	14987	  6.2	 15.0	0.645	 2.4	 0.0
1	2021	 77	 2874	  7.3	 11.3	0.798	 3.5	 2.9
1	2021	 78	 5476	  5.4	 10.2	0.798	 2.7	 6.1
1	2021	 79	15518	  1.4	 14.9	0.898	 1.9	 0.0
1	2021	 80	21504	  4.8	 13.6	0.561	 2.7	 0.0
1	2021	 81	22413	  1.8	 17.0	0.472	 3.1	 0.0
1	2021	 82	17477	  6.7	 18.8	0.794	 4.7	 0.0
1	2021	 83	21115	  7.7	 21.3	1.084	 2.8	 0.0
1	2021	 84	21552	  7.7	 21.9	1.068	 2.9	 0.0
1	2021	 85	 4337	 11.5	 16.2	1.300	 1.4	 6.7
1	2021	 86	17000	  8.6	 20.3	1.426	 2.3	 0.4
1	2021	 87	22183	 11.9	 25.2	1.520	 3.3	 0.0
1	2021	 88	12728	 11.8	 19.1	1.175	 3.6	 0.1
1	2021	 89	20434	  8.0	 20.8	0.873	 3.0	 0.0
1	2021	 90	 7213	  9.7	 15.4	1.018	 3.8	 5.7
1	2021	 91	 4793	 10.7	 14.5	1.053	 3.0	 1.1
1	2021	 92	 3089	  9.1	 13.6	0.993	 3.6	 3.4
1	2021	 93	 7073	  8.5	 13.6	1.024	 4.9	 0.2
1	2021	 94	22276	  3.2	 16.0	0.683	 2.3	 0.0
1	2021	 95	10494	  4.3	 15.3	0.798	 1.8	 0.0
1	2021	 96	19562	  4.0	 18.0	0.973	 1.2	 0.0
1	2021	 97	10168	  9.0	 16.9	1.116	 1.5	 0.0
1	2021	 98	22555	  5.9	 20.2	1.049	 1.8	 0.0
1	2021	 99	19515	  5.8	 19.7	0.970	 2.8	 0.0
1	2021	100	22090	  7.8	 20.3	0.815	 3.0	 0.0
1	2021	101	 7129	  9.4	 16.9	1.155	 1.9	 0.0
1	2021	102	21799	  8.5	 23.4	1.280	 2.0	 0.0
1	2021	103	18260	 12.9	 18.4	0.918	 4.0	 0.0
1	2021	104	17377	  9.2	 19.0	1.002	 2.3	 0.0
1	2021	105	23089	 10.7	 24.5	1.143	 3.8	 0.1
1	2021	106	23357	 10.7	 22.9	0.582	 3.7	 0.0
1	2021	107	26162	  7.9	 21.4	0.450	 2.4	 0.0
1	2021	108	23057	  8.8	 22.5	0.699	 4.0	 0.0
1	2021	109	25077	  9.5	 24.6	0.941	 3.0	 0.1
1	2021	110	 3362	 13.8	 17.9	1.475	 2.6	19.1
1	2021	111	 3692	 12.3	 14.2	1.385	 3.3	 4.7
1	2021	112	16944	 11.8	 20.9	1.382	 2.7	 1.6
1	2021	113	20505	  9.6	 21.7	1.356	 3.2	 1.3
1	2021	114	 5712	 10.9	 16.6	1.288	 4.4	14.2
1	2021	115	 5623	 12.7	 16.0	1.241	 3.6	 0.1
1	2021	116	13952	 10.7	 19.4	1.338	 1.7	 0.4
1	2021	117	24778	 11.5	 24.4	1.141	 2.5	 0.0
1	2021	118	25431	 13.8	 24.2	0.886	 3.6	 0.0
1	2021	119	25033	 14.5	 29.1	0.896	 5.3	 0.0
1	2021	120	25393	 13.2	 30.3	0.886	 4.5	 0.0
1	2021	121	26488	  9.8	 26.0	1.013	 3.0	 0.0
1	2021	122	20071	 14.2	 22.1	0.734	 4.2	 0.1
1	2021	123	 9270	 12.8	 17.5	1.209	 1.7	15.6
1	2021	124	24094	 10.7	 26.1	1.055	 2.9	 0.0
1	2021	125	26435	 10.3	 27.0	0.792	 3.2	 0.0
1	2021	126	24268	 16.0	 29.7	1.481	 5.6	 0.0
1	2021	127	24601	 17.0	 26.4	0.795	 3.3	 0.0
1	2021	128	26285	 15.4	 32.8	1.494	 3.9	 0.0
1	2021	129	25949	 17.9	 32.4	2.094	 2.5	 0.0
1	2021	130	25085	 19.1	 31.7	1.795	 4.2	 0.0
1	2021	131	17269	 18.0	 27.0	1.566	 3.4	 0.1
1	2021	132	23053	 15.0	 29.3	1.824	 2.1	 0.0
1	2021	133	13354	 17.5	 26.6	2.042	 2.6	 0.9
1	2021	134	10952	 18.7	 25.9	2.269	 2.7	 4.0
1	2021	135	 6085	 18.0	 22.8	2.230	 4.0	20.4
1	2021	136	 7539	 12.6	 17.8	1.224	 4.9	 2.9
1	2021	137	19659	 10.8	 22.6	1.375	 2.0	 0.0
1	2021	138	26451	 11.6	 26.1	1.613	 2.7	 0.0
1	2021	139	 9942	 15.1	 22.8	1.784	 2.5	 0.0
1	2021	140	23979	 14.8	 28.5	1.828	 3.1	 0.2
1	2021	141	23554	 16.6	 29.2	2.064	 2.9	 0.0
1	2021	142	26937	 17.6	 30.4	1.814	 2.7	 0.2
1	2021	143	11879	 18.4	 24.9	1.469	 3.8	 0.5
1	2021	144	28291	 13.8	 31.5	1.186	 4.1	 0.0
1	2021	145	19721	 18.8	 28.0	1.300	 4.2	 0.0
1	2021	146	21525	 19.3	 30.1	1.680	 4.4	 0.0
1	2021	147	25054	 14.6	 32.9	1.474	 4.9	 0.0
1	2021	148	28958	 21.6	 31.4	1.110	 3.2	 0.0
1	2021	149	24910	 20.0	 34.5	1.928	 3.6	 0.0
1	2021	150	27586	 19.2	 33.3	1.938	 2.0	 0.0
1	2021	151	26960	 21.0	 34.8	1.931	 3.0	 0.0
1	2021	152	22829	 22.5	 33.2	2.043	 2.6	 0.2
1	2021	153	25789	 21.9	 36.0	2.064	 2.0	 1.8
1	2021	154	10116	 20.5	 28.0	1.735	 2.1	 5.0
1	2021	155	29521	 17.0	 34.3	0.995	 4.0	 0.0
1	2021	156	28557	 20.8	 38.0	1.212	 4.2	 0.1
1	2021	157	27457	 22.3	 38.2	1.857	 4.0	 0.0
1	2021	158	26087	 26.2	 39.3	1.512	 4.7	 0.0
1	2021	159	26136	 23.9	 37.2	1.731	 2.0	 0.0
1	2021	160	15673	 25.3	 35.3	1.844	 2.1	 0.0
1	2021	161	23494	 23.9	 34.0	1.935	 2.1	 0.0
1	2021	162	24558	 24.0	 35.9	1.925	 2.4	 0.0
1	2021	163	19627	 25.9	 35.3	2.510	 2.9	 1.8
1	2021	164	 9841	 23.3	 28.4	2.904	 3.3	12.5
1	2021	165	13977	 24.2	 33.1	3.247	 2.1	28.4
1	2021	166	15585	 24.6	 31.7	2.817	 3.6	 7.7
1	2021	167	 8211	 23.9	 27.6	2.572	 2.2	 4.1
1	2021	168	 8247	 22.1	 27.1	2.349	 2.7	 6.2
1	2021	169	 9505	 17.7	 23.7	1.792	 3.0	 0.5
1	2021	170	20275	 16.0	 29.9	2.060	 2.3	 0.0
1	2021	171	25808	 18.6	 31.2	1.971	 2.7	 0.0
1	2021	172	27655	 19.6	 32.4	1.923	 2.7	 0.0
1	2021	173	28442	 19.8	 33.3	1.918	 2.3	 0.0
1	2021	174	21936	 20.6	 33.8	1.831	 2.3	 0.0
1	2021	175	26019	 21.0	 34.2	2.015	 2.3	 0.0
1	2021	176	 9239	 23.6	 28.5	2.530	 1.8	 2.4
1	2021	177	20975	 21.8	 33.0	2.688	 2.8	 0.1
1	2021	178	22760	 22.9	 34.1	2.732	 2.0	 0.1
1	2021	179	26092	 23.2	 35.5	2.642	 2.1	 0.0
1	2021	180	24219	 24.8	 36.0	2.491	 2.1	 0.1
1	2021	181	25481	 26.0	 37.2	2.447	 2.9	 0.0
1	2021	182	20760	 24.7	 35.5	2.348	 2.5	 0.3
1	2021	183	19242	 24.0	 34.2	2.419	 3.2	 4.3
1	2021	184	21579	 22.8	 32.5	2.454	 2.1	 1.7
1	2021	185	24598	 23.7	 34.0	2.449	 3.4	 0.0
1	2021	186	21011	 22.3	 31.7	2.303	 2.1	 0.4
1	2021	187	16487	 22.7	 31.2	2.668	 1.8	 0.1
1	2021	188	15044	 23.4	 31.6	2.746	 2.0	 0.2
1	2021	189	25092	 22.5	 35.5	2.730	 2.5	 0.5
1	2021	190	26691	 24.2	 36.7	2.953	 3.3	 0.1
1	2021	191	19016	 26.2	 35.5	3.171	 3.8	 0.0
1	2021	192	 7401	 28.2	 31.6	3.063	 5.8	 2.7
1	2021	193	22501	 28.3	 36.0	3.007	 5.3	 2.1
1	2021	194	25654	 26.6	 37.2	2.962	 4.4	 0.3
1	2021	195	23739	 26.9	 37.1	3.067	 3.2	12.9
1	2021	196	16218	 24.7	 31.8	2.971	 2.4	28.6
1	2021	197	12580	 24.9	 31.0	3.142	 1.0	26.0
1	2021	198	19240	 24.4	 30.2	2.941	 3.0	 0.7
1	2021	199	 8804	 23.8	 28.6	2.969	 3.1	11.1
1	2021	200	 9332	 23.6	 28.9	3.041	 3.9	26.1
1	2021	201	 6878	 23.7	 27.9	3.058	 3.8	55.1
1	2021	202	 5268	 23.9	 29.1	3.085	 3.1	77.5
1	2021	203	19078	 24.4	 29.5	2.898	 3.8	 0.9
1	2021	204	11046	 23.3	 28.5	3.028	 2.9	 5.3
1	2021	205	22308	 24.0	 30.9	2.973	 2.1	 0.3
1	2021	206	23103	 22.7	 31.3	2.926	 1.2	 0.0
1	2021	207	25253	 23.0	 32.0	2.960	 1.7	 0.0
1	2021	208	13953	 24.4	 30.0	3.059	 3.5	 1.4
1	2021	209	11224	 22.9	 26.3	2.702	 6.7	20.0
1	2021	210	20689	 22.8	 28.9	2.496	 4.3	13.2
1	2021	211	24521	 21.7	 32.8	3.057	 2.4	 0.0
1	2021	212	25233	 24.9	 34.0	3.456	 2.6	 0.0
1	2021	213	20217	 25.9	 33.8	3.194	 2.3	 4.5
1	2021	214	23245	 24.4	 30.9	2.695	 3.2	 0.2
1	2021	215	24926	 22.6	 31.4	2.793	 2.2	 0.0
1	2021	216	24090	 23.4	 32.1	3.056	 1.4	 0.0
1	2021	217	18901	 25.0	 32.0	3.098	 1.7	 2.2
1	2021	218	21643	 23.6	 31.8	3.100	 1.7	 0.5
1	2021	219	20908	 24.7	 32.3	3.051	 1.5	 0.0
1	2021	220	19851	 23.6	 31.6	3.017	 1.4	 0.3
1	2021	221	22120	 23.8	 30.8	2.725	 2.4	 0.1
1	2021	222	17755	 20.8	 30.1	2.695	 1.5	 0.0
1	2021	223	16393	 22.5	 30.4	2.837	 2.4	 0.1
1	2021	224	 9207	 24.3	 28.8	2.991	 2.4	 3.8
1	2021	225	 6608	 20.4	 25.2	2.573	 1.5	14.9
1	2021	226	19395	 19.8	 28.2	2.557	 1.9	 0.5
1	2021	227	19184	 20.7	 28.7	2.584	 1.9	 0.4
1	2021	228	18717	 22.4	 29.5	2.870	 1.6	 0.6
1	2021	229	21419	 21.8	 30.2	2.799	 1.7	 0.1
1	2021	230	19854	 22.1	 30.5	2.810	 1.7	 0.5
1	2021	231	19304	 23.1	 30.9	2.969	 2.8	 1.8
1	2021	232	14769	 22.3	 29.5	2.750	 2.9	18.1
1	2021	233	21214	 19.9	 29.9	2.723	 1.8	 0.0
1	2021	234	 4552	 22.1	 26.9	2.850	 3.0	95.8
1	2021	235	11951	 21.1	 27.1	2.436	 3.0	 2.1
1	2021	236	19905	 21.6	 30.7	2.280	 2.6	 0.0
1	2021	237	20304	 20.1	 29.8	2.008	 2.8	 0.0
1	2021	238	 6857	 19.0	 24.3	2.010	 3.4	 5.3
1	2021	239	 7230	 16.7	 21.7	2.115	 1.5	 0.7
1	2021	240	 7927	 16.9	 23.4	2.313	 1.4	 5.9
1	2021	241	 2904	 20.5	 23.5	2.532	 2.6	49.1
1	2021	242	 4285	 20.3	 24.0	2.595	 2.9	27.8
1	2021	243	10635	 21.1	 25.4	2.490	 4.2	 3.9
1	2021	244	 5092	 19.2	 21.2	2.252	 2.8	11.5
1	2021	245	20591	 17.9	 27.9	2.327	 1.4	 0.0
1	2021	246	18785	 18.5	 28.1	2.537	 2.3	 2.2
1	2021	247	 2532	 20.0	 23.8	2.419	 3.4	45.3
1	2021	248	14828	 18.1	 25.4	2.218	 3.8	 0.5
1	2021	249	 4931	 19.8	 23.8	2.376	 2.9	 4.4
1	2021	250	16692	 19.4	 25.8	2.236	 1.7	 0.0
1	2021	251	21649	 17.7	 28.0	2.236	 2.5	 0.0
1	2021	252	21613	 19.2	 30.1	2.504	 3.0	 0.0
1	2021	253	21755	 20.2	 30.9	2.687	 2.1	 0.0
1	2021	254	22028	 20.4	 31.4	2.439	 2.1	 0.0
1	2021	255	21143	 20.7	 30.4	2.477	 2.2	 0.0
1	2021	256	21042	 19.9	 28.8	2.325	 2.3	 0.0
1	2021	257	21259	 18.4	 29.3	2.282	 1.8	 0.0
1	2021	258	17218	 20.5	 28.8	2.399	 1.7	 0.3
1	2021	259	17585	 19.4	 29.1	2.158	 2.6	 0.0
1	2021	260	 3618	 20.7	 22.5	2.200	 3.2	 0.6
1	2021	261	 6465	 20.1	 23.9	2.485	 3.7	11.7
1	2021	262	 3213	 16.1	 22.2	1.948	 4.6	24.9
1	2021	263	18996	 16.1	 26.7	2.047	 3.0	 0.0
1	2021	264	20616	 19.7	 30.1	2.189	 3.3	 0.0
1	2021	265	19003	 19.8	 30.4	2.450	 1.7	 0.0
1	2021	266	18463	 19.7	 30.7	2.249	 2.2	 0.0
1	2021	267	 2967	 21.2	 25.4	2.399	 2.0	35.0
1	2021	268	 3837	 20.1	 22.8	2.319	 4.2	28.4
1	2021	269	 2944	 19.0	 21.0	2.085	 3.9	 1.6
1	2021	270	 9212	 18.9	 23.6	2.136	 2.8	 0.5
1	2021	271	 3054	 16.0	 21.2	2.024	 2.7	 9.5
1	2021	272	18043	 13.2	 26.1	1.944	 1.7	 0.0
1	2021	273	19018	 16.5	 27.5	1.978	 3.2	 0.0
1	2021	274	17375	 18.8	 28.0	2.342	 2.1	 0.0
1	2021	275	17631	 17.9	 29.9	2.341	 2.8	 0.0
1	2021	276	14719	 23.1	 31.5	2.620	 3.4	 0.0
1	2021	277	 9086	 15.1	 26.8	1.898	 6.3	 0.3
1	2021	278	 3087	 12.4	 15.1	1.307	 6.2	 1.3
1	2021	279	 2540	 11.4	 13.3	1.306	 5.4	 3.2
1	2021	280	 1849	 10.8	 12.8	1.302	 3.6	 4.1
1	2021	281	 2503	 12.5	 14.9	1.427	 3.0	 1.0
1	2021	282	 5312	 13.4	 18.7	1.620	 2.6	 0.3
1	2021	283	 3212	 15.1	 17.3	1.177	 4.2	 0.0
1	2021	284	 6725	 12.8	 17.0	0.938	 3.0	 0.0
1	2021	285	14682	 13.3	 19.8	1.078	 2.8	 0.1
1	2021	286	16315	 12.1	 21.6	1.139	 2.2	 0.0
1	2021	287	 9802	 13.6	 21.7	1.436	 3.1	 1.1
1	2021	288	 2211	 14.8	 17.2	1.670	 2.4	 2.7
1	2021	289	12819	  7.8	 15.8	0.728	 4.7	 0.3
1	2021	290	16498	  4.2	 14.7	0.666	 1.8	 0.0
1	2021	291	15794	  8.8	 18.7	0.992	 2.9	 0.0
1	2021	292	 7342	 10.1	 16.0	1.131	 3.6	 1.0
1	2021	293	 5758	  9.0	 13.6	1.125	 2.1	 4.2
1	2021	294	13377	  7.1	 17.7	1.124	 2.2	 0.1
1	2021	295	14757	  5.6	 18.7	1.071	 1.4	 0.0
1	2021	296	13175	  5.8	 18.2	0.991	 1.2	 0.0
1	2021	297	14554	  6.9	 18.7	1.000	 1.4	 0.4
1	2021	298	13689	  6.4	 19.7	1.053	 2.2	 0.0
1	2021	299	 9771	  8.4	 19.9	1.270	 1.9	 0.0
1	2021	300	11992	 10.0	 19.9	1.189	 2.5	 0.0
1	2021	301	12272	  9.4	 20.7	1.158	 1.3	 0.0
1	2021	302	11095	  9.4	 21.3	1.263	 2.2	 0.0
1	2021	303	13872	  9.8	 22.4	1.379	 2.1	 0.0
1	2021	304	 9577	 10.4	 20.5	1.326	 2.4	 0.0
1	2021	305	 8737	 10.0	 17.6	1.109	 3.4	 0.0
1	2021	306	 9565	 10.9	 18.8	1.346	 1.6	 0.2
1	2021	307	10903	  9.6	 20.2	1.237	 1.8	 0.0
1	2021	308	 9501	  9.5	 20.8	1.326	 2.1	 0.1
1	2021	309	 5753	 14.3	 20.4	1.474	 1.9	 0.0
1	2021	310	 4716	 10.3	 18.8	1.472	 3.8	 4.3
1	2021	311	 5023	  3.3	  9.9	0.532	 6.5	11.9
1	2021	312	13571	  0.2	 10.6	0.394	 3.4	 0.0
1	2021	313	13207	  2.9	 13.5	0.420	 4.7	 0.0
1	2021	314	12811	  5.6	 14.7	0.521	 3.2	 0.0
1	2021	315	12420	  5.8	 15.2	0.584	 2.2	 0.0
1	2021	316	12313	  5.6	 15.7	0.538	 2.8	 0.0
1	2021	317	12595	  4.9	 17.9	0.482	 3.3	 0.0
1	2021	318	12518	  3.9	 17.6	0.605	 2.2	 0.0
1	2021	319	11340	  6.3	 17.5	0.771	 2.6	 0.0
1	2021	320	10985	  6.2	 15.7	0.855	 2.9	 0.0
1	2021	321	 8844	  8.2	 18.5	0.913	 2.4	 0.0
1	2021	322	11582	  8.1	 19.2	0.924	 3.5	 0.0
1	2021	323	 9423	  7.7	 18.1	1.072	 2.3	 0.0
1	2021	324	 4253	  8.3	 13.4	0.893	 3.7	 0.2
1	2021	325	 6489	  4.7	 13.9	0.537	 4.4	 0.0
1	2021	326	11915	 -0.1	  7.9	0.238	 2.5	 0.0
1	2021	327	11572	 -2.6	 12.4	0.374	 2.9	 0.0
1	2021	328	11373	  4.2	 17.2	0.437	 4.1	 0.0
1	2021	329	11223	  2.0	 15.9	0.473	 1.9	 0.0
1	2021	330	10880	  2.1	 15.4	0.609	 2.4	 0.0
1	2021	331	 9924	  1.7	 14.3	0.693	 2.1	 0.0
1	2021	332	 8427	  4.6	 13.7	0.875	 1.8	 0.0
1	2021	333	 5436	  2.7	 13.9	0.722	 4.1	 0.7
1	2021	334	10974	  0.4	 10.3	0.341	 3.8	 0.0
1	2021	335	10801	 -2.7	  9.9	0.353	 2.0	 0.0
1	2021	336	10745	  0.4	 12.8	0.332	 4.3	 0.0
1	2021	337	10579	  1.2	 13.8	0.353	 1.9	 0.0
1	2021	338	10518	 -0.6	 15.1	0.461	 2.1	 0.0
1	2021	339	10339	  1.0	 15.4	0.555	 2.1	 0.0
1	2021	340	10283	  2.5	 13.8	0.468	 4.2	 0.0
1	2021	341	 9419	  2.4	 10.5	0.550	 2.8	 0.0
1	2021	342	 4838	  3.3	  9.9	0.669	 1.5	 0.0
1	2021	343	 9799	  1.0	 13.7	0.731	 2.3	 0.0
1	2021	344	 6881	  1.3	 13.1	0.865	 2.2	 1.4
1	2021	345	 6169	  6.3	 11.8	0.948	 2.2	 3.5
1	2021	346	 7587	  0.9	  8.9	0.565	 3.4	 0.0
1	2021	347	 9570	 -2.4	  9.8	0.539	 2.6	 0.0
1	2021	348	 9756	  3.1	 13.4	0.785	 3.2	 0.0
1	2021	349	 7404	  1.5	 12.7	0.774	 1.5	 0.0
1	2021	350	 7461	  1.5	 12.6	0.510	 3.0	 0.0
1	2021	351	 9507	 -2.6	  4.7	0.238	 3.5	 0.0
1	2021	352	 8855	 -3.0	 10.0	0.310	 3.6	 0.0
1	2021	353	 9962	  0.1	 13.5	0.443	 3.7	 0.0
1	2021	354	 9955	  3.1	 15.6	0.449	 3.7	 0.0
1	2021	355	10107	  0.1	 14.6	0.418	 1.8	 0.0
1	2021	356	 9882	 -0.4	 12.2	0.585	 2.8	 0.0
1	2021	357	 8896	 -0.4	  9.8	0.631	 3.7	 0.0
1	2021	358	 4864	 -3.2	  4.5	0.468	 5.7	 1.5
1	2021	359	 9038	 -6.3	 -0.9	0.214	 3.7	 0.0
1	2021	360	10225	 -7.5	  0.8	0.230	 1.5	 0.0
1	2021	361	10411	 -6.9	  4.6	0.261	 2.4	 0.0
1	2021	362	10048	 -3.3	  8.2	0.338	 3.5	 0.0
1	2021	363	10434	 -1.5	  8.8	0.256	 3.4	 0.0
1	2021	364	 9727	 -3.5	  9.7	0.286	 2.5	 0.0
1	2021	365	 6788	 -2.6	  8.6	0.358	 1.6	 0.0
