*------------------------------------------------------------*
*   Country: China
*   Station: 114.9_33.1
*      Year: 2021
*    Origin: AgERA5 dataset
*    Author: Huang Hai, CAU
* Longitude: 114.90 E
*  Latitude: 33.10 N
* Elevation: 40.00 m
*   Columns: 
*   ======== 
*  station number
*  year
*  day
*  irradiation (kJ路m-2路d-1)
*  minimum temperature (degrees Celsius)
*  maximum temperature (degrees Celsius)
*  vapour pressure (kPa)
*  mean wind speed (m路s-1)
*  precipitation (mm路d-1)
** WCCDESCRIPTION=114.9_33.1, China
** WCCFORMAT=2
** WCCYEARNR=2021
*------------------------------------------------------------*
114.90  33.10  40.00  -0.18  -0.55
1	2021	  1	10891	 -4.9	  7.5	0.373	 2.9	 0.0
1	2021	  2	 9170	 -4.6	  8.9	0.501	 2.0	 0.0
1	2021	  3	 8854	 -3.2	  7.0	0.502	 2.3	 0.0
1	2021	  4	 6791	 -2.8	  7.5	0.562	 2.5	 0.0
1	2021	  5	 3779	 -1.9	  1.9	0.429	 2.9	 0.2
1	2021	  6	 8800	 -5.1	  4.2	0.331	 2.6	 0.0
1	2021	  7	11081	 -9.2	 -4.2	0.116	 2.8	 0.0
1	2021	  8	11822	 -7.5	  1.6	0.144	 3.3	 0.0
1	2021	  9	11747	 -6.8	  3.4	0.183	 2.2	 0.0
1	2021	 10	 8367	 -5.0	  3.9	0.251	 2.0	 0.0
1	2021	 11	11813	 -3.3	  5.3	0.221	 4.3	 0.0
1	2021	 12	11789	 -2.6	 12.1	0.319	 5.0	 0.0
1	2021	 13	11825	  2.8	 15.3	0.508	 3.8	 0.0
1	2021	 14	11722	  1.4	 16.5	0.554	 3.5	 0.0
1	2021	 15	10634	  2.0	 11.8	0.393	 3.8	 0.0
1	2021	 16	 7756	 -1.8	  4.6	0.377	 2.5	 0.0
1	2021	 17	12547	 -3.6	  6.7	0.271	 3.4	 0.0
1	2021	 18	12356	 -0.9	 12.4	0.461	 3.0	 0.0
1	2021	 19	12348	 -1.0	 12.5	0.478	 2.8	 0.0
1	2021	 20	 7307	 -2.1	 10.1	0.536	 1.4	 0.0
1	2021	 21	 7036	  1.9	 10.5	0.629	 1.5	 0.0
1	2021	 22	 5195	  1.0	  9.1	0.717	 1.6	 2.7
1	2021	 23	 7867	  3.6	  8.9	0.764	 1.7	 3.7
1	2021	 24	 7100	 -1.0	  8.0	0.661	 2.8	 0.1
1	2021	 25	 1863	  2.3	  5.4	0.738	 2.9	 4.4
1	2021	 26	12872	 -1.3	 10.5	0.651	 2.4	 0.0
1	2021	 27	 5588	 -1.2	  9.2	0.778	 1.9	 0.0
1	2021	 28	13774	 -1.0	  9.1	0.370	 3.4	 0.0
1	2021	 29	13513	 -2.3	 12.6	0.454	 3.1	 0.0
1	2021	 30	11708	  0.2	 14.2	0.597	 1.9	 0.0
1	2021	 31	12502	  0.1	 15.0	0.684	 2.5	 0.0
1	2021	 32	11340	  3.1	 14.5	0.696	 2.6	 0.0
1	2021	 33	13613	 -0.1	 10.0	0.579	 2.4	 0.0
1	2021	 34	13758	  0.5	 15.4	0.655	 2.9	 0.0
1	2021	 35	13090	  0.3	 12.6	0.586	 2.5	 0.0
1	2021	 36	13501	  4.4	 15.5	0.744	 3.0	 0.2
1	2021	 37	13068	  4.7	 18.0	0.898	 3.4	 0.0
1	2021	 38	13704	  3.4	 14.1	0.721	 3.9	 0.0
1	2021	 39	12084	  2.5	  9.5	0.471	 3.1	 0.0
1	2021	 40	14154	  0.5	 12.9	0.609	 2.4	 0.0
1	2021	 41	11461	  2.5	 14.9	0.750	 1.7	 0.0
1	2021	 42	14704	  1.7	 16.0	0.895	 2.3	 0.0
1	2021	 43	13696	  5.1	 17.5	1.077	 2.4	 0.0
1	2021	 44	 9655	  7.1	 17.1	1.122	 1.8	 0.0
1	2021	 45	15145	  7.7	 18.0	1.124	 2.6	 3.7
1	2021	 46	 8433	  3.8	  9.4	0.727	 3.1	 0.0
1	2021	 47	15371	  1.7	 15.0	0.629	 2.6	 0.0
1	2021	 48	16081	  0.2	 10.9	0.555	 2.1	 0.0
1	2021	 49	16095	  0.1	 14.1	0.589	 2.6	 0.0
1	2021	 50	16384	  6.0	 21.0	0.786	 4.2	 0.0
1	2021	 51	16847	  8.9	 23.0	0.851	 4.4	 0.0
1	2021	 52	16643	 12.1	 24.9	0.983	 4.6	 0.0
1	2021	 53	16960	  8.0	 21.5	0.813	 4.5	 0.0
1	2021	 54	14852	  6.0	 14.1	0.540	 4.9	 0.0
1	2021	 55	 6959	  4.1	 10.3	0.711	 4.7	 2.2
1	2021	 56	 2802	  2.1	  6.6	0.741	 5.1	 5.0
1	2021	 57	 5387	  3.3	  7.4	0.733	 3.4	 8.3
1	2021	 58	 6748	  4.8	 10.0	0.820	 2.0	 0.0
1	2021	 59	 1384	  7.4	 10.1	1.109	 1.9	 7.9
1	2021	 60	 6701	  1.2	  8.9	0.783	 4.5	 2.2
1	2021	 61	18254	 -2.5	 11.5	0.682	 1.9	 0.0
1	2021	 62	16566	  4.0	 14.6	0.780	 2.5	 0.0
1	2021	 63	18470	  4.6	 17.6	0.982	 2.9	 0.0
1	2021	 64	10948	  7.3	 17.5	1.053	 2.7	 0.1
1	2021	 65	 5772	  2.7	 12.1	0.703	 5.1	 1.1
1	2021	 66	17540	  0.2	 10.3	0.599	 1.9	 0.0
1	2021	 67	 7717	  3.3	  9.9	0.810	 1.6	 5.3
1	2021	 68	 6452	  6.2	 11.0	0.985	 1.4	 0.0
1	2021	 69	 8120	  7.5	 13.0	1.015	 2.2	 1.1
1	2021	 70	 4603	  8.0	 12.6	1.129	 1.8	 5.7
1	2021	 71	12760	  3.8	 14.1	0.998	 1.8	 0.0
1	2021	 72	10563	  7.2	 14.4	1.028	 1.7	 0.9
1	2021	 73	14392	  6.2	 18.1	1.240	 2.9	 0.1
1	2021	 74	 4537	 14.1	 19.0	1.636	 2.3	16.1
1	2021	 75	13851	 10.4	 16.0	1.013	 3.8	 0.4
1	2021	 76	 5236	  8.6	 10.8	0.719	 3.4	 0.0
1	2021	 77	 3466	  6.8	 10.4	0.860	 3.7	 5.3
1	2021	 78	 3946	  5.7	  8.5	0.877	 3.0	10.9
1	2021	 79	13067	  2.3	 13.0	0.934	 2.2	 0.0
1	2021	 80	20551	  4.0	 12.6	0.659	 2.9	 0.0
1	2021	 81	22549	  1.6	 15.3	0.622	 2.8	 0.0
1	2021	 82	17511	  5.6	 17.5	0.774	 4.3	 0.0
1	2021	 83	21529	  7.4	 20.6	1.084	 3.0	 0.0
1	2021	 84	21893	  8.4	 21.6	1.105	 3.1	 0.0
1	2021	 85	 7333	  9.4	 17.6	1.317	 1.3	 9.4
1	2021	 86	14643	  9.8	 19.5	1.450	 2.1	 0.1
1	2021	 87	22369	 11.6	 24.3	1.576	 3.7	 0.0
1	2021	 88	16639	 10.4	 22.2	1.494	 3.0	 0.0
1	2021	 89	18248	  9.5	 20.1	1.043	 4.0	 0.3
1	2021	 90	 3658	  9.2	 15.4	1.094	 4.4	11.7
1	2021	 91	 3124	 10.3	 13.1	1.212	 3.3	 1.6
1	2021	 92	 3025	  9.9	 11.8	1.236	 3.2	 3.9
1	2021	 93	 6073	  8.9	 12.4	1.087	 4.3	 0.5
1	2021	 94	22527	  4.3	 15.0	0.725	 3.0	 0.0
1	2021	 95	11008	  4.6	 14.9	0.843	 2.0	 0.0
1	2021	 96	21716	  6.2	 18.3	1.050	 1.3	 0.0
1	2021	 97	 4686	  9.0	 13.4	1.183	 1.5	 7.0
1	2021	 98	22660	  5.1	 18.4	1.092	 1.9	 0.0
1	2021	 99	22534	  5.8	 19.3	0.998	 2.6	 0.0
1	2021	100	22210	  8.6	 18.9	0.903	 3.3	 0.1
1	2021	101	 4990	 12.0	 15.2	1.306	 2.2	 0.0
1	2021	102	20681	 10.3	 21.1	1.437	 1.9	 0.0
1	2021	103	16314	 11.3	 19.6	1.296	 3.6	 0.6
1	2021	104	17293	 11.4	 17.8	1.144	 2.4	 0.5
1	2021	105	18298	 11.1	 22.2	1.456	 3.1	 2.5
1	2021	106	19690	 11.7	 21.0	0.977	 2.7	 0.0
1	2021	107	25863	  8.8	 19.1	0.700	 2.6	 0.0
1	2021	108	21856	  7.3	 19.8	0.795	 2.8	 0.0
1	2021	109	23986	  7.3	 22.9	1.057	 2.2	 0.6
1	2021	110	 3775	 14.5	 17.1	1.538	 2.4	16.9
1	2021	111	 4288	 13.4	 16.4	1.545	 2.7	10.8
1	2021	112	11821	 12.7	 19.5	1.536	 2.7	 3.8
1	2021	113	21205	 11.2	 21.4	1.448	 3.0	 0.3
1	2021	114	 6273	 12.1	 16.7	1.382	 4.1	 6.5
1	2021	115	 6800	 13.4	 16.1	1.348	 3.0	 0.1
1	2021	116	 8746	 11.1	 16.3	1.373	 1.6	 0.6
1	2021	117	22484	 10.2	 23.4	1.357	 2.2	 0.0
1	2021	118	21763	 12.5	 22.3	1.084	 3.1	 0.0
1	2021	119	23923	 14.2	 26.9	1.337	 5.2	 0.1
1	2021	120	25000	 14.7	 29.1	1.420	 4.5	 0.2
1	2021	121	26620	 10.3	 25.1	1.115	 2.4	 0.0
1	2021	122	22570	 14.2	 21.9	0.811	 5.2	 0.0
1	2021	123	11619	 14.1	 20.6	1.343	 2.8	31.0
1	2021	124	25415	 11.4	 24.4	1.389	 3.4	 2.6
1	2021	125	20612	 10.1	 24.5	1.154	 2.2	 0.0
1	2021	126	21669	 15.0	 26.5	1.542	 5.4	 0.0
1	2021	127	23643	 15.9	 23.8	1.260	 2.8	 0.0
1	2021	128	26821	 13.5	 29.7	1.856	 3.8	 0.0
1	2021	129	26296	 18.5	 31.0	2.235	 3.4	 0.0
1	2021	130	25109	 19.6	 32.3	2.168	 2.5	 0.7
1	2021	131	14338	 17.4	 25.3	1.778	 3.1	 2.6
1	2021	132	16349	 15.2	 25.3	1.952	 1.8	 0.0
1	2021	133	13875	 17.0	 25.7	2.160	 2.6	 2.5
1	2021	134	 5954	 19.7	 24.9	2.499	 1.9	19.1
1	2021	135	 4471	 20.5	 23.2	2.428	 2.9	25.9
1	2021	136	 9975	 12.7	 20.6	1.336	 5.1	 9.1
1	2021	137	18382	 10.5	 21.1	1.350	 1.6	 0.0
1	2021	138	21877	 11.3	 23.0	1.534	 2.1	 0.0
1	2021	139	11911	 13.9	 21.5	1.782	 1.8	 2.1
1	2021	140	24508	 13.7	 25.7	1.847	 2.6	 0.1
1	2021	141	23611	 16.2	 27.6	2.061	 2.4	 0.1
1	2021	142	25772	 17.0	 29.2	2.090	 1.9	 0.0
1	2021	143	 7426	 16.9	 22.3	1.975	 3.0	 1.6
1	2021	144	27419	 13.9	 28.7	1.597	 3.3	 0.0
1	2021	145	18993	 17.1	 26.8	1.609	 3.6	 0.1
1	2021	146	17969	 17.2	 25.8	1.889	 4.1	 0.7
1	2021	147	23887	 16.1	 30.5	1.987	 4.3	 0.0
1	2021	148	28121	 19.5	 29.6	1.431	 2.6	 0.0
1	2021	149	22951	 19.7	 30.3	2.166	 3.9	 0.0
1	2021	150	27802	 18.8	 31.2	2.195	 2.4	 0.0
1	2021	151	26981	 20.1	 32.7	2.364	 2.2	 0.0
1	2021	152	22783	 21.1	 33.0	2.338	 1.6	 0.2
1	2021	153	25864	 21.8	 33.6	2.294	 2.2	 0.0
1	2021	154	 5938	 18.5	 26.1	1.897	 2.5	 0.3
1	2021	155	29276	 16.6	 32.3	1.380	 4.2	 0.0
1	2021	156	28465	 20.0	 34.6	1.649	 5.0	 0.0
1	2021	157	28156	 21.0	 35.0	1.840	 4.3	 0.0
1	2021	158	26624	 23.9	 36.9	1.507	 3.9	 0.0
1	2021	159	23945	 22.2	 35.8	1.824	 1.7	 0.0
1	2021	160	20002	 22.8	 34.9	1.864	 2.2	 0.0
1	2021	161	24385	 23.3	 34.9	2.001	 1.3	 0.0
1	2021	162	25198	 22.7	 35.4	2.207	 1.8	 0.0
1	2021	163	18681	 24.4	 34.2	2.675	 2.4	 1.4
1	2021	164	10366	 23.2	 29.6	3.032	 2.5	21.4
1	2021	165	16212	 24.1	 33.0	3.284	 2.7	29.3
1	2021	166	14015	 24.7	 32.2	3.039	 2.5	17.8
1	2021	167	 8259	 23.8	 27.2	2.615	 2.6	 6.5
1	2021	168	 9136	 22.7	 27.2	2.577	 2.5	 5.7
1	2021	169	 6007	 18.5	 22.7	2.035	 2.3	 7.1
1	2021	170	15073	 16.2	 27.1	2.140	 1.8	 0.0
1	2021	171	20016	 17.8	 29.4	2.178	 1.8	 0.0
1	2021	172	24578	 18.6	 30.8	2.196	 1.9	 0.0
1	2021	173	28477	 18.9	 32.2	2.097	 2.2	 0.0
1	2021	174	24397	 20.5	 33.0	1.903	 2.6	 0.0
1	2021	175	26957	 21.7	 33.2	2.147	 2.0	 0.0
1	2021	176	 9288	 24.0	 28.8	2.672	 1.8	 2.3
1	2021	177	15649	 22.6	 30.1	2.804	 1.9	 5.8
1	2021	178	17659	 22.1	 30.6	2.904	 1.8	 1.4
1	2021	179	26073	 21.9	 32.7	2.894	 1.8	 0.0
1	2021	180	25582	 23.6	 33.2	2.777	 1.8	 0.0
1	2021	181	26440	 24.0	 34.5	2.797	 2.3	 0.0
1	2021	182	24080	 23.7	 33.5	2.622	 2.4	 0.0
1	2021	183	17441	 24.4	 30.9	2.719	 3.7	12.4
1	2021	184	22993	 21.6	 31.2	2.502	 2.8	13.0
1	2021	185	21153	 21.6	 30.7	2.517	 2.6	 1.1
1	2021	186	12563	 21.1	 27.3	2.620	 1.3	18.9
1	2021	187	 4026	 23.3	 24.9	2.963	 1.0	49.2
1	2021	188	 6503	 23.4	 26.6	3.042	 1.0	15.6
1	2021	189	18744	 21.9	 31.2	3.033	 2.4	 0.2
1	2021	190	24674	 23.5	 33.4	3.180	 3.3	 0.0
1	2021	191	19176	 25.8	 32.3	3.325	 3.8	 0.1
1	2021	192	11382	 27.6	 31.5	3.144	 5.1	 0.0
1	2021	193	15724	 27.0	 32.5	3.036	 5.9	 2.9
1	2021	194	25052	 26.0	 33.5	3.219	 5.0	 0.1
1	2021	195	24241	 26.8	 34.3	3.215	 3.7	 0.2
1	2021	196	18394	 25.1	 33.1	3.087	 2.6	14.4
1	2021	197	 8545	 24.2	 28.4	3.083	 1.6	19.3
1	2021	198	17307	 24.1	 30.1	3.000	 2.1	 7.1
1	2021	199	12245	 23.6	 28.6	3.008	 2.7	 6.4
1	2021	200	11379	 24.1	 30.1	3.174	 3.3	29.7
1	2021	201	11003	 24.5	 30.6	3.257	 3.0	14.9
1	2021	202	11473	 25.4	 31.1	3.155	 3.7	 5.3
1	2021	203	16266	 24.8	 29.5	2.889	 4.0	 0.3
1	2021	204	18324	 24.4	 30.2	3.122	 3.3	 1.6
1	2021	205	24273	 24.4	 30.8	2.896	 2.8	 0.1
1	2021	206	23510	 23.6	 31.3	2.943	 2.0	 0.2
1	2021	207	20741	 24.2	 31.2	3.001	 3.0	 0.1
1	2021	208	11093	 25.2	 30.1	3.120	 4.8	 6.7
1	2021	209	 8849	 22.6	 25.8	2.771	 7.6	46.2
1	2021	210	17965	 22.3	 28.8	2.582	 4.7	 4.3
1	2021	211	24890	 21.2	 32.6	3.031	 2.5	 0.0
1	2021	212	24798	 24.7	 33.9	3.372	 2.0	 0.0
1	2021	213	23778	 24.2	 34.3	3.184	 2.3	 4.1
1	2021	214	18870	 23.8	 31.1	3.055	 2.7	 6.0
1	2021	215	21511	 24.2	 31.5	3.197	 2.3	 1.1
1	2021	216	20139	 24.1	 31.3	3.248	 2.3	 0.9
1	2021	217	19730	 25.5	 31.6	3.220	 2.5	 1.6
1	2021	218	21687	 24.6	 31.7	3.248	 2.2	 0.6
1	2021	219	14587	 24.6	 31.1	3.118	 1.9	 0.1
1	2021	220	21752	 23.3	 31.8	3.027	 1.4	 0.0
1	2021	221	11965	 22.5	 29.1	2.862	 1.8	 2.7
1	2021	222	20969	 20.9	 30.8	2.763	 2.1	 0.0
1	2021	223	14431	 24.2	 29.9	3.100	 2.6	 0.8
1	2021	224	 4587	 24.9	 27.4	3.183	 2.6	 8.2
1	2021	225	 4743	 20.9	 24.9	2.504	 2.9	17.4
1	2021	226	15778	 20.6	 27.5	2.574	 2.1	 0.0
1	2021	227	17031	 21.0	 28.5	2.794	 1.9	 1.0
1	2021	228	 9997	 22.4	 27.8	2.892	 1.7	 2.6
1	2021	229	21167	 21.6	 30.0	2.814	 2.0	 0.0
1	2021	230	20471	 21.4	 30.5	2.811	 1.8	 0.3
1	2021	231	19642	 22.7	 30.6	2.989	 2.7	 0.2
1	2021	232	10966	 23.3	 28.2	2.893	 2.4	17.9
1	2021	233	22938	 19.7	 29.6	2.734	 1.5	 0.0
1	2021	234	 8398	 23.2	 28.8	3.091	 3.3	 8.1
1	2021	235	 5879	 21.6	 26.0	2.514	 2.9	17.7
1	2021	236	22728	 20.7	 30.2	2.616	 2.1	 0.0
1	2021	237	21325	 20.6	 31.6	2.618	 2.6	 0.0
1	2021	238	 4237	 19.8	 25.0	2.134	 2.0	12.2
1	2021	239	 3380	 19.4	 21.0	2.250	 1.0	22.3
1	2021	240	10725	 19.0	 25.1	2.441	 1.5	 5.8
1	2021	241	 7446	 21.7	 28.0	2.882	 2.3	10.2
1	2021	242	11993	 22.8	 29.8	3.054	 2.0	16.8
1	2021	243	16513	 22.1	 29.1	2.922	 2.9	 0.1
1	2021	244	 8339	 20.6	 23.8	2.381	 2.7	 8.3
1	2021	245	12763	 19.9	 26.9	2.347	 1.9	 0.8
1	2021	246	20029	 17.7	 28.6	2.569	 2.4	 0.5
1	2021	247	 4507	 22.8	 27.9	2.795	 3.2	47.7
1	2021	248	13507	 19.0	 26.0	2.243	 3.2	 0.3
1	2021	249	 9075	 20.0	 25.0	2.340	 3.4	 0.8
1	2021	250	11280	 19.0	 25.2	2.255	 1.7	 0.4
1	2021	251	19888	 16.2	 28.0	2.229	 1.9	 0.0
1	2021	252	18537	 19.5	 29.4	2.494	 2.6	 0.0
1	2021	253	22012	 20.0	 31.6	2.592	 2.0	 0.0
1	2021	254	22079	 19.6	 31.9	2.444	 2.0	 0.0
1	2021	255	21622	 21.8	 30.6	2.459	 2.9	 0.0
1	2021	256	21512	 19.6	 28.8	2.271	 2.8	 0.0
1	2021	257	21822	 18.2	 29.3	2.197	 2.2	 0.0
1	2021	258	17809	 19.2	 29.5	2.240	 1.4	 0.0
1	2021	259	15728	 21.1	 29.3	2.376	 1.4	 0.1
1	2021	260	13963	 21.1	 27.2	2.307	 2.7	 0.3
1	2021	261	15512	 21.5	 29.3	2.301	 3.2	 0.0
1	2021	262	10958	 17.0	 28.8	2.201	 3.5	15.5
1	2021	263	16493	 16.7	 26.6	1.983	 3.6	 0.1
1	2021	264	20524	 21.2	 31.2	2.214	 3.6	 0.0
1	2021	265	20057	 21.4	 32.3	2.356	 2.7	 0.0
1	2021	266	20117	 19.7	 32.6	2.093	 2.6	 0.0
1	2021	267	 5882	 22.1	 26.6	2.402	 2.7	 3.5
1	2021	268	 9981	 23.2	 29.5	2.725	 2.4	 9.3
1	2021	269	10410	 20.5	 26.1	2.406	 3.0	 0.6
1	2021	270	 8199	 19.9	 24.5	2.178	 2.7	 0.2
1	2021	271	 7427	 18.9	 24.3	2.218	 2.4	 6.7
1	2021	272	19367	 14.9	 25.7	1.886	 1.7	 1.3
1	2021	273	19119	 15.2	 27.9	2.022	 2.5	 0.0
1	2021	274	18195	 18.7	 29.2	2.292	 1.5	 0.0
1	2021	275	18246	 19.8	 30.9	2.286	 2.6	 0.0
1	2021	276	17700	 22.3	 33.5	2.438	 4.0	 0.0
1	2021	277	16708	 19.0	 34.0	2.445	 3.2	 0.0
1	2021	278	 6659	 15.7	 19.9	1.491	 4.9	 0.5
1	2021	279	 4603	 13.4	 17.1	1.418	 4.6	 1.9
1	2021	280	 5586	 12.7	 16.1	1.319	 3.9	 0.1
1	2021	281	 4173	 13.0	 18.3	1.526	 2.8	 0.7
1	2021	282	 4909	 15.8	 21.1	1.748	 3.3	 1.2
1	2021	283	 2563	 15.2	 17.3	1.300	 5.1	 7.6
1	2021	284	11879	 13.8	 18.1	0.880	 3.8	 0.0
1	2021	285	15441	 13.1	 20.8	1.027	 3.2	 0.3
1	2021	286	16691	 12.2	 22.9	1.164	 2.8	 0.0
1	2021	287	 4348	 16.6	 22.4	1.413	 3.7	 0.5
1	2021	288	 2219	 14.5	 17.1	1.579	 4.0	12.5
1	2021	289	 8453	  8.7	 16.3	1.006	 4.4	 7.0
1	2021	290	16802	  5.1	 14.8	0.656	 2.2	 0.0
1	2021	291	16061	  8.2	 18.4	0.941	 2.7	 0.0
1	2021	292	 7949	  9.5	 18.3	1.125	 2.4	 0.4
1	2021	293	 3363	  9.0	 12.9	1.145	 1.5	 6.6
1	2021	294	12259	  6.9	 17.2	1.118	 2.0	 0.0
1	2021	295	15602	  5.6	 18.2	1.022	 1.7	 0.0
1	2021	296	14386	  5.8	 18.4	0.979	 1.9	 0.0
1	2021	297	13631	  7.9	 19.1	1.009	 1.4	 0.0
1	2021	298	11580	  6.6	 19.4	1.045	 1.6	 0.0
1	2021	299	12037	  7.4	 20.5	1.189	 1.5	 0.0
1	2021	300	14088	 10.1	 21.2	1.253	 1.9	 0.0
1	2021	301	13871	 11.0	 21.5	1.282	 1.2	 0.0
1	2021	302	12082	  9.4	 21.5	1.257	 1.9	 0.0
1	2021	303	14255	  9.0	 22.7	1.248	 2.1	 0.0
1	2021	304	11722	  9.5	 22.9	1.284	 1.7	 0.0
1	2021	305	11828	 12.0	 19.9	1.352	 3.1	 0.0
1	2021	306	11606	 12.5	 20.6	1.455	 1.7	 0.1
1	2021	307	12893	 10.7	 21.0	1.336	 1.2	 0.0
1	2021	308	 9567	 11.5	 21.5	1.381	 1.9	 0.1
1	2021	309	 9516	 13.6	 21.2	1.589	 1.9	 2.9
1	2021	310	 4675	 14.3	 19.5	1.693	 3.2	 1.1
1	2021	311	 2053	  3.6	 16.1	0.603	 6.8	21.1
1	2021	312	13956	 -0.2	  9.6	0.401	 3.1	 0.0
1	2021	313	13560	  1.9	 13.5	0.434	 4.0	 0.0
1	2021	314	13140	  4.9	 14.5	0.537	 3.0	 0.0
1	2021	315	12440	  4.5	 15.2	0.617	 2.2	 0.0
1	2021	316	11466	  4.6	 15.3	0.591	 2.5	 0.0
1	2021	317	12906	  4.1	 17.8	0.627	 2.9	 0.0
1	2021	318	12801	  4.0	 18.2	0.700	 2.1	 0.0
1	2021	319	11656	  7.5	 19.1	0.883	 1.8	 0.0
1	2021	320	11542	  7.7	 17.8	0.958	 2.6	 0.0
1	2021	321	 6568	  9.2	 17.2	1.069	 1.6	 0.0
1	2021	322	11904	  6.9	 19.4	0.947	 2.6	 0.0
1	2021	323	11400	  7.1	 19.5	1.080	 1.9	 0.0
1	2021	324	 4734	  8.5	 16.1	1.213	 3.2	 1.5
1	2021	325	 5970	  6.2	 13.3	0.681	 4.4	 0.0
1	2021	326	12087	 -0.2	  8.2	0.254	 2.5	 0.0
1	2021	327	11939	 -1.7	 12.3	0.372	 2.7	 0.0
1	2021	328	11570	  4.5	 17.4	0.663	 3.6	 0.0
1	2021	329	11573	  2.4	 16.1	0.596	 1.6	 0.0
1	2021	330	11286	  2.0	 16.5	0.601	 1.7	 0.0
1	2021	331	10664	  3.8	 14.8	0.740	 2.8	 0.0
1	2021	332	 9572	  5.1	 14.6	0.880	 2.0	 0.1
1	2021	333	 8213	  2.5	 15.0	0.787	 3.5	 0.6
1	2021	334	11275	  1.3	 10.8	0.358	 3.4	 0.0
1	2021	335	11088	 -2.5	  9.5	0.330	 1.8	 0.0
1	2021	336	11035	  0.0	 13.1	0.349	 3.6	 0.0
1	2021	337	10954	  1.0	 13.6	0.373	 1.8	 0.0
1	2021	338	10583	  1.1	 15.3	0.444	 2.0	 0.0
1	2021	339	10668	  0.6	 15.8	0.530	 2.1	 0.0
1	2021	340	10476	  2.6	 14.9	0.503	 3.4	 0.0
1	2021	341	10133	  2.5	 11.6	0.657	 3.0	 0.0
1	2021	342	 6856	  5.7	 12.8	0.785	 2.3	 0.2
1	2021	343	10076	  2.2	 14.0	0.804	 1.9	 0.0
1	2021	344	 9368	  2.1	 15.3	0.830	 2.2	 0.0
1	2021	345	 3272	  6.4	 10.6	0.954	 2.4	 2.7
1	2021	346	 5506	  2.5	 10.2	0.705	 2.8	 0.0
1	2021	347	10135	 -0.9	 10.6	0.567	 2.4	 0.0
1	2021	348	 9836	  3.6	 13.7	0.860	 2.7	 0.0
1	2021	349	 5216	  3.3	 13.8	0.959	 1.2	 0.1
1	2021	350	 7965	  3.3	 13.5	0.608	 3.0	 0.2
1	2021	351	10297	 -2.6	  6.2	0.298	 3.2	 0.0
1	2021	352	10297	 -3.8	  9.6	0.321	 3.0	 0.0
1	2021	353	10248	 -0.4	 13.5	0.485	 3.0	 0.0
1	2021	354	10155	  4.3	 16.1	0.610	 3.4	 0.0
1	2021	355	10365	  2.0	 15.7	0.619	 1.7	 0.0
1	2021	356	10234	 -0.3	 16.1	0.679	 1.8	 0.0
1	2021	357	 9733	  1.2	 13.3	0.740	 2.9	 0.0
1	2021	358	 2350	 -1.3	  6.0	0.560	 5.2	 0.2
1	2021	359	10098	 -5.7	 -0.1	0.246	 4.0	 0.0
1	2021	360	10244	 -6.9	  0.2	0.208	 2.0	 0.0
1	2021	361	10697	 -6.6	  3.8	0.261	 2.0	 0.0
1	2021	362	10265	 -3.8	  7.9	0.350	 3.1	 0.0
1	2021	363	10775	 -1.3	  9.1	0.320	 3.1	 0.0
1	2021	364	10018	 -4.0	  9.4	0.300	 2.5	 0.0
1	2021	365	 8547	 -4.0	  9.5	0.359	 2.1	 0.0
