*------------------------------------------------------------*
*   Country: China
*   Station: 114.4_34.4
*      Year: 2021
*    Origin: AgERA5 dataset
*    Author: Huang Hai, CAU
* Longitude: 114.40 E
*  Latitude: 34.40 N
* Elevation: 66.00 m
*   Columns: 
*   ======== 
*  station number
*  year
*  day
*  irradiation (kJ路m-2路d-1)
*  minimum temperature (degrees Celsius)
*  maximum temperature (degrees Celsius)
*  vapour pressure (kPa)
*  mean wind speed (m路s-1)
*  precipitation (mm路d-1)
** WCCDESCRIPTION=114.4_34.4, China
** WCCFORMAT=2
** WCCYEARNR=2021
*------------------------------------------------------------*
114.40  34.40  66.00  -0.18  -0.55
1	2021	  1	10572	 -4.4	  7.6	0.284	 3.1	 0.0
1	2021	  2	 8802	 -4.9	  8.2	0.467	 1.7	 0.0
1	2021	  3	 7226	 -3.3	  5.1	0.414	 2.4	 0.0
1	2021	  4	 8709	 -5.4	  6.4	0.413	 2.5	 0.0
1	2021	  5	 7279	 -3.9	  2.8	0.343	 2.7	 0.0
1	2021	  6	10595	 -6.2	  3.7	0.247	 3.4	 0.0
1	2021	  7	11327	-10.7	 -3.3	0.083	 2.4	 0.0
1	2021	  8	11337	 -6.8	  1.5	0.110	 3.8	 0.0
1	2021	  9	11324	 -6.2	  3.1	0.148	 1.9	 0.0
1	2021	 10	 9251	 -5.5	  4.2	0.204	 2.4	 0.0
1	2021	 11	11377	 -2.8	  4.8	0.178	 4.7	 0.0
1	2021	 12	11345	 -2.7	 12.3	0.265	 4.5	 0.0
1	2021	 13	11426	  2.1	 15.9	0.352	 3.2	 0.0
1	2021	 14	11391	  0.4	 15.7	0.521	 3.5	 0.0
1	2021	 15	 9190	  0.4	  9.5	0.340	 3.0	 0.0
1	2021	 16	 9582	 -3.3	  5.0	0.371	 1.8	 0.0
1	2021	 17	12176	 -3.5	  7.5	0.211	 3.8	 0.0
1	2021	 18	12069	 -3.3	 12.0	0.347	 2.4	 0.0
1	2021	 19	11721	 -0.7	 11.0	0.464	 2.5	 0.0
1	2021	 20	 8076	 -3.1	  7.8	0.464	 1.5	 0.0
1	2021	 21	 8619	 -1.1	  9.7	0.532	 1.3	 0.0
1	2021	 22	 9686	 -2.1	  9.1	0.509	 2.8	 0.0
1	2021	 23	11429	  0.1	  9.0	0.536	 1.9	 0.0
1	2021	 24	 6371	 -1.9	  8.0	0.600	 2.5	 0.8
1	2021	 25	 4998	  0.6	  7.3	0.650	 2.4	 1.6
1	2021	 26	12160	 -1.9	 10.8	0.576	 2.2	 0.0
1	2021	 27	 9358	 -1.4	 10.7	0.626	 2.7	 0.0
1	2021	 28	13448	 -0.3	  8.4	0.195	 4.2	 0.0
1	2021	 29	12635	 -1.6	 12.9	0.469	 3.5	 0.0
1	2021	 30	12153	 -0.7	 14.8	0.400	 2.5	 0.0
1	2021	 31	12401	  0.4	 15.5	0.367	 2.9	 0.0
1	2021	 32	13339	  1.2	 15.0	0.389	 2.9	 0.0
1	2021	 33	13627	 -1.7	  9.2	0.354	 2.2	 0.0
1	2021	 34	13455	  0.9	 15.9	0.439	 3.1	 0.0
1	2021	 35	13208	 -2.0	 12.5	0.478	 2.4	 0.0
1	2021	 36	13902	  4.5	 17.6	0.435	 3.6	 0.0
1	2021	 37	13506	  3.4	 19.7	0.568	 3.3	 0.0
1	2021	 38	12914	  2.8	 10.8	0.478	 5.0	 0.0
1	2021	 39	12943	  0.3	  9.7	0.338	 2.5	 0.0
1	2021	 40	14108	 -0.8	 12.4	0.530	 2.6	 0.0
1	2021	 41	14170	  1.6	 15.8	0.731	 1.9	 0.0
1	2021	 42	14686	  0.1	 16.3	0.725	 2.3	 0.0
1	2021	 43	14173	  5.2	 18.1	1.003	 2.6	 0.0
1	2021	 44	 7626	  7.3	 16.2	1.077	 2.0	 1.2
1	2021	 45	14987	  6.6	 18.2	1.024	 2.6	 8.0
1	2021	 46	10124	  3.5	  8.7	0.615	 3.7	 0.0
1	2021	 47	15824	  1.9	 13.9	0.488	 3.4	 0.0
1	2021	 48	15854	 -1.8	 10.1	0.376	 1.8	 0.0
1	2021	 49	15186	 -0.7	 14.2	0.553	 3.1	 0.0
1	2021	 50	16218	  5.7	 22.1	0.491	 4.3	 0.0
1	2021	 51	16782	  6.8	 24.0	0.479	 4.5	 0.0
1	2021	 52	16394	 10.8	 27.0	0.600	 4.0	 0.0
1	2021	 53	16621	  8.2	 17.7	0.511	 4.9	 0.0
1	2021	 54	15140	  5.0	 13.3	0.443	 4.2	 0.0
1	2021	 55	 4758	  1.1	  9.9	0.607	 4.6	13.8
1	2021	 56	 4292	  0.3	  4.5	0.677	 4.8	10.5
1	2021	 57	12746	  3.1	 10.8	0.673	 3.6	 0.6
1	2021	 58	12001	  4.6	 11.3	0.766	 2.0	 0.0
1	2021	 59	 1294	  6.8	  8.5	1.028	 2.3	16.6
1	2021	 60	11641	  0.4	  8.3	0.679	 4.9	 1.6
1	2021	 61	17897	 -1.3	 12.3	0.709	 3.0	 0.0
1	2021	 62	17116	  4.2	 15.1	0.738	 3.7	 0.0
1	2021	 63	18090	  4.6	 18.2	0.970	 3.3	 0.0
1	2021	 64	13011	  7.7	 18.1	0.973	 3.1	 0.0
1	2021	 65	 6971	  1.7	 10.6	0.448	 5.8	 0.1
1	2021	 66	16542	 -0.4	  9.5	0.540	 1.4	 0.0
1	2021	 67	10477	  1.8	 10.8	0.754	 1.7	 0.7
1	2021	 68	12803	  2.7	 12.6	0.880	 2.0	 0.0
1	2021	 69	 6798	  4.9	 12.5	0.955	 1.8	 0.4
1	2021	 70	 7073	  5.4	 13.1	1.030	 1.6	 3.4
1	2021	 71	14083	  3.0	 14.9	0.975	 2.5	 0.0
1	2021	 72	10973	  7.8	 14.7	0.977	 1.6	 0.1
1	2021	 73	12070	  8.2	 17.5	1.172	 3.4	 0.2
1	2021	 74	13723	 11.9	 21.5	1.441	 3.3	 2.4
1	2021	 75	21091	  6.3	 15.5	0.484	 3.7	 0.0
1	2021	 76	17085	  5.0	 15.4	0.606	 2.3	 0.0
1	2021	 77	 3145	  7.8	 11.4	0.751	 3.5	 0.9
1	2021	 78	 5036	  5.1	  9.7	0.763	 2.8	 4.5
1	2021	 79	15747	  1.6	 14.4	0.876	 1.8	 0.0
1	2021	 80	21423	  4.6	 13.1	0.495	 2.9	 0.0
1	2021	 81	22294	  1.8	 17.1	0.454	 3.2	 0.0
1	2021	 82	18289	  6.7	 19.2	0.778	 5.0	 0.0
1	2021	 83	21148	  7.9	 21.6	1.031	 2.8	 0.0
1	2021	 84	21443	  7.5	 22.1	1.012	 3.0	 0.0
1	2021	 85	 4343	 11.4	 17.0	1.267	 1.6	 6.4
1	2021	 86	16895	  8.1	 20.6	1.415	 2.3	 0.7
1	2021	 87	22071	 11.8	 25.9	1.478	 3.3	 0.0
1	2021	 88	13084	 12.4	 18.7	1.048	 3.7	 0.2
1	2021	 89	20990	  7.7	 21.3	0.782	 2.9	 0.0
1	2021	 90	 6807	 10.2	 15.0	0.944	 3.5	 2.7
1	2021	 91	 5648	 10.9	 15.1	0.998	 3.3	 0.1
1	2021	 92	 3139	  9.0	 13.5	0.982	 3.7	 3.7
1	2021	 93	 7409	  8.1	 13.5	1.000	 5.0	 0.3
1	2021	 94	22692	  2.8	 16.3	0.647	 2.1	 0.0
1	2021	 95	11147	  4.1	 16.0	0.766	 2.0	 0.0
1	2021	 96	20365	  4.0	 18.3	0.939	 1.3	 0.0
1	2021	 97	13046	  9.1	 18.3	1.063	 1.7	 0.0
1	2021	 98	22176	  6.4	 20.7	1.026	 1.8	 0.0
1	2021	 99	19310	  6.3	 20.1	0.937	 2.9	 0.0
1	2021	100	22484	  8.2	 20.7	0.764	 3.0	 0.0
1	2021	101	 7250	  9.6	 16.8	1.140	 2.2	 0.0
1	2021	102	22060	  9.0	 23.4	1.260	 1.9	 0.0
1	2021	103	19174	 12.3	 18.5	0.856	 4.0	 0.0
1	2021	104	18897	  8.5	 19.5	0.948	 2.4	 0.0
1	2021	105	22904	 10.7	 25.1	1.060	 4.0	 0.0
1	2021	106	23882	 10.7	 23.2	0.519	 3.9	 0.0
1	2021	107	26137	  7.4	 20.7	0.391	 2.5	 0.0
1	2021	108	23222	  8.5	 22.7	0.631	 4.1	 0.0
1	2021	109	25089	  9.8	 25.1	0.855	 3.2	 0.0
1	2021	110	 3463	 13.4	 17.5	1.447	 2.8	15.0
1	2021	111	 3487	 12.0	 14.0	1.366	 3.4	 5.5
1	2021	112	15678	 11.8	 20.4	1.361	 2.7	 2.1
1	2021	113	21116	  9.7	 21.6	1.314	 3.5	 0.6
1	2021	114	 6583	 11.0	 17.4	1.234	 4.8	 5.6
1	2021	115	 5063	 12.3	 15.9	1.208	 3.6	 0.5
1	2021	116	15270	 10.8	 19.7	1.291	 1.9	 0.0
1	2021	117	25190	 11.4	 24.8	1.015	 2.8	 0.0
1	2021	118	25840	 14.5	 24.5	0.739	 3.8	 0.0
1	2021	119	24450	 14.5	 29.4	0.782	 5.4	 0.0
1	2021	120	25454	 13.6	 30.7	0.803	 4.7	 0.0
1	2021	121	26410	  9.7	 26.2	0.921	 3.1	 0.0
1	2021	122	20723	 13.6	 22.4	0.648	 3.9	 0.2
1	2021	123	 8324	 12.7	 16.9	1.173	 1.5	14.9
1	2021	124	24039	 10.8	 26.0	1.057	 2.8	 0.0
1	2021	125	27061	 10.0	 27.3	0.723	 3.3	 0.0
1	2021	126	24618	 16.1	 30.3	1.421	 5.7	 0.0
1	2021	127	25745	 15.7	 26.6	0.686	 3.4	 0.0
1	2021	128	26794	 15.3	 33.7	1.417	 3.9	 0.0
1	2021	129	25920	 17.8	 32.4	1.984	 2.4	 0.0
1	2021	130	25258	 19.1	 31.1	1.701	 4.4	 0.0
1	2021	131	19861	 17.5	 26.7	1.480	 3.4	 0.1
1	2021	132	24443	 14.7	 28.8	1.781	 2.0	 0.0
1	2021	133	13740	 17.5	 26.8	2.018	 2.8	 0.2
1	2021	134	11462	 18.5	 25.6	2.238	 2.6	 5.2
1	2021	135	 7416	 16.4	 23.6	2.191	 4.1	18.8
1	2021	136	 6310	 12.1	 16.7	1.201	 5.0	 4.2
1	2021	137	21139	 11.0	 22.9	1.314	 2.2	 0.0
1	2021	138	26964	 11.8	 26.0	1.574	 2.9	 0.0
1	2021	139	10411	 14.7	 23.1	1.743	 2.7	 0.0
1	2021	140	24353	 14.9	 28.1	1.824	 3.4	 0.4
1	2021	141	24148	 16.8	 29.2	2.040	 2.9	 0.0
1	2021	142	27057	 17.8	 30.6	1.828	 2.8	 0.2
1	2021	143	12829	 18.5	 24.6	1.457	 3.5	 0.9
1	2021	144	28462	 14.1	 31.5	1.098	 4.0	 0.0
1	2021	145	21451	 17.9	 28.3	1.152	 4.3	 0.0
1	2021	146	22480	 19.5	 30.4	1.626	 4.5	 0.0
1	2021	147	26585	 15.2	 33.2	1.497	 4.9	 0.0
1	2021	148	29099	 21.6	 31.4	0.968	 3.4	 0.0
1	2021	149	26256	 20.0	 35.3	1.804	 3.6	 0.0
1	2021	150	27571	 18.6	 32.9	1.765	 2.0	 0.0
1	2021	151	26774	 20.7	 34.9	1.908	 2.7	 0.0
1	2021	152	20685	 22.1	 31.9	2.063	 2.7	 0.2
1	2021	153	25822	 21.3	 35.7	2.082	 2.1	 1.2
1	2021	154	10388	 20.2	 27.8	1.604	 2.3	 2.8
1	2021	155	29533	 16.9	 34.4	0.871	 3.9	 0.0
1	2021	156	28264	 20.7	 38.3	1.025	 3.5	 0.0
1	2021	157	27574	 21.9	 38.3	1.751	 3.9	 0.0
1	2021	158	25186	 26.1	 39.7	1.395	 4.6	 0.0
1	2021	159	26356	 23.7	 37.2	1.552	 2.0	 0.0
1	2021	160	16035	 25.2	 34.6	1.837	 1.8	 0.0
1	2021	161	23742	 23.3	 33.9	2.002	 2.4	 0.0
1	2021	162	24318	 23.9	 35.2	1.905	 2.3	 0.0
1	2021	163	19760	 25.9	 35.9	2.388	 3.1	 0.1
1	2021	164	11081	 24.1	 28.8	2.826	 3.4	 7.9
1	2021	165	12369	 24.1	 32.6	3.217	 2.3	32.8
1	2021	166	18041	 24.5	 32.0	2.790	 3.8	 4.2
1	2021	167	 8930	 23.2	 27.6	2.512	 2.1	 3.8
1	2021	168	 9388	 22.3	 28.2	2.386	 2.6	 4.8
1	2021	169	13316	 18.1	 25.4	1.748	 3.1	 0.1
1	2021	170	21794	 16.3	 30.3	1.965	 2.6	 0.0
1	2021	171	27202	 19.7	 32.3	1.885	 2.9	 0.0
1	2021	172	28226	 20.1	 33.2	1.831	 2.8	 0.0
1	2021	173	28227	 20.2	 33.9	1.851	 2.2	 0.0
1	2021	174	22869	 20.9	 34.7	1.670	 2.5	 0.0
1	2021	175	25454	 21.3	 34.8	1.845	 2.5	 0.0
1	2021	176	11105	 24.0	 29.4	2.383	 2.3	 0.7
1	2021	177	22663	 21.9	 34.3	2.590	 2.9	 0.0
1	2021	178	25102	 22.8	 34.7	2.619	 2.0	 0.0
1	2021	179	25709	 23.3	 36.2	2.546	 2.2	 0.0
1	2021	180	23837	 25.4	 35.9	2.412	 2.0	 0.1
1	2021	181	25856	 26.1	 37.6	2.375	 3.0	 0.0
1	2021	182	19788	 24.6	 35.2	2.350	 2.3	 1.9
1	2021	183	19253	 24.0	 34.4	2.422	 3.0	 5.0
1	2021	184	21948	 22.7	 32.0	2.481	 1.9	 1.1
1	2021	185	23862	 23.8	 34.4	2.408	 3.4	 0.0
1	2021	186	22794	 22.2	 32.3	2.271	 2.3	 0.6
1	2021	187	16388	 22.8	 32.0	2.713	 1.9	 0.2
1	2021	188	16620	 23.6	 32.1	2.724	 2.1	 0.2
1	2021	189	25662	 22.9	 35.8	2.635	 2.5	 0.1
1	2021	190	26734	 24.5	 37.3	2.897	 3.3	 0.4
1	2021	191	20594	 26.2	 36.2	3.152	 3.9	 0.1
1	2021	192	 6971	 28.5	 31.6	3.053	 5.7	 3.3
1	2021	193	21467	 28.2	 35.7	2.992	 5.5	 4.4
1	2021	194	25286	 26.7	 37.2	2.929	 4.4	 0.3
1	2021	195	23979	 27.3	 37.2	3.018	 3.2	 6.2
1	2021	196	15848	 24.5	 31.7	2.934	 2.3	27.4
1	2021	197	13530	 24.8	 30.7	3.092	 1.3	16.6
1	2021	198	18194	 24.2	 30.1	2.906	 3.1	 0.8
1	2021	199	 8863	 23.5	 28.8	2.968	 3.4	12.5
1	2021	200	10097	 23.6	 29.3	2.990	 3.8	16.4
1	2021	201	 5916	 23.7	 27.7	3.010	 3.9	51.8
1	2021	202	 5340	 24.1	 28.3	3.075	 3.6	59.4
1	2021	203	17365	 24.3	 29.3	2.849	 3.8	 0.8
1	2021	204	12212	 23.2	 29.3	3.008	 2.9	11.8
1	2021	205	22444	 23.9	 31.2	2.928	 2.0	 0.2
1	2021	206	23339	 22.5	 31.9	2.889	 1.2	 0.0
1	2021	207	25577	 22.9	 32.3	2.909	 1.8	 0.0
1	2021	208	12256	 24.6	 29.9	3.037	 3.4	 3.7
1	2021	209	 8415	 22.6	 26.0	2.670	 7.0	48.5
1	2021	210	18892	 22.5	 28.3	2.396	 5.0	26.5
1	2021	211	24323	 21.0	 32.6	2.985	 2.3	 0.0
1	2021	212	25351	 24.8	 34.2	3.442	 2.8	 0.0
1	2021	213	19520	 25.8	 33.5	3.122	 2.4	 3.2
1	2021	214	24387	 24.0	 31.0	2.605	 3.1	 0.3
1	2021	215	24923	 22.5	 31.6	2.758	 2.1	 0.0
1	2021	216	23559	 23.5	 32.2	3.046	 1.5	 0.1
1	2021	217	18426	 24.8	 32.1	3.081	 1.5	 2.7
1	2021	218	21355	 23.6	 32.1	3.079	 1.7	 0.4
1	2021	219	22122	 24.6	 32.6	2.982	 1.5	 0.0
1	2021	220	20889	 23.5	 31.9	2.943	 1.4	 0.1
1	2021	221	22696	 24.0	 31.7	2.688	 2.4	 0.0
1	2021	222	16980	 21.0	 30.4	2.659	 1.7	 0.0
1	2021	223	16915	 22.3	 30.9	2.802	 2.2	 0.0
1	2021	224	11404	 24.5	 29.6	2.934	 2.3	 3.3
1	2021	225	 7473	 20.8	 25.0	2.598	 1.5	15.0
1	2021	226	19768	 19.9	 28.5	2.504	 2.0	 0.3
1	2021	227	20499	 20.3	 29.0	2.494	 2.0	 0.1
1	2021	228	19890	 22.3	 29.9	2.803	 1.7	 0.4
1	2021	229	21686	 21.6	 30.5	2.770	 1.6	 0.1
1	2021	230	19992	 22.5	 30.9	2.814	 1.8	 0.6
1	2021	231	20328	 23.0	 31.4	2.920	 3.0	 2.0
1	2021	232	15012	 22.3	 29.3	2.688	 3.2	23.1
1	2021	233	19465	 20.0	 29.4	2.675	 1.8	 0.0
1	2021	234	 4570	 22.9	 27.0	2.772	 3.3	169.2
1	2021	235	14625	 21.3	 27.7	2.388	 3.4	 7.6
1	2021	236	20269	 21.5	 30.7	2.264	 2.5	 0.0
1	2021	237	20624	 19.7	 30.0	1.856	 2.9	 0.0
1	2021	238	 8249	 19.0	 24.9	2.016	 3.5	 4.3
1	2021	239	 8670	 16.8	 22.4	2.064	 1.8	 0.1
1	2021	240	 7394	 16.9	 23.7	2.270	 1.4	 6.2
1	2021	241	 2721	 20.5	 22.7	2.480	 2.6	54.0
1	2021	242	 4611	 20.3	 24.3	2.563	 3.1	30.6
1	2021	243	 9772	 21.1	 24.8	2.459	 4.5	 8.0
1	2021	244	 5445	 19.4	 21.7	2.253	 2.8	11.4
1	2021	245	21081	 18.0	 27.8	2.290	 1.7	 0.0
1	2021	246	18560	 18.8	 28.4	2.448	 2.5	 0.8
1	2021	247	 2466	 19.8	 23.9	2.293	 3.6	59.9
1	2021	248	14048	 18.5	 25.5	2.183	 3.9	 0.8
1	2021	249	 4539	 19.8	 23.8	2.333	 3.2	 3.9
1	2021	250	18776	 19.0	 26.2	2.134	 1.8	 0.0
1	2021	251	21730	 17.9	 28.2	2.204	 2.9	 0.0
1	2021	252	21633	 19.3	 30.2	2.474	 3.3	 0.0
1	2021	253	21668	 19.8	 31.2	2.694	 2.2	 0.0
1	2021	254	21985	 20.8	 31.6	2.441	 2.4	 0.0
1	2021	255	21252	 20.7	 30.8	2.466	 2.2	 0.0
1	2021	256	21195	 19.8	 29.3	2.325	 2.3	 0.0
1	2021	257	20624	 18.6	 29.8	2.332	 2.1	 0.0
1	2021	258	17171	 20.6	 28.9	2.318	 1.9	 0.6
1	2021	259	17780	 18.7	 29.3	2.068	 2.7	 0.0
1	2021	260	 3325	 20.5	 22.9	2.218	 3.2	 1.6
1	2021	261	 5483	 20.1	 24.0	2.426	 3.7	13.9
1	2021	262	 3305	 16.2	 22.0	1.907	 4.8	26.8
1	2021	263	18820	 16.6	 26.6	1.975	 2.8	 0.0
1	2021	264	20641	 19.5	 30.3	2.086	 3.3	 0.0
1	2021	265	18776	 19.5	 30.2	2.451	 1.7	 0.0
1	2021	266	17867	 19.8	 31.1	2.299	 2.2	 0.0
1	2021	267	 2747	 21.6	 25.9	2.375	 1.9	40.8
1	2021	268	 3353	 19.8	 22.9	2.323	 3.8	42.8
1	2021	269	 3647	 19.0	 21.1	2.065	 4.2	 2.7
1	2021	270	 7149	 19.0	 23.7	2.116	 2.9	 0.2
1	2021	271	 3082	 15.6	 21.0	1.967	 2.7	14.3
1	2021	272	18161	 13.0	 26.4	1.909	 1.8	 0.0
1	2021	273	18960	 16.6	 27.7	1.951	 3.5	 0.0
1	2021	274	17203	 18.3	 28.0	2.270	 2.3	 0.0
1	2021	275	17290	 17.3	 30.2	2.322	 2.8	 0.0
1	2021	276	13708	 22.8	 31.5	2.570	 3.4	 0.5
1	2021	277	 8447	 14.7	 25.5	1.815	 6.5	 0.6
1	2021	278	 3159	 12.4	 14.8	1.271	 6.6	 1.8
1	2021	279	 2452	 11.5	 13.2	1.267	 5.5	 3.2
1	2021	280	 1760	 10.8	 13.2	1.257	 3.7	 5.4
1	2021	281	 2592	 12.4	 15.1	1.411	 2.8	 2.5
1	2021	282	 5705	 13.6	 19.1	1.596	 2.6	 0.3
1	2021	283	 4083	 14.6	 17.6	1.144	 4.2	 0.0
1	2021	284	 8538	 12.8	 17.8	0.874	 3.0	 0.0
1	2021	285	14960	 13.5	 20.0	1.025	 2.8	 0.1
1	2021	286	16177	 12.0	 21.9	1.113	 2.1	 0.0
1	2021	287	10819	 13.1	 22.1	1.412	 3.1	 1.5
1	2021	288	 2355	 14.6	 17.4	1.672	 2.4	 1.8
1	2021	289	12801	  7.4	 15.6	0.618	 4.8	 0.0
1	2021	290	16548	  4.0	 14.6	0.579	 2.0	 0.0
1	2021	291	15709	  8.7	 18.8	0.923	 3.0	 0.0
1	2021	292	 8309	  9.8	 16.1	1.036	 3.6	 0.2
1	2021	293	 6210	  9.0	 13.9	1.060	 2.1	 2.3
1	2021	294	13386	  7.3	 17.5	1.077	 2.3	 0.1
1	2021	295	14864	  5.5	 18.9	0.984	 1.3	 0.0
1	2021	296	13351	  5.7	 18.6	0.911	 1.3	 0.0
1	2021	297	14508	  7.5	 19.0	0.952	 1.4	 0.2
1	2021	298	14366	  7.1	 20.2	1.009	 2.2	 0.0
1	2021	299	10216	  9.0	 20.4	1.215	 2.0	 0.0
1	2021	300	11508	 10.0	 20.0	1.132	 2.5	 0.0
1	2021	301	12187	  9.4	 21.0	1.090	 1.4	 0.0
1	2021	302	10858	  9.7	 21.6	1.228	 2.4	 0.0
1	2021	303	13788	  9.8	 22.8	1.348	 2.2	 0.0
1	2021	304	 9531	 10.6	 20.7	1.286	 2.5	 0.0
1	2021	305	 8311	  9.6	 17.5	1.081	 3.3	 0.0
1	2021	306	 8585	 10.6	 18.8	1.331	 1.6	 0.1
1	2021	307	11090	  9.7	 20.4	1.195	 1.9	 0.0
1	2021	308	10259	  9.3	 21.3	1.268	 2.2	 0.0
1	2021	309	 5666	 14.3	 20.9	1.450	 2.1	 0.0
1	2021	310	 4168	 12.6	 19.0	1.516	 3.5	 4.0
1	2021	311	 3601	  2.1	 12.3	0.544	 6.0	14.6
1	2021	312	13497	  0.3	 10.2	0.354	 3.3	 0.0
1	2021	313	13075	  2.5	 13.4	0.380	 4.7	 0.0
1	2021	314	12672	  5.1	 14.7	0.496	 3.0	 0.0
1	2021	315	12501	  5.1	 15.2	0.555	 2.2	 0.0
1	2021	316	12473	  5.1	 15.6	0.536	 2.5	 0.0
1	2021	317	12481	  4.6	 17.9	0.467	 3.0	 0.0
1	2021	318	12370	  3.5	 17.6	0.562	 2.2	 0.0
1	2021	319	11144	  6.4	 17.0	0.744	 2.7	 0.0
1	2021	320	11138	  5.8	 15.8	0.837	 2.9	 0.0
1	2021	321	 8598	  7.2	 18.8	0.891	 2.7	 0.0
1	2021	322	11477	  8.1	 19.5	0.896	 3.7	 0.0
1	2021	323	 9903	  7.5	 17.7	1.020	 2.5	 0.0
1	2021	324	 5510	  7.8	 14.0	0.864	 3.8	 0.1
1	2021	325	 6993	  4.7	 14.0	0.560	 3.8	 0.0
1	2021	326	11802	 -1.2	  7.6	0.207	 2.1	 0.0
1	2021	327	11463	 -2.8	 12.1	0.338	 2.8	 0.0
1	2021	328	11276	  4.0	 17.0	0.377	 4.0	 0.0
1	2021	329	11104	  1.4	 15.8	0.448	 2.0	 0.0
1	2021	330	10748	  2.0	 15.4	0.591	 2.2	 0.0
1	2021	331	 9772	  1.8	 14.4	0.676	 2.3	 0.0
1	2021	332	 8320	  4.8	 13.8	0.879	 1.9	 0.0
1	2021	333	 5554	  3.0	 14.0	0.764	 3.6	 1.4
1	2021	334	10844	 -0.1	  9.9	0.306	 3.7	 0.0
1	2021	335	10668	 -2.8	  9.7	0.335	 2.2	 0.0
1	2021	336	10640	  0.2	 12.5	0.315	 4.2	 0.0
1	2021	337	10470	  1.1	 13.5	0.331	 1.9	 0.0
1	2021	338	10393	 -0.3	 15.0	0.433	 2.0	 0.0
1	2021	339	10248	  1.2	 15.3	0.513	 2.4	 0.0
1	2021	340	10192	  2.1	 13.4	0.454	 4.2	 0.0
1	2021	341	 9124	  2.3	 10.4	0.528	 2.7	 0.0
1	2021	342	 4859	  2.3	 10.0	0.650	 1.4	 0.0
1	2021	343	 9699	  1.2	 13.7	0.731	 2.2	 0.0
1	2021	344	 6348	  1.3	 12.8	0.853	 2.1	 0.6
1	2021	345	 6168	  5.9	 11.9	0.944	 2.0	 2.3
1	2021	346	 8030	  0.6	  8.6	0.539	 3.4	 0.0
1	2021	347	 9603	 -2.3	  9.6	0.495	 2.6	 0.0
1	2021	348	 9683	  2.9	 13.6	0.760	 3.3	 0.0
1	2021	349	 8024	  1.1	 12.7	0.740	 1.5	 0.0
1	2021	350	 6938	  1.2	 12.3	0.498	 2.8	 0.0
1	2021	351	 9484	 -2.8	  4.0	0.238	 3.2	 0.0
1	2021	352	 8478	 -3.1	  9.7	0.284	 3.9	 0.0
1	2021	353	 9872	 -0.4	 13.5	0.397	 3.6	 0.0
1	2021	354	 9842	  3.2	 15.6	0.391	 3.6	 0.0
1	2021	355	 9991	 -0.2	 14.3	0.414	 1.8	 0.0
1	2021	356	 9772	 -0.7	 11.6	0.573	 2.8	 0.0
1	2021	357	 8786	 -0.6	  9.3	0.632	 3.7	 0.0
1	2021	358	 5354	 -3.8	  4.4	0.454	 5.7	 1.9
1	2021	359	 9084	 -6.5	 -1.5	0.197	 3.6	 0.0
1	2021	360	10194	 -7.7	  0.3	0.218	 1.5	 0.0
1	2021	361	10348	 -7.0	  4.4	0.241	 2.6	 0.0
1	2021	362	 9991	 -3.1	  8.0	0.315	 3.7	 0.0
1	2021	363	10354	 -2.5	  8.4	0.238	 3.0	 0.0
1	2021	364	 9905	 -4.0	  9.0	0.286	 2.3	 0.0
1	2021	365	 6366	 -3.3	  8.2	0.359	 1.8	 0.0
