*------------------------------------------------------------*
*   Country: China
*   Station: 114.1_34.1
*      Year: 2020
*    Origin: AgERA5 dataset
*    Author: Huang Hai, CAU
* Longitude: 114.10 E
*  Latitude: 34.10 N
* Elevation: 63.00 m
*   Columns: 
*   ======== 
*  station number
*  year
*  day
*  irradiation (kJ路m-2路d-1)
*  minimum temperature (degrees Celsius)
*  maximum temperature (degrees Celsius)
*  vapour pressure (kPa)
*  mean wind speed (m路s-1)
*  precipitation (mm路d-1)
** WCCDESCRIPTION=114.1_34.1, China
** WCCFORMAT=2
** WCCYEARNR=2020
*------------------------------------------------------------*
114.10  34.10  63.00  -0.18  -0.55
1	2020	  1	 7133	 -4.0	  5.8	0.319	 1.4	 0.0
1	2020	  2	 3042	  2.0	  5.7	0.461	 0.9	 0.0
1	2020	  3	 7773	  1.2	  9.9	0.542	 1.2	 0.0
1	2020	  4	 9325	 -1.0	 11.9	0.651	 2.0	 0.1
1	2020	  5	  159	  1.9	  6.9	0.763	 4.5	20.2
1	2020	  6	  780	  0.2	  2.7	0.634	 4.1	17.2
1	2020	  7	 4498	 -4.6	  3.0	0.599	 4.4	 7.9
1	2020	  8	 5956	 -4.7	  5.0	0.522	 1.3	 0.0
1	2020	  9	 4513	  0.0	  5.0	0.507	 1.3	 0.0
1	2020	 10	 5434	 -0.8	  6.5	0.582	 1.3	 0.0
1	2020	 11	 5819	 -2.1	  6.0	0.592	 1.6	 0.1
1	2020	 12	 6075	 -4.3	  6.4	0.601	 1.1	 0.3
1	2020	 13	 5731	 -2.1	  6.2	0.578	 2.0	 0.0
1	2020	 14	10871	 -5.2	  4.9	0.425	 1.8	 0.0
1	2020	 15	 3073	 -3.8	  2.0	0.414	 2.3	 0.9
1	2020	 16	 9727	 -3.4	  4.9	0.506	 1.7	 0.0
1	2020	 17	10487	 -4.0	  7.5	0.559	 2.2	 0.0
1	2020	 18	 8604	 -3.5	  7.9	0.556	 2.1	 0.0
1	2020	 19	12015	 -1.1	  9.2	0.410	 2.6	 0.0
1	2020	 20	 9828	 -2.6	  8.5	0.428	 2.4	 0.0
1	2020	 21	 5526	 -3.3	  6.4	0.543	 1.5	 0.2
1	2020	 22	 8081	 -2.6	  8.3	0.608	 1.3	 0.0
1	2020	 23	 8604	 -2.5	  9.5	0.677	 1.7	 0.1
1	2020	 24	 4427	  2.5	  6.9	0.678	 3.8	 1.8
1	2020	 25	 7068	  0.1	  7.0	0.570	 2.0	 0.8
1	2020	 26	 4216	  0.6	  3.4	0.601	 3.0	 2.6
1	2020	 27	10195	 -1.5	  6.7	0.524	 2.3	 0.0
1	2020	 28	11902	 -3.7	  9.5	0.540	 1.8	 0.0
1	2020	 29	12482	 -2.9	  9.4	0.549	 2.2	 0.0
1	2020	 30	12905	 -3.7	  9.9	0.557	 1.4	 0.0
1	2020	 31	13168	 -2.2	 12.8	0.600	 2.5	 0.0
1	2020	 32	 8788	  0.8	 11.6	0.630	 1.8	 0.0
1	2020	 33	11576	 -0.1	 12.0	0.588	 2.3	 0.0
1	2020	 34	13508	 -1.2	  9.8	0.557	 2.4	 0.0
1	2020	 35	13371	  0.4	 12.8	0.590	 3.2	 0.0
1	2020	 36	 4210	  0.5	  5.1	0.520	 4.4	 1.2
1	2020	 37	 4479	 -0.9	  3.4	0.538	 3.6	 2.5
1	2020	 38	12047	 -0.8	  8.0	0.613	 1.6	 0.0
1	2020	 39	12968	 -2.2	 11.0	0.654	 1.8	 0.0
1	2020	 40	14597	  0.2	 15.6	0.643	 3.4	 0.0
1	2020	 41	14352	  3.4	 16.1	0.742	 3.3	 0.0
1	2020	 42	14358	  4.0	 14.9	0.796	 2.6	 0.0
1	2020	 43	14445	  3.2	 17.0	0.953	 2.9	 0.0
1	2020	 44	 9691	  6.2	 17.0	1.101	 3.1	 0.0
1	2020	 45	 7620	  2.7	 15.0	0.891	 4.8	 0.9
1	2020	 46	 4116	 -2.7	  4.2	0.515	 3.4	 6.8
1	2020	 47	16188	 -2.7	  7.7	0.258	 3.1	 0.0
1	2020	 48	16318	 -3.6	 10.4	0.318	 2.5	 0.0
1	2020	 49	16066	 -1.4	 13.8	0.396	 3.4	 0.0
1	2020	 50	11952	  3.2	 13.5	0.562	 2.5	 0.0
1	2020	 51	12844	  1.2	 15.2	0.674	 1.5	 0.0
1	2020	 52	16352	  4.8	 15.6	0.558	 3.3	 0.1
1	2020	 53	16650	  0.8	 14.2	0.423	 2.4	 0.0
1	2020	 54	16235	  4.0	 18.3	0.757	 3.6	 0.0
1	2020	 55	 8257	  9.8	 19.0	1.066	 3.1	 0.3
1	2020	 56	15670	  5.0	 15.9	0.870	 3.4	 0.0
1	2020	 57	 3704	  7.2	 10.9	0.890	 3.7	 0.5
1	2020	 58	 2955	  2.7	  8.8	0.658	 3.2	10.8
1	2020	 59	13515	  0.4	  9.4	0.703	 1.6	 4.1
1	2020	 60	16287	  1.1	 14.0	0.838	 1.8	 0.0
1	2020	 61	 8016	  3.0	 12.2	0.811	 2.3	 0.1
1	2020	 62	 9990	  3.3	 10.7	0.654	 2.0	 0.1
1	2020	 63	14071	  0.7	 12.5	0.530	 2.5	 0.0
1	2020	 64	18570	 -1.3	 12.5	0.463	 2.4	 0.0
1	2020	 65	17461	  0.7	 14.8	0.606	 3.4	 0.0
1	2020	 66	12381	  3.9	 16.4	0.836	 3.0	 0.0
1	2020	 67	19116	  6.1	 17.8	0.858	 2.9	 0.0
1	2020	 68	14238	  7.4	 17.8	1.033	 3.0	 0.0
1	2020	 69	 4457	  6.3	 13.4	0.960	 3.1	 1.7
1	2020	 70	19926	  2.2	 15.2	0.568	 2.4	 0.0
1	2020	 71	19217	  2.1	 18.8	0.733	 3.4	 0.0
1	2020	 72	15602	  7.4	 19.2	0.904	 3.1	 0.0
1	2020	 73	13441	  5.2	 12.2	0.616	 3.8	 0.0
1	2020	 74	21003	  2.4	 17.4	0.461	 3.9	 0.0
1	2020	 75	20381	  5.1	 20.0	0.435	 2.2	 0.0
1	2020	 76	12526	  7.4	 19.0	0.753	 2.8	 0.0
1	2020	 77	20778	  8.9	 23.7	0.664	 2.7	 0.0
1	2020	 78	21302	 10.1	 26.4	0.700	 4.3	 0.0
1	2020	 79	21919	  8.0	 20.3	0.352	 2.9	 0.0
1	2020	 80	21221	  8.3	 26.8	0.716	 4.0	 0.0
1	2020	 81	17529	 12.4	 27.7	1.043	 3.2	 0.1
1	2020	 82	20346	 11.6	 22.4	0.615	 4.0	 0.1
1	2020	 83	21355	  9.0	 24.0	0.687	 2.9	 0.0
1	2020	 84	19996	 12.0	 25.1	0.955	 2.9	 0.0
1	2020	 85	 7548	 15.0	 21.1	1.607	 2.5	13.2
1	2020	 86	 7872	  7.0	 20.9	1.197	 5.8	 0.8
1	2020	 87	 7624	  6.9	 11.9	0.458	 4.0	 0.0
1	2020	 88	22183	  2.5	 15.0	0.545	 2.7	 0.0
1	2020	 89	 6989	  5.6	  9.5	0.784	 1.9	 4.3
1	2020	 90	19952	  2.1	 14.3	0.792	 2.2	 0.0
1	2020	 91	10402	  7.0	 14.6	0.896	 2.2	 0.0
1	2020	 92	 9250	  4.1	 15.0	0.998	 2.4	 2.1
1	2020	 93	 7497	  6.2	 12.3	0.930	 2.6	 0.2
1	2020	 94	22517	  3.5	 19.0	0.867	 1.5	 0.0
1	2020	 95	23517	  5.9	 21.8	0.839	 2.2	 0.0
1	2020	 96	21601	  7.8	 19.5	0.848	 2.5	 0.0
1	2020	 97	21687	  9.8	 21.5	0.792	 2.0	 0.0
1	2020	 98	22873	  7.3	 23.7	0.872	 3.0	 0.0
1	2020	 99	23091	  9.2	 24.9	0.880	 2.3	 0.1
1	2020	100	22884	  9.2	 22.0	0.949	 5.1	 0.0
1	2020	101	 5392	  5.4	 10.2	0.850	 5.7	 9.5
1	2020	102	18973	  4.5	 15.7	0.755	 3.2	 0.6
1	2020	103	25397	  5.7	 22.2	0.593	 4.0	 0.0
1	2020	104	25022	  4.6	 24.3	0.668	 2.7	 0.0
1	2020	105	19470	 12.3	 24.3	0.837	 3.4	 0.0
1	2020	106	23296	 11.9	 26.9	1.141	 3.8	 0.0
1	2020	107	18748	 15.6	 26.3	0.994	 3.1	 0.2
1	2020	108	25267	 12.5	 25.6	0.705	 3.1	 0.0
1	2020	109	 6604	 11.4	 18.0	0.999	 2.5	 9.3
1	2020	110	23243	  9.1	 22.1	1.115	 2.9	 0.1
1	2020	111	16936	 13.2	 21.3	0.834	 3.2	 0.0
1	2020	112	19682	  9.0	 21.5	0.843	 1.8	 0.0
1	2020	113	24191	 10.1	 19.3	0.596	 3.2	 0.0
1	2020	114	23266	  7.4	 21.2	0.659	 1.7	 0.0
1	2020	115	27266	  6.5	 24.4	0.441	 3.6	 0.0
1	2020	116	27021	 13.0	 28.0	0.506	 4.2	 0.0
1	2020	117	26441	 11.0	 26.7	0.782	 2.9	 0.0
1	2020	118	24716	 13.0	 23.4	0.740	 3.6	 0.1
1	2020	119	26757	 11.2	 27.2	0.688	 3.6	 0.0
1	2020	120	24615	 14.6	 32.6	1.227	 3.5	 0.0
1	2020	121	22327	 18.4	 34.9	1.597	 3.8	 0.0
1	2020	122	25524	 18.8	 32.3	1.853	 3.7	 0.0
1	2020	123	26013	 19.6	 35.8	1.888	 2.4	 0.0
1	2020	124	26743	 21.7	 38.8	1.364	 3.4	 0.0
1	2020	125	21579	 17.2	 27.1	1.509	 6.0	 0.0
1	2020	126	20215	 14.1	 24.9	1.302	 3.4	 0.1
1	2020	127	20647	 13.8	 27.0	1.424	 3.4	 0.4
1	2020	128	 9451	 16.9	 22.8	1.788	 3.2	14.0
1	2020	129	 8980	 14.6	 20.7	1.673	 5.2	 7.0
1	2020	130	12017	 11.7	 18.8	1.447	 1.9	 5.9
1	2020	131	26784	 11.7	 27.7	1.424	 2.1	 0.0
1	2020	132	25855	 15.3	 25.2	0.899	 4.5	 0.0
1	2020	133	27811	 15.4	 29.8	0.953	 2.8	 0.0
1	2020	134	20614	 15.5	 29.4	1.160	 3.0	 0.2
1	2020	135	19324	 18.0	 26.6	1.408	 2.2	 0.0
1	2020	136	26915	 15.1	 31.6	1.543	 2.7	 0.0
1	2020	137	25150	 18.5	 33.0	1.819	 4.0	 0.0
1	2020	138	26552	 19.8	 35.6	1.708	 3.8	 0.5
1	2020	139	28198	 14.2	 28.5	0.812	 3.4	 0.0
1	2020	140	27819	 14.6	 32.1	0.928	 2.0	 0.0
1	2020	141	 9876	 20.8	 29.8	1.233	 2.5	 0.3
1	2020	142	27106	 19.2	 34.1	1.289	 2.4	 0.0
1	2020	143	27505	 21.5	 35.3	1.276	 2.7	 0.0
1	2020	144	26172	 23.1	 38.1	1.432	 4.3	 0.1
1	2020	145	20011	 19.8	 31.5	1.164	 1.7	 0.0
1	2020	146	20430	 22.7	 30.3	1.330	 3.4	 0.0
1	2020	147	26676	 18.6	 30.8	1.325	 2.9	 0.0
1	2020	148	27137	 18.4	 34.4	0.920	 2.7	 0.0
1	2020	149	28432	 18.1	 35.8	0.966	 2.7	 0.0
1	2020	150	11981	 24.3	 30.2	1.514	 3.7	 0.7
1	2020	151	21594	 19.8	 30.5	1.657	 2.3	 0.0
1	2020	152	23211	 19.6	 34.4	1.822	 2.0	 0.0
1	2020	153	26334	 21.6	 35.6	1.881	 3.5	 0.0
1	2020	154	19731	 24.4	 34.9	1.253	 2.5	 0.0
1	2020	155	29371	 19.8	 37.8	0.895	 2.7	 0.0
1	2020	156	25554	 23.6	 38.5	1.527	 3.5	 0.0
1	2020	157	21087	 25.3	 36.6	1.820	 2.8	 0.0
1	2020	158	28347	 21.5	 36.9	1.558	 2.8	 0.0
1	2020	159	23710	 23.0	 35.8	1.455	 4.0	 0.0
1	2020	160	24988	 23.4	 35.3	1.737	 3.3	 0.0
1	2020	161	11160	 23.1	 30.1	2.350	 2.7	 6.9
1	2020	162	23728	 21.2	 32.9	2.209	 2.1	 3.1
1	2020	163	12434	 23.2	 30.3	2.576	 1.9	 2.9
1	2020	164	12182	 23.1	 27.2	2.390	 2.9	 4.9
1	2020	165	24956	 20.9	 32.3	2.278	 1.4	 0.0
1	2020	166	24055	 24.2	 34.3	2.459	 2.5	 0.1
1	2020	167	13979	 23.7	 32.2	2.526	 2.0	 4.9
1	2020	168	 5185	 19.1	 24.2	2.191	 3.8	28.6
1	2020	169	 3213	 17.8	 19.8	1.990	 3.4	30.7
1	2020	170	21751	 16.5	 27.6	2.095	 2.2	 2.3
1	2020	171	22584	 17.5	 28.3	2.143	 2.0	 0.1
1	2020	172	14241	 20.7	 27.7	2.251	 2.3	 0.0
1	2020	173	20266	 18.9	 28.5	2.230	 2.1	 0.0
1	2020	174	 5030	 21.3	 24.0	2.372	 2.0	 1.0
1	2020	175	19788	 21.0	 29.1	2.381	 1.8	 0.9
1	2020	176	26607	 20.6	 32.1	2.419	 1.6	 0.0
1	2020	177	26538	 22.0	 33.5	2.505	 2.4	 0.5
1	2020	178	18845	 24.0	 32.5	2.693	 2.0	 0.0
1	2020	179	15066	 24.5	 32.0	2.788	 2.3	 2.5
1	2020	180	 8978	 21.9	 26.8	2.462	 4.7	22.8
1	2020	181	26751	 21.3	 30.6	2.369	 2.4	 0.0
1	2020	182	21700	 23.0	 29.8	2.535	 2.8	 0.4
1	2020	183	18940	 21.8	 29.8	2.414	 1.6	 0.0
1	2020	184	22729	 23.3	 30.6	2.390	 2.4	 0.2
1	2020	185	18730	 20.5	 28.8	2.532	 1.4	 0.9
1	2020	186	21536	 22.4	 31.0	2.650	 2.8	 0.5
1	2020	187	22410	 23.6	 32.3	2.696	 2.3	 0.2
1	2020	188	27617	 23.7	 36.2	2.587	 2.3	 0.0
1	2020	189	23501	 25.5	 36.0	2.761	 2.0	 0.3
1	2020	190	24226	 25.1	 34.2	2.483	 2.7	 0.0
1	2020	191	25158	 23.8	 33.5	2.304	 2.6	 0.0
1	2020	192	22716	 23.0	 32.8	2.398	 2.7	 0.1
1	2020	193	 5698	 21.0	 27.1	2.514	 4.6	32.6
1	2020	194	 7214	 20.2	 24.2	2.214	 4.2	 4.3
1	2020	195	19946	 19.7	 28.0	2.320	 2.3	 0.1
1	2020	196	 7941	 20.8	 26.2	2.581	 0.7	 5.1
1	2020	197	21599	 19.9	 29.1	2.531	 1.6	 0.4
1	2020	198	23240	 20.5	 29.6	2.446	 2.3	 0.0
1	2020	199	 5852	 21.4	 23.9	2.532	 2.1	35.8
1	2020	200	17127	 20.7	 28.6	2.483	 2.4	 2.8
1	2020	201	18464	 20.9	 28.9	2.447	 2.7	 4.2
1	2020	202	26714	 20.0	 30.8	2.548	 2.4	 0.0
1	2020	203	16571	 22.2	 29.6	2.663	 3.3	 8.6
1	2020	204	 4668	 19.9	 23.2	2.397	 3.3	134.9
1	2020	205	23313	 20.2	 28.9	2.501	 2.5	 0.0
1	2020	206	10025	 19.8	 25.8	2.420	 1.5	 2.3
1	2020	207	21458	 17.6	 28.5	2.490	 1.3	 1.4
1	2020	208	 6682	 20.5	 25.1	2.465	 2.2	16.9
1	2020	209	14834	 19.7	 27.4	2.564	 1.7	 0.4
1	2020	210	16904	 21.8	 29.3	2.813	 1.7	 0.3
1	2020	211	17652	 22.9	 30.0	2.908	 1.9	 0.1
1	2020	212	20701	 22.6	 31.0	3.119	 2.1	 5.6
1	2020	213	19434	 23.3	 31.1	3.122	 2.0	 1.8
1	2020	214	19931	 25.1	 32.6	3.427	 2.5	 1.8
1	2020	215	11744	 26.7	 31.6	3.453	 2.7	12.2
1	2020	216	18631	 26.0	 33.4	3.382	 2.7	14.8
1	2020	217	20537	 25.5	 33.6	3.305	 2.1	 1.2
1	2020	218	16764	 25.6	 32.8	3.500	 2.4	 3.0
1	2020	219	13508	 25.5	 32.4	3.456	 1.8	 8.4
1	2020	220	 3674	 23.4	 26.0	2.986	 2.5	29.4
1	2020	221	11363	 23.4	 29.1	2.963	 1.6	 5.3
1	2020	222	21648	 23.0	 32.3	3.161	 1.6	 0.1
1	2020	223	22483	 24.4	 32.8	3.328	 2.0	 0.1
1	2020	224	19700	 24.8	 32.1	3.311	 2.6	 0.1
1	2020	225	15845	 25.3	 31.4	3.432	 2.9	20.3
1	2020	226	15123	 25.9	 30.7	3.338	 3.2	10.1
1	2020	227	18007	 25.7	 31.9	3.361	 3.3	 1.9
1	2020	228	18984	 25.0	 32.1	3.117	 3.3	 0.6
1	2020	229	19686	 23.4	 32.3	3.192	 2.1	 0.7
1	2020	230	21897	 25.0	 33.2	3.229	 2.1	 0.3
1	2020	231	22276	 24.6	 32.1	3.133	 2.0	 2.8
1	2020	232	16980	 23.2	 29.2	2.704	 3.1	 5.9
1	2020	233	 3927	 19.7	 23.4	2.405	 3.8	32.9
1	2020	234	 5846	 19.9	 24.9	2.402	 3.4	 8.8
1	2020	235	10032	 21.3	 26.7	2.611	 2.1	 3.1
1	2020	236	16702	 22.7	 30.1	3.025	 2.3	 0.9
1	2020	237	17329	 23.1	 29.4	2.791	 3.0	 0.9
1	2020	238	13950	 20.5	 29.4	2.700	 1.2	 0.0
1	2020	239	22956	 20.4	 30.4	2.513	 2.5	 0.0
1	2020	240	23288	 18.5	 29.0	2.244	 1.8	 0.0
1	2020	241	23389	 20.0	 30.3	2.493	 2.1	 0.0
1	2020	242	23064	 19.9	 30.5	2.553	 1.7	 0.0
1	2020	243	20751	 21.0	 30.5	2.717	 1.5	 0.0
1	2020	244	20708	 23.0	 30.6	2.426	 2.4	 0.1
1	2020	245	21684	 21.7	 30.5	2.351	 2.4	 0.1
1	2020	246	21958	 20.6	 29.4	1.938	 2.6	 0.0
1	2020	247	22703	 17.9	 30.4	1.753	 2.2	 0.0
1	2020	248	23089	 17.5	 31.2	1.782	 2.4	 0.0
1	2020	249	20127	 20.8	 30.9	2.082	 2.8	 0.0
1	2020	250	18958	 20.4	 31.6	2.113	 1.5	 0.0
1	2020	251	22095	 19.0	 32.0	2.050	 1.8	 0.0
1	2020	252	21390	 20.0	 32.0	2.154	 1.7	 0.0
1	2020	253	16671	 21.6	 31.4	2.314	 1.7	 0.9
1	2020	254	10433	 20.8	 26.9	2.490	 1.3	11.9
1	2020	255	21456	 18.9	 27.5	1.953	 2.9	 0.0
1	2020	256	19027	 18.2	 27.5	1.872	 2.5	 0.0
1	2020	257	15072	 18.8	 26.2	2.073	 2.0	 0.3
1	2020	258	16054	 18.6	 27.1	2.174	 1.6	 0.2
1	2020	259	18163	 20.2	 28.8	2.167	 2.6	 0.2
1	2020	260	13936	 17.5	 29.6	1.778	 1.7	 0.0
1	2020	261	15066	 18.1	 26.7	1.507	 2.4	 0.0
1	2020	262	21470	 14.9	 29.2	1.501	 2.3	 0.0
1	2020	263	20269	 16.8	 29.2	1.503	 2.4	 0.0
1	2020	264	15457	 16.5	 26.3	1.595	 2.2	 0.5
1	2020	265	 4171	 17.8	 22.4	1.743	 1.6	10.8
1	2020	266	 8449	 16.5	 23.4	1.802	 1.6	 1.4
1	2020	267	14216	 18.2	 25.2	1.855	 1.3	 0.1
1	2020	268	16928	 16.1	 26.0	1.901	 1.1	 0.0
1	2020	269	13624	 16.8	 25.3	1.877	 2.1	 0.1
1	2020	270	12561	 17.6	 25.3	1.768	 2.2	 0.0
1	2020	271	15476	 17.9	 25.7	1.792	 2.3	 0.2
1	2020	272	13238	 16.0	 25.4	1.655	 1.8	 0.0
1	2020	273	 9666	 18.4	 24.8	1.763	 1.6	 0.0
1	2020	274	13216	 15.7	 24.1	1.760	 2.3	 0.2
1	2020	275	11394	 17.0	 25.6	1.908	 2.2	 0.0
1	2020	276	 2209	 13.9	 20.9	1.521	 3.2	13.5
1	2020	277	 3631	 14.7	 18.4	1.315	 3.0	 0.4
1	2020	278	10376	 10.6	 17.7	0.861	 3.6	 0.0
1	2020	279	 4911	  8.7	 15.0	0.839	 1.9	 0.7
1	2020	280	 6837	  8.0	 15.7	0.977	 2.0	 0.0
1	2020	281	14806	 12.1	 19.6	1.087	 1.5	 0.0
1	2020	282	13531	  9.6	 21.3	1.271	 1.7	 0.0
1	2020	283	11136	 14.6	 22.2	1.393	 1.3	 0.0
1	2020	284	 4806	 14.2	 22.4	1.577	 1.5	 0.0
1	2020	285	 5025	 16.8	 21.1	1.717	 1.5	 0.2
1	2020	286	 5388	 15.6	 19.4	1.414	 2.8	 0.2
1	2020	287	 4152	 12.6	 18.0	1.491	 2.4	 4.1
1	2020	288	 1728	 11.6	 14.9	1.442	 3.6	 9.6
1	2020	289	 7133	 10.5	 17.2	1.399	 1.1	 2.2
1	2020	290	11282	 10.2	 19.6	1.270	 2.5	 0.7
1	2020	291	14808	  7.3	 19.4	1.079	 1.8	 0.0
1	2020	292	13973	  8.5	 20.1	1.136	 1.8	 0.0
1	2020	293	15940	  8.8	 20.2	1.093	 1.9	 0.0
1	2020	294	 8608	  8.4	 18.8	1.189	 2.0	 0.0
1	2020	295	15872	 10.6	 22.5	1.059	 3.2	 0.0
1	2020	296	15666	  6.5	 20.4	0.789	 1.8	 0.0
1	2020	297	15687	  6.7	 18.0	0.620	 2.3	 0.0
1	2020	298	15040	  5.3	 18.7	0.693	 2.3	 0.0
1	2020	299	14229	  9.7	 21.0	0.879	 2.2	 0.0
1	2020	300	13903	 10.7	 22.8	1.120	 1.4	 0.1
1	2020	301	 8444	 13.7	 20.8	0.932	 3.6	 0.0
1	2020	302	10499	 11.7	 18.6	0.805	 2.9	 0.0
1	2020	303	13828	  7.6	 19.7	1.024	 1.2	 0.0
1	2020	304	10685	  8.6	 19.6	1.176	 1.7	 0.1
1	2020	305	 9322	 13.5	 20.5	1.254	 2.1	 0.5
1	2020	306	13075	 11.0	 21.1	0.831	 2.6	 0.0
1	2020	307	13136	  8.5	 20.2	0.594	 2.6	 0.0
1	2020	308	12227	  5.0	 16.7	0.578	 1.7	 0.0
1	2020	309	12473	  7.8	 18.3	0.630	 2.9	 0.0
1	2020	310	 7559	 11.2	 18.7	0.922	 1.7	 0.0
1	2020	311	12725	 11.4	 22.8	0.849	 2.9	 0.0
1	2020	312	13286	 11.1	 21.8	0.601	 3.3	 0.0
1	2020	313	13100	  7.6	 18.3	0.522	 3.1	 0.0
1	2020	314	12629	  4.4	 18.7	0.659	 1.7	 0.0
1	2020	315	12449	  6.7	 20.3	0.720	 2.4	 0.0
1	2020	316	11464	  8.5	 20.0	0.816	 2.9	 0.0
1	2020	317	11983	  8.3	 21.1	0.936	 2.0	 0.0
1	2020	318	11538	  9.3	 19.5	1.012	 2.7	 0.0
1	2020	319	11337	  7.5	 18.9	1.025	 2.1	 0.0
1	2020	320	11531	  7.3	 19.0	1.125	 1.8	 0.0
1	2020	321	 7993	  9.0	 19.1	1.267	 3.0	 0.1
1	2020	322	 1262	 14.3	 16.5	1.562	 3.4	37.8
1	2020	323	 2327	 11.1	 16.3	1.236	 3.4	20.9
1	2020	324	 8527	  9.2	 15.3	0.880	 3.1	 0.0
1	2020	325	 9960	  5.9	 11.9	0.757	 3.8	 0.4
1	2020	326	 1901	  4.5	  8.0	0.830	 3.6	 8.6
1	2020	327	 5093	  3.0	  7.7	0.697	 3.2	 0.1
1	2020	328	 3352	 -0.2	  4.6	0.621	 1.4	 1.1
1	2020	329	 7723	 -1.4	  6.7	0.632	 1.3	 0.0
1	2020	330	 3279	 -1.0	  6.4	0.683	 1.0	 0.2
1	2020	331	 7898	  4.0	  9.5	0.701	 2.5	 0.0
1	2020	332	 9507	  0.4	  9.7	0.627	 2.4	 0.0
1	2020	333	 5399	  0.3	  6.3	0.540	 1.7	 0.0
1	2020	334	 9664	 -1.2	  9.8	0.652	 1.6	 0.0
1	2020	335	 6011	 -0.1	  8.0	0.655	 2.2	 0.0
1	2020	336	 3318	  1.1	  4.7	0.636	 2.6	 1.1
1	2020	337	 4111	 -1.1	  5.1	0.649	 1.5	 0.3
1	2020	338	 7311	 -0.1	  5.5	0.554	 2.1	 0.0
1	2020	339	 9558	 -3.5	  6.9	0.530	 1.7	 0.0
1	2020	340	 9985	 -2.1	  8.0	0.538	 2.1	 0.0
1	2020	341	 7497	 -2.2	  9.4	0.642	 1.4	 0.0
1	2020	342	 8761	  1.3	  8.3	0.610	 2.8	 0.0
1	2020	343	 9642	 -2.8	  7.5	0.516	 1.4	 0.0
1	2020	344	 6898	  2.3	  9.4	0.706	 1.8	 0.0
1	2020	345	 9268	  0.4	 10.2	0.608	 1.7	 0.0
1	2020	346	 8085	 -1.4	  9.5	0.548	 1.7	 0.0
1	2020	347	 8884	 -1.3	 11.5	0.612	 1.9	 0.0
1	2020	348	 7056	 -0.7	  5.9	0.291	 4.9	 0.0
1	2020	349	 9651	 -6.0	  2.1	0.224	 1.8	 0.0
1	2020	350	10041	 -5.5	  4.4	0.305	 2.1	 0.0
1	2020	351	 9628	 -5.0	  4.8	0.369	 1.4	 0.0
1	2020	352	 8071	 -4.4	  6.2	0.376	 1.9	 0.0
1	2020	353	 8735	 -3.5	  6.3	0.362	 3.1	 0.0
1	2020	354	 8861	 -5.8	  5.1	0.322	 1.8	 0.0
1	2020	355	10072	 -3.9	  7.6	0.363	 2.3	 0.0
1	2020	356	10002	 -5.2	  9.1	0.424	 2.3	 0.0
1	2020	357	 9685	 -1.7	 10.3	0.517	 2.4	 0.0
1	2020	358	 9682	 -0.2	 11.5	0.482	 2.6	 0.0
1	2020	359	10058	 -3.2	 10.5	0.400	 2.2	 0.0
1	2020	360	 9242	 -4.8	 10.1	0.435	 1.9	 0.0
1	2020	361	 7711	 -0.2	 11.0	0.577	 1.9	 0.0
1	2020	362	 9978	 -1.0	 12.2	0.635	 1.7	 0.0
1	2020	363	 9189	  0.4	 11.4	0.644	 4.1	 2.5
1	2020	364	 5329	 -6.8	  1.7	0.344	 5.2	 4.8
1	2020	365	10911	 -7.6	 -0.5	0.174	 3.6	 0.0
1	2020	366	 9716	 -7.4	  2.4	0.178	 2.7	 0.0
