*------------------------------------------------------------*
*   Country: China
*   Station: 114.6_34.2
*      Year: 2021
*    Origin: AgERA5 dataset
*    Author: Huang Hai, CAU
* Longitude: 114.60 E
*  Latitude: 34.20 N
* Elevation: 59.00 m
*   Columns: 
*   ======== 
*  station number
*  year
*  day
*  irradiation (kJ路m-2路d-1)
*  minimum temperature (degrees Celsius)
*  maximum temperature (degrees Celsius)
*  vapour pressure (kPa)
*  mean wind speed (m路s-1)
*  precipitation (mm路d-1)
** WCCDESCRIPTION=114.6_34.2, China
** WCCFORMAT=2
** WCCYEARNR=2021
*------------------------------------------------------------*
114.60  34.20  59.00  -0.18  -0.55
1	2021	  1	10628	 -4.4	  7.7	0.297	 3.1	 0.0
1	2021	  2	 8821	 -4.9	  8.2	0.480	 1.7	 0.0
1	2021	  3	 7209	 -3.3	  5.1	0.427	 2.4	 0.0
1	2021	  4	 8722	 -5.4	  6.4	0.426	 2.5	 0.0
1	2021	  5	 7262	 -3.9	  2.8	0.356	 2.7	 0.0
1	2021	  6	10643	 -6.2	  3.7	0.261	 3.3	 0.0
1	2021	  7	11389	-10.8	 -3.3	0.097	 2.4	 0.0
1	2021	  8	11397	 -6.8	  1.5	0.124	 3.8	 0.0
1	2021	  9	11383	 -6.2	  3.1	0.162	 1.9	 0.0
1	2021	 10	 9264	 -5.5	  4.2	0.218	 2.4	 0.0
1	2021	 11	11430	 -2.7	  4.8	0.193	 4.6	 0.0
1	2021	 12	11398	 -2.6	 12.3	0.280	 4.4	 0.0
1	2021	 13	11477	  2.2	 15.9	0.366	 3.2	 0.0
1	2021	 14	11438	  0.6	 15.7	0.534	 3.5	 0.0
1	2021	 15	 9192	  0.6	  9.5	0.354	 3.0	 0.0
1	2021	 16	 9589	 -3.2	  5.0	0.385	 1.8	 0.0
1	2021	 17	12233	 -3.4	  7.5	0.226	 3.8	 0.0
1	2021	 18	12121	 -3.2	 11.9	0.361	 2.4	 0.0
1	2021	 19	11766	 -0.6	 11.0	0.478	 2.5	 0.0
1	2021	 20	 8043	 -3.0	  7.8	0.478	 1.5	 0.0
1	2021	 21	 8594	 -1.0	  9.7	0.546	 1.3	 0.0
1	2021	 22	 9680	 -2.0	  9.1	0.524	 2.8	 0.0
1	2021	 23	11457	  0.3	  9.0	0.551	 1.9	 0.0
1	2021	 24	 6291	 -1.8	  8.0	0.614	 2.5	 0.8
1	2021	 25	 4887	  0.7	  7.2	0.664	 2.4	 1.6
1	2021	 26	12195	 -1.8	 10.8	0.590	 2.2	 0.0
1	2021	 27	 9332	 -1.3	 10.7	0.641	 2.7	 0.0
1	2021	 28	13503	 -0.2	  8.4	0.211	 4.1	 0.0
1	2021	 29	12670	 -1.5	 12.9	0.485	 3.5	 0.0
1	2021	 30	12176	 -0.6	 14.8	0.416	 2.5	 0.0
1	2021	 31	12427	  0.5	 15.4	0.383	 2.8	 0.0
1	2021	 32	13381	  1.4	 14.9	0.405	 2.9	 0.0
1	2021	 33	13674	 -1.7	  9.2	0.370	 2.2	 0.0
1	2021	 34	13492	  1.0	 15.8	0.456	 3.1	 0.0
1	2021	 35	13237	 -1.9	 12.5	0.494	 2.4	 0.0
1	2021	 36	13943	  4.7	 17.5	0.452	 3.5	 0.0
1	2021	 37	13537	  3.6	 19.6	0.584	 3.3	 0.0
1	2021	 38	12928	  3.0	 10.7	0.495	 5.0	 0.0
1	2021	 39	12955	  0.5	  9.7	0.356	 2.5	 0.0
1	2021	 40	14141	 -0.7	 12.4	0.547	 2.6	 0.0
1	2021	 41	14202	  1.8	 15.8	0.748	 1.9	 0.0
1	2021	 42	14724	  0.2	 16.3	0.742	 2.3	 0.0
1	2021	 43	14198	  5.4	 18.0	1.019	 2.6	 0.0
1	2021	 44	 7511	  7.5	 16.2	1.093	 2.0	 1.2
1	2021	 45	15021	  6.8	 18.2	1.040	 2.6	 8.0
1	2021	 46	10056	  3.7	  8.6	0.633	 3.7	 0.0
1	2021	 47	15869	  2.1	 13.9	0.507	 3.4	 0.0
1	2021	 48	15897	 -1.8	 10.0	0.396	 1.8	 0.0
1	2021	 49	15209	 -0.6	 14.2	0.572	 3.1	 0.0
1	2021	 50	16261	  5.9	 22.1	0.510	 4.3	 0.0
1	2021	 51	16832	  7.1	 23.9	0.498	 4.4	 0.0
1	2021	 52	16434	 11.1	 26.9	0.619	 4.0	 0.0
1	2021	 53	16661	  8.4	 17.6	0.531	 4.8	 0.0
1	2021	 54	15148	  5.2	 13.2	0.464	 4.2	 0.0
1	2021	 55	 4546	  1.2	  9.9	0.627	 4.6	13.8
1	2021	 56	 4069	  0.4	  4.5	0.697	 4.7	10.5
1	2021	 57	12692	  3.2	 10.8	0.694	 3.5	 0.6
1	2021	 58	11930	  4.7	 11.2	0.786	 2.0	 0.0
1	2021	 59	  998	  7.0	  8.4	1.048	 2.3	16.6
1	2021	 60	11553	  0.5	  8.2	0.700	 4.9	 1.6
1	2021	 61	17937	 -1.2	 12.2	0.730	 3.0	 0.0
1	2021	 62	17134	  4.4	 15.0	0.759	 3.6	 0.0
1	2021	 63	18124	  4.8	 18.1	0.990	 3.3	 0.0
1	2021	 64	12940	  7.9	 18.0	0.994	 3.1	 0.0
1	2021	 65	 6770	  1.8	 10.5	0.471	 5.7	 0.1
1	2021	 66	16537	 -0.4	  9.4	0.563	 1.4	 0.0
1	2021	 67	10341	  1.9	 10.7	0.777	 1.7	 0.7
1	2021	 68	12712	  2.8	 12.5	0.902	 2.0	 0.0
1	2021	 69	 6581	  5.0	 12.4	0.977	 1.8	 0.4
1	2021	 70	 6856	  5.5	 13.0	1.052	 1.6	 3.4
1	2021	 71	14007	  3.1	 14.8	0.997	 2.5	 0.0
1	2021	 72	10828	  7.9	 14.6	1.000	 1.6	 0.1
1	2021	 73	11946	  8.3	 17.4	1.195	 3.4	 0.2
1	2021	 74	13629	 12.2	 21.3	1.463	 3.3	 2.4
1	2021	 75	21145	  6.5	 15.4	0.510	 3.7	 0.0
1	2021	 76	17054	  5.1	 15.2	0.632	 2.3	 0.0
1	2021	 77	 2823	  8.0	 11.3	0.776	 3.5	 0.9
1	2021	 78	 4748	  5.2	  9.6	0.788	 2.7	 4.5
1	2021	 79	15676	  1.7	 14.3	0.902	 1.8	 0.0
1	2021	 80	21467	  4.6	 13.0	0.522	 2.9	 0.0
1	2021	 81	22353	  1.8	 16.9	0.481	 3.1	 0.0
1	2021	 82	18260	  6.8	 19.0	0.804	 4.9	 0.0
1	2021	 83	21177	  8.0	 21.5	1.057	 2.8	 0.0
1	2021	 84	21474	  7.6	 22.0	1.038	 3.0	 0.0
1	2021	 85	 4016	 11.5	 16.9	1.293	 1.6	 6.4
1	2021	 86	16823	  8.3	 20.5	1.440	 2.3	 0.7
1	2021	 87	22105	 12.0	 25.8	1.504	 3.2	 0.0
1	2021	 88	12928	 12.6	 18.6	1.075	 3.7	 0.2
1	2021	 89	20993	  7.8	 21.1	0.811	 2.8	 0.0
1	2021	 90	 6516	 10.3	 14.9	0.972	 3.5	 2.7
1	2021	 91	 5329	 11.0	 15.0	1.026	 3.3	 0.1
1	2021	 92	 2764	  9.1	 13.4	1.011	 3.6	 3.7
1	2021	 93	 7119	  8.2	 13.4	1.029	 5.0	 0.3
1	2021	 94	22715	  2.8	 16.2	0.678	 2.1	 0.0
1	2021	 95	10928	  4.2	 15.9	0.796	 1.9	 0.0
1	2021	 96	20332	  4.0	 18.1	0.968	 1.3	 0.0
1	2021	 97	12860	  9.2	 18.1	1.093	 1.7	 0.0
1	2021	 98	22175	  6.4	 20.5	1.056	 1.8	 0.0
1	2021	 99	19248	  6.4	 20.0	0.967	 2.8	 0.0
1	2021	100	22484	  8.2	 20.6	0.795	 3.0	 0.0
1	2021	101	 6931	  9.7	 16.6	1.170	 2.2	 0.0
1	2021	102	22046	  9.0	 23.2	1.290	 1.9	 0.0
1	2021	103	19096	 12.5	 18.3	0.887	 3.9	 0.0
1	2021	104	18809	  8.6	 19.3	0.979	 2.4	 0.0
1	2021	105	22898	 10.8	 24.9	1.091	 3.9	 0.0
1	2021	106	23892	 10.7	 23.0	0.553	 3.8	 0.0
1	2021	107	26192	  7.4	 20.5	0.426	 2.5	 0.0
1	2021	108	23213	  8.6	 22.5	0.665	 4.1	 0.0
1	2021	109	25118	  9.9	 25.0	0.888	 3.2	 0.0
1	2021	110	 3041	 13.5	 17.3	1.478	 2.8	15.0
1	2021	111	 3064	 12.1	 13.9	1.398	 3.3	 5.5
1	2021	112	15504	 11.9	 20.3	1.394	 2.7	 2.1
1	2021	113	21052	  9.7	 21.4	1.346	 3.5	 0.6
1	2021	114	 6215	 11.1	 17.2	1.267	 4.7	 5.6
1	2021	115	 4663	 12.3	 15.7	1.241	 3.6	 0.5
1	2021	116	15077	 10.8	 19.5	1.324	 1.9	 0.0
1	2021	117	25199	 11.4	 24.6	1.050	 2.8	 0.0
1	2021	118	25862	 14.6	 24.3	0.775	 3.8	 0.0
1	2021	119	24440	 14.5	 29.2	0.818	 5.3	 0.0
1	2021	120	25462	 13.7	 30.5	0.839	 4.6	 0.0
1	2021	121	26434	  9.7	 26.0	0.957	 3.0	 0.0
1	2021	122	20629	 13.7	 22.2	0.686	 3.8	 0.2
1	2021	123	 7973	 12.8	 16.7	1.208	 1.5	14.9
1	2021	124	24010	 10.8	 25.8	1.093	 2.8	 0.0
1	2021	125	27091	 10.0	 27.1	0.760	 3.2	 0.0
1	2021	126	24597	 16.2	 30.1	1.456	 5.6	 0.0
1	2021	127	25745	 15.8	 26.4	0.724	 3.3	 0.0
1	2021	128	26814	 15.3	 33.5	1.452	 3.8	 0.0
1	2021	129	25918	 17.9	 32.2	2.018	 2.4	 0.0
1	2021	130	25242	 19.3	 30.8	1.736	 4.4	 0.0
1	2021	131	19732	 17.6	 26.5	1.516	 3.3	 0.1
1	2021	132	24407	 14.7	 28.6	1.816	 2.0	 0.0
1	2021	133	13483	 17.6	 26.6	2.052	 2.8	 0.2
1	2021	134	11156	 18.6	 25.4	2.272	 2.5	 5.2
1	2021	135	 7025	 16.5	 23.4	2.226	 4.0	18.8
1	2021	136	 5895	 12.0	 16.5	1.239	 4.9	 4.2
1	2021	137	21028	 11.0	 22.7	1.351	 2.1	 0.0
1	2021	138	26972	 11.7	 25.8	1.611	 2.9	 0.0
1	2021	139	10076	 14.7	 22.9	1.779	 2.7	 0.0
1	2021	140	24305	 14.9	 27.8	1.861	 3.4	 0.4
1	2021	141	24094	 16.8	 29.0	2.076	 2.9	 0.0
1	2021	142	27062	 17.8	 30.4	1.865	 2.8	 0.2
1	2021	143	12538	 18.6	 24.4	1.496	 3.4	 0.9
1	2021	144	28496	 14.1	 31.3	1.138	 3.9	 0.0
1	2021	145	21338	 17.9	 28.1	1.192	 4.3	 0.0
1	2021	146	22388	 19.5	 30.2	1.664	 4.5	 0.0
1	2021	147	26576	 15.1	 33.0	1.536	 4.9	 0.0
1	2021	148	29143	 21.7	 31.2	1.009	 3.3	 0.0
1	2021	149	26240	 20.1	 35.1	1.842	 3.5	 0.0
1	2021	150	27580	 18.7	 32.7	1.804	 2.0	 0.0
1	2021	151	26769	 20.8	 34.6	1.946	 2.6	 0.0
1	2021	152	20552	 22.2	 31.7	2.101	 2.7	 0.2
1	2021	153	25793	 21.4	 35.4	2.119	 2.1	 1.2
1	2021	154	10042	 20.2	 27.5	1.643	 2.3	 2.8
1	2021	155	29582	 16.9	 34.2	0.913	 3.8	 0.0
1	2021	156	28287	 20.8	 38.1	1.066	 3.4	 0.0
1	2021	157	27581	 22.0	 38.1	1.790	 3.9	 0.0
1	2021	158	25144	 26.2	 39.4	1.435	 4.5	 0.0
1	2021	159	26341	 23.8	 36.9	1.592	 2.0	 0.0
1	2021	160	15805	 25.3	 34.4	1.876	 1.8	 0.0
1	2021	161	23672	 23.3	 33.7	2.041	 2.3	 0.0
1	2021	162	24261	 24.0	 34.9	1.944	 2.2	 0.0
1	2021	163	19607	 26.0	 35.7	2.425	 3.1	 0.1
1	2021	164	10750	 24.2	 28.5	2.862	 3.3	 7.9
1	2021	165	12065	 24.2	 32.4	3.251	 2.2	32.8
1	2021	166	17856	 24.5	 31.7	2.826	 3.8	 4.2
1	2021	167	 8555	 23.3	 27.4	2.549	 2.1	 3.8
1	2021	168	 9023	 22.3	 27.9	2.424	 2.6	 4.8
1	2021	169	13033	 18.0	 25.2	1.788	 3.0	 0.1
1	2021	170	21687	 16.3	 30.0	2.004	 2.5	 0.0
1	2021	171	27208	 19.7	 32.1	1.924	 2.8	 0.0
1	2021	172	28253	 20.1	 32.9	1.871	 2.8	 0.0
1	2021	173	28256	 20.2	 33.7	1.891	 2.2	 0.0
1	2021	174	22787	 20.9	 34.5	1.710	 2.4	 0.0
1	2021	175	25427	 21.3	 34.6	1.884	 2.5	 0.0
1	2021	176	10783	 24.1	 29.2	2.421	 2.2	 0.7
1	2021	177	22580	 21.9	 34.1	2.627	 2.9	 0.0
1	2021	178	25069	 22.8	 34.5	2.655	 2.0	 0.0
1	2021	179	25693	 23.3	 35.9	2.583	 2.2	 0.0
1	2021	180	23783	 25.5	 35.7	2.450	 1.9	 0.1
1	2021	181	25844	 26.2	 37.3	2.412	 2.9	 0.0
1	2021	182	19651	 24.7	 35.0	2.387	 2.3	 1.9
1	2021	183	19109	 24.0	 34.2	2.460	 3.0	 5.0
1	2021	184	21860	 22.7	 31.8	2.518	 1.9	 1.1
1	2021	185	23815	 23.9	 34.2	2.445	 3.4	 0.0
1	2021	186	22728	 22.2	 32.1	2.308	 2.3	 0.6
1	2021	187	16191	 22.8	 31.7	2.750	 1.9	 0.2
1	2021	188	16430	 23.6	 31.8	2.760	 2.1	 0.2
1	2021	189	25659	 22.9	 35.5	2.671	 2.4	 0.1
1	2021	190	26757	 24.5	 37.0	2.933	 3.3	 0.4
1	2021	191	20490	 26.2	 35.9	3.186	 3.8	 0.1
1	2021	192	 6589	 28.6	 31.3	3.088	 5.7	 3.3
1	2021	193	21385	 28.3	 35.4	3.026	 5.4	 4.4
1	2021	194	25286	 26.7	 37.0	2.964	 4.4	 0.3
1	2021	195	23955	 27.4	 37.0	3.053	 3.2	 6.2
1	2021	196	15656	 24.5	 31.4	2.969	 2.3	27.4
1	2021	197	13294	 24.8	 30.5	3.126	 1.3	16.6
1	2021	198	18058	 24.3	 29.8	2.941	 3.1	 0.8
1	2021	199	 8534	 23.5	 28.6	3.002	 3.3	12.5
1	2021	200	 9796	 23.6	 29.1	3.025	 3.8	16.4
1	2021	201	 5532	 23.7	 27.5	3.044	 3.9	51.8
1	2021	202	 4947	 24.1	 28.1	3.109	 3.5	59.4
1	2021	203	17223	 24.3	 29.1	2.883	 3.8	 0.8
1	2021	204	11966	 23.2	 29.1	3.042	 2.8	11.8
1	2021	205	22409	 23.9	 31.0	2.962	 2.0	 0.2
1	2021	206	23326	 22.5	 31.7	2.923	 1.2	 0.0
1	2021	207	25613	 22.9	 32.1	2.943	 1.8	 0.0
1	2021	208	12020	 24.6	 29.7	3.070	 3.4	 3.7
1	2021	209	 8101	 22.6	 25.8	2.704	 6.9	48.5
1	2021	210	18797	 22.5	 28.1	2.431	 4.9	26.5
1	2021	211	24343	 21.0	 32.4	3.018	 2.3	 0.0
1	2021	212	25399	 24.9	 34.0	3.473	 2.8	 0.0
1	2021	213	19449	 25.8	 33.3	3.154	 2.4	 3.2
1	2021	214	24420	 24.1	 30.8	2.639	 3.0	 0.3
1	2021	215	24969	 22.5	 31.4	2.791	 2.1	 0.0
1	2021	216	23579	 23.5	 32.0	3.078	 1.5	 0.1
1	2021	217	18344	 24.9	 31.9	3.112	 1.5	 2.7
1	2021	218	21334	 23.6	 31.9	3.110	 1.7	 0.4
1	2021	219	22123	 24.7	 32.4	3.014	 1.5	 0.0
1	2021	220	20867	 23.5	 31.7	2.974	 1.4	 0.1
1	2021	221	22714	 24.0	 31.5	2.720	 2.4	 0.0
1	2021	222	16882	 21.0	 30.2	2.691	 1.7	 0.0
1	2021	223	16822	 22.3	 30.7	2.833	 2.2	 0.0
1	2021	224	11199	 24.5	 29.4	2.965	 2.2	 3.3
1	2021	225	 7188	 20.8	 24.9	2.630	 1.5	15.0
1	2021	226	19743	 19.9	 28.3	2.536	 2.0	 0.3
1	2021	227	20491	 20.3	 28.9	2.525	 1.9	 0.1
1	2021	228	19874	 22.3	 29.7	2.833	 1.7	 0.4
1	2021	229	21711	 21.6	 30.3	2.801	 1.6	 0.1
1	2021	230	19983	 22.5	 30.7	2.844	 1.8	 0.6
1	2021	231	20331	 23.0	 31.2	2.949	 3.0	 2.0
1	2021	232	14907	 22.3	 29.1	2.718	 3.2	23.1
1	2021	233	19457	 20.0	 29.2	2.705	 1.7	 0.0
1	2021	234	 4256	 22.9	 26.9	2.802	 3.3	169.2
1	2021	235	14525	 21.3	 27.6	2.419	 3.3	 7.6
1	2021	236	20287	 21.5	 30.5	2.295	 2.5	 0.0
1	2021	237	20654	 19.7	 29.8	1.888	 2.8	 0.0
1	2021	238	 8025	 18.9	 24.7	2.047	 3.4	 4.3
1	2021	239	 8460	 16.8	 22.3	2.095	 1.8	 0.1
1	2021	240	 7163	 16.9	 23.6	2.300	 1.4	 6.2
1	2021	241	 2395	 20.5	 22.6	2.509	 2.6	54.0
1	2021	242	 4327	 20.3	 24.2	2.591	 3.0	30.6
1	2021	243	 9597	 21.2	 24.7	2.487	 4.4	 8.0
1	2021	244	 5186	 19.4	 21.6	2.282	 2.8	11.4
1	2021	245	21149	 17.9	 27.6	2.318	 1.7	 0.0
1	2021	246	18578	 18.8	 28.3	2.476	 2.5	 0.8
1	2021	247	 2157	 19.8	 23.8	2.321	 3.6	59.9
1	2021	248	13983	 18.5	 25.4	2.211	 3.9	 0.8
1	2021	249	 4278	 19.9	 23.7	2.360	 3.2	 3.9
1	2021	250	18814	 19.0	 26.0	2.161	 1.8	 0.0
1	2021	251	21834	 17.9	 28.0	2.231	 2.9	 0.0
1	2021	252	21737	 19.3	 30.0	2.500	 3.3	 0.0
1	2021	253	21776	 19.8	 31.0	2.718	 2.1	 0.0
1	2021	254	22104	 20.9	 31.5	2.467	 2.4	 0.0
1	2021	255	21358	 20.8	 30.7	2.492	 2.2	 0.0
1	2021	256	21303	 19.9	 29.2	2.350	 2.3	 0.0
1	2021	257	20726	 18.7	 29.7	2.357	 2.1	 0.0
1	2021	258	17205	 20.7	 28.8	2.342	 1.9	 0.6
1	2021	259	17828	 18.8	 29.2	2.094	 2.7	 0.0
1	2021	260	 3080	 20.6	 22.8	2.242	 3.2	 1.6
1	2021	261	 5287	 20.2	 23.9	2.449	 3.6	13.9
1	2021	262	 3065	 16.2	 21.9	1.932	 4.7	26.8
1	2021	263	18904	 16.6	 26.5	2.000	 2.8	 0.0
1	2021	264	20768	 19.6	 30.2	2.111	 3.3	 0.0
1	2021	265	18869	 19.6	 30.1	2.473	 1.7	 0.0
1	2021	266	17943	 19.9	 30.9	2.322	 2.2	 0.0
1	2021	267	 2515	 21.7	 25.7	2.397	 1.9	40.8
1	2021	268	 3137	 19.9	 22.8	2.345	 3.8	42.8
1	2021	269	 3439	 19.1	 21.0	2.088	 4.1	 2.7
1	2021	270	 7017	 19.1	 23.6	2.138	 2.9	 0.2
1	2021	271	 2870	 15.6	 20.9	1.990	 2.7	14.3
1	2021	272	18264	 13.0	 26.3	1.931	 1.8	 0.0
1	2021	273	19081	 16.7	 27.6	1.973	 3.5	 0.0
1	2021	274	17292	 18.4	 27.9	2.291	 2.3	 0.0
1	2021	275	17384	 17.4	 30.0	2.342	 2.8	 0.0
1	2021	276	13731	 22.9	 31.3	2.589	 3.3	 0.5
1	2021	277	 8365	 14.8	 25.4	1.836	 6.4	 0.6
1	2021	278	 2971	 12.5	 14.8	1.294	 6.5	 1.8
1	2021	279	 2252	 11.5	 13.2	1.290	 5.5	 3.2
1	2021	280	 1550	 10.8	 13.2	1.280	 3.6	 5.4
1	2021	281	 2403	 12.4	 15.0	1.432	 2.8	 2.5
1	2021	282	 5582	 13.6	 19.0	1.617	 2.5	 0.3
1	2021	283	 3930	 14.7	 17.5	1.166	 4.1	 0.0
1	2021	284	 8481	 12.9	 17.7	0.897	 3.0	 0.0
1	2021	285	15038	 13.6	 19.9	1.047	 2.8	 0.1
1	2021	286	16283	 12.1	 21.8	1.135	 2.1	 0.0
1	2021	287	10815	 13.2	 22.0	1.432	 3.1	 1.5
1	2021	288	 2180	 14.7	 17.3	1.691	 2.4	 1.8
1	2021	289	12847	  7.4	 15.6	0.641	 4.7	 0.0
1	2021	290	16672	  3.9	 14.6	0.601	 2.0	 0.0
1	2021	291	15819	  8.7	 18.7	0.944	 3.0	 0.0
1	2021	292	 8268	  9.8	 16.1	1.056	 3.6	 0.2
1	2021	293	 6130	  9.0	 13.8	1.080	 2.1	 2.3
1	2021	294	13455	  7.3	 17.4	1.096	 2.3	 0.1
1	2021	295	14967	  5.5	 18.8	1.003	 1.3	 0.0
1	2021	296	13425	  5.7	 18.6	0.931	 1.3	 0.0
1	2021	297	14610	  7.5	 18.9	0.971	 1.4	 0.2
1	2021	298	14466	  7.1	 20.1	1.028	 2.2	 0.0
1	2021	299	10232	  9.0	 20.4	1.233	 2.0	 0.0
1	2021	300	11555	 10.1	 19.9	1.150	 2.5	 0.0
1	2021	301	12248	  9.5	 21.0	1.108	 1.4	 0.0
1	2021	302	10895	  9.8	 21.5	1.245	 2.4	 0.0
1	2021	303	13888	  9.9	 22.8	1.364	 2.2	 0.0
1	2021	304	 9545	 10.7	 20.6	1.303	 2.5	 0.0
1	2021	305	 8302	  9.7	 17.4	1.098	 3.3	 0.0
1	2021	306	 8585	 10.7	 18.8	1.347	 1.6	 0.1
1	2021	307	11141	  9.8	 20.4	1.211	 1.9	 0.0
1	2021	308	10294	  9.4	 21.3	1.284	 2.2	 0.0
1	2021	309	 5611	 14.5	 20.9	1.465	 2.1	 0.0
1	2021	310	 4084	 12.8	 18.9	1.530	 3.4	 4.0
1	2021	311	 3505	  2.1	 12.3	0.562	 6.0	14.6
1	2021	312	13608	  0.3	 10.2	0.372	 3.3	 0.0
1	2021	313	13178	  2.5	 13.4	0.397	 4.7	 0.0
1	2021	314	12768	  5.2	 14.7	0.513	 2.9	 0.0
1	2021	315	12595	  5.2	 15.1	0.572	 2.2	 0.0
1	2021	316	12570	  5.1	 15.6	0.553	 2.5	 0.0
1	2021	317	12580	  4.7	 17.8	0.484	 3.0	 0.0
1	2021	318	12468	  3.6	 17.5	0.579	 2.2	 0.0
1	2021	319	11217	  6.5	 17.0	0.760	 2.7	 0.0
1	2021	320	11213	  5.9	 15.8	0.852	 2.9	 0.0
1	2021	321	 8622	  7.3	 18.8	0.905	 2.7	 0.0
1	2021	322	11562	  8.3	 19.4	0.910	 3.7	 0.0
1	2021	323	 9953	  7.6	 17.7	1.034	 2.5	 0.0
1	2021	324	 5472	  7.9	 14.0	0.878	 3.7	 0.1
1	2021	325	 6986	  4.8	 14.0	0.576	 3.8	 0.0
1	2021	326	11897	 -1.2	  7.6	0.224	 2.1	 0.0
1	2021	327	11551	 -2.9	 12.1	0.353	 2.8	 0.0
1	2021	328	11363	  4.1	 17.0	0.393	 4.0	 0.0
1	2021	329	11186	  1.5	 15.8	0.463	 2.0	 0.0
1	2021	330	10823	  2.1	 15.4	0.605	 2.2	 0.0
1	2021	331	 9829	  1.9	 14.4	0.690	 2.3	 0.0
1	2021	332	 8345	  4.9	 13.8	0.892	 1.9	 0.0
1	2021	333	 5523	  3.1	 14.0	0.777	 3.6	 1.4
1	2021	334	10925	  0.0	  9.9	0.321	 3.7	 0.0
1	2021	335	10743	 -2.8	  9.7	0.350	 2.2	 0.0
1	2021	336	10717	  0.3	 12.5	0.329	 4.2	 0.0
1	2021	337	10542	  1.1	 13.5	0.345	 1.9	 0.0
1	2021	338	10465	 -0.3	 15.0	0.447	 2.0	 0.0
1	2021	339	10316	  1.3	 15.3	0.526	 2.4	 0.0
1	2021	340	10260	  2.2	 13.4	0.467	 4.2	 0.0
1	2021	341	 9169	  2.4	 10.4	0.542	 2.7	 0.0
1	2021	342	 4818	  2.4	 10.0	0.663	 1.4	 0.0
1	2021	343	 9757	  1.3	 13.7	0.743	 2.2	 0.0
1	2021	344	 6336	  1.4	 12.8	0.865	 2.1	 0.6
1	2021	345	 6154	  6.0	 11.9	0.955	 2.0	 2.3
1	2021	346	 8052	  0.7	  8.6	0.552	 3.4	 0.0
1	2021	347	 9657	 -2.3	  9.6	0.508	 2.6	 0.0
1	2021	348	 9737	  3.0	 13.6	0.772	 3.3	 0.0
1	2021	349	 8046	  1.2	 12.7	0.751	 1.6	 0.0
1	2021	350	 6937	  1.3	 12.3	0.511	 2.8	 0.0
1	2021	351	 9534	 -2.7	  4.1	0.252	 3.2	 0.0
1	2021	352	 8506	 -3.1	  9.7	0.297	 3.8	 0.0
1	2021	353	 9929	 -0.3	 13.5	0.411	 3.6	 0.0
1	2021	354	 9897	  3.4	 15.6	0.404	 3.6	 0.0
1	2021	355	10049	 -0.1	 14.3	0.427	 1.8	 0.0
1	2021	356	 9824	 -0.6	 11.6	0.586	 2.8	 0.0
1	2021	357	 8816	 -0.5	  9.3	0.644	 3.7	 0.0
1	2021	358	 5313	 -3.7	  4.4	0.466	 5.7	 1.9
1	2021	359	 9119	 -6.5	 -1.5	0.211	 3.6	 0.0
1	2021	360	10252	 -7.7	  0.3	0.232	 1.5	 0.0
1	2021	361	10404	 -7.0	  4.4	0.254	 2.6	 0.0
1	2021	362	10040	 -3.0	  8.0	0.328	 3.7	 0.0
1	2021	363	10410	 -2.5	  8.4	0.252	 3.0	 0.0
1	2021	364	 9950	 -3.9	  9.1	0.299	 2.3	 0.0
1	2021	365	 6336	 -3.3	  8.2	0.372	 1.8	 0.0
