*------------------------------------------------------------*
*   Country: China
*   Station: 114.4_34.4
*      Year: 2020
*    Origin: AgERA5 dataset
*    Author: Huang Hai, CAU
* Longitude: 114.40 E
*  Latitude: 34.40 N
* Elevation: 66.00 m
*   Columns: 
*   ======== 
*  station number
*  year
*  day
*  irradiation (kJ路m-2路d-1)
*  minimum temperature (degrees Celsius)
*  maximum temperature (degrees Celsius)
*  vapour pressure (kPa)
*  mean wind speed (m路s-1)
*  precipitation (mm路d-1)
** WCCDESCRIPTION=114.4_34.4, China
** WCCFORMAT=2
** WCCYEARNR=2020
*------------------------------------------------------------*
114.40  34.40  66.00  -0.18  -0.55
1	2020	  1	 8003	 -4.1	  5.9	0.319	 1.5	 0.0
1	2020	  2	 3750	  2.0	  5.9	0.468	 0.9	 0.0
1	2020	  3	 7267	  1.1	  9.5	0.529	 1.2	 0.0
1	2020	  4	 9294	 -0.6	 11.8	0.638	 2.0	 0.0
1	2020	  5	  210	  1.8	  6.4	0.755	 4.5	19.9
1	2020	  6	 1082	  0.4	  2.7	0.640	 4.2	14.3
1	2020	  7	 3363	 -4.1	  1.6	0.604	 4.7	10.5
1	2020	  8	 6604	 -5.0	  5.0	0.506	 1.3	 0.0
1	2020	  9	 5837	 -0.6	  5.5	0.501	 1.3	 0.0
1	2020	 10	 5309	 -0.4	  6.2	0.595	 1.3	 0.0
1	2020	 11	 6431	 -2.3	  5.7	0.586	 1.8	 0.0
1	2020	 12	 6526	 -4.6	  5.8	0.600	 1.2	 0.3
1	2020	 13	 5591	 -2.5	  5.7	0.572	 2.0	 0.1
1	2020	 14	11090	 -5.3	  4.7	0.412	 1.8	 0.0
1	2020	 15	 3802	 -4.2	  2.2	0.408	 2.1	 0.9
1	2020	 16	 9123	 -2.7	  4.6	0.515	 1.6	 0.1
1	2020	 17	10388	 -3.7	  7.2	0.567	 2.2	 0.0
1	2020	 18	 9092	 -3.9	  8.0	0.575	 2.2	 0.0
1	2020	 19	11982	 -1.8	  8.7	0.410	 2.4	 0.0
1	2020	 20	 9981	 -2.4	  8.6	0.436	 2.4	 0.0
1	2020	 21	 6313	 -3.7	  7.1	0.551	 1.6	 0.1
1	2020	 22	 8284	 -3.0	  8.1	0.626	 1.1	 0.0
1	2020	 23	 8605	 -2.2	  9.4	0.678	 1.7	 0.0
1	2020	 24	 4993	  2.5	  6.8	0.672	 3.7	 1.1
1	2020	 25	 7593	  0.3	  7.2	0.567	 1.8	 0.7
1	2020	 26	 4149	  0.5	  3.2	0.601	 3.0	 2.8
1	2020	 27	10662	 -1.7	  6.7	0.523	 2.4	 0.1
1	2020	 28	12205	 -3.9	  9.2	0.536	 1.7	 0.0
1	2020	 29	12288	 -3.3	  9.4	0.555	 2.0	 0.0
1	2020	 30	12819	 -3.8	  9.7	0.556	 1.5	 0.0
1	2020	 31	13123	 -1.5	 12.7	0.608	 2.7	 0.0
1	2020	 32	 9228	  0.0	 11.2	0.635	 1.9	 0.0
1	2020	 33	11831	 -0.6	 11.7	0.568	 2.3	 0.0
1	2020	 34	13436	 -1.1	  9.6	0.538	 2.5	 0.0
1	2020	 35	13281	  0.5	 12.0	0.590	 3.4	 0.0
1	2020	 36	 3700	  0.0	  4.0	0.506	 4.3	 1.0
1	2020	 37	 4865	 -1.0	  3.1	0.547	 3.2	 3.3
1	2020	 38	12401	 -1.3	  8.1	0.628	 1.6	 0.0
1	2020	 39	12726	 -1.8	 10.9	0.670	 2.0	 0.0
1	2020	 40	14539	  0.2	 15.6	0.636	 3.5	 0.0
1	2020	 41	14393	  3.0	 16.3	0.744	 3.4	 0.0
1	2020	 42	14273	  4.6	 15.1	0.801	 2.8	 0.0
1	2020	 43	14415	  3.1	 17.1	0.963	 3.1	 0.0
1	2020	 44	10683	  6.1	 17.5	1.136	 3.4	 0.0
1	2020	 45	 6442	  2.2	 14.5	0.916	 4.9	 0.6
1	2020	 46	 4229	 -1.2	  3.6	0.494	 3.3	 4.2
1	2020	 47	16082	 -3.1	  7.2	0.266	 2.8	 0.0
1	2020	 48	16253	 -3.8	  9.8	0.305	 2.4	 0.0
1	2020	 49	16019	 -1.2	 13.9	0.387	 3.7	 0.0
1	2020	 50	11875	  3.2	 13.5	0.555	 2.7	 0.0
1	2020	 51	12832	  0.6	 15.1	0.678	 1.5	 0.0
1	2020	 52	16193	  5.0	 15.5	0.560	 3.3	 0.2
1	2020	 53	16634	  1.7	 14.0	0.394	 2.2	 0.0
1	2020	 54	16238	  4.3	 18.3	0.728	 3.9	 0.0
1	2020	 55	 7602	  9.6	 18.9	1.046	 3.1	 1.3
1	2020	 56	15640	  5.1	 15.3	0.885	 3.5	 0.0
1	2020	 57	 3880	  6.7	 10.8	0.878	 3.7	 0.6
1	2020	 58	 3712	  2.1	  8.4	0.629	 3.0	 9.8
1	2020	 59	13355	  0.4	  9.4	0.702	 1.6	 4.4
1	2020	 60	16397	  1.0	 13.9	0.831	 2.1	 0.0
1	2020	 61	 9802	  4.0	 12.5	0.808	 2.5	 0.1
1	2020	 62	10315	  3.5	 10.9	0.642	 2.3	 0.1
1	2020	 63	14053	  0.1	 12.2	0.488	 2.6	 0.0
1	2020	 64	18525	 -1.2	 12.0	0.431	 2.4	 0.0
1	2020	 65	17708	  0.7	 14.9	0.578	 3.6	 0.0
1	2020	 66	12532	  3.7	 16.4	0.822	 3.4	 0.0
1	2020	 67	19090	  6.0	 17.6	0.834	 2.9	 0.0
1	2020	 68	15074	  7.6	 17.7	1.011	 3.1	 0.0
1	2020	 69	 4919	  6.9	 13.0	0.941	 3.2	 1.6
1	2020	 70	19227	  1.9	 14.8	0.592	 2.2	 0.0
1	2020	 71	19374	  2.0	 18.8	0.700	 3.7	 0.0
1	2020	 72	16761	  7.9	 19.5	0.869	 3.6	 0.0
1	2020	 73	13951	  5.4	 12.4	0.613	 4.0	 0.0
1	2020	 74	20943	  2.9	 17.2	0.457	 3.9	 0.0
1	2020	 75	20170	  5.5	 20.0	0.412	 2.2	 0.0
1	2020	 76	13354	  6.9	 19.1	0.735	 3.1	 0.0
1	2020	 77	20835	  8.7	 23.6	0.631	 2.8	 0.0
1	2020	 78	21296	 10.2	 26.6	0.613	 4.4	 0.0
1	2020	 79	21853	  7.0	 20.0	0.335	 2.9	 0.0
1	2020	 80	21197	  8.5	 26.8	0.687	 4.3	 0.0
1	2020	 81	18297	 13.2	 28.2	1.014	 3.7	 0.0
1	2020	 82	20747	 10.8	 22.0	0.605	 3.9	 0.0
1	2020	 83	21415	  8.5	 23.9	0.685	 3.0	 0.0
1	2020	 84	19851	 11.9	 24.6	0.908	 3.2	 0.0
1	2020	 85	 7397	 13.9	 20.0	1.545	 2.6	13.7
1	2020	 86	 8066	  6.7	 20.1	1.170	 5.8	 1.0
1	2020	 87	10499	  6.8	 12.3	0.437	 3.7	 0.0
1	2020	 88	22337	  3.0	 14.9	0.480	 2.7	 0.0
1	2020	 89	 7547	  5.8	  9.6	0.766	 2.3	 2.6
1	2020	 90	20334	  2.5	 14.7	0.794	 2.3	 0.0
1	2020	 91	 9729	  6.7	 14.2	0.881	 2.4	 0.0
1	2020	 92	 8900	  4.1	 15.0	0.974	 2.4	 2.7
1	2020	 93	 6432	  6.2	 11.7	0.919	 2.4	 0.4
1	2020	 94	22682	  3.3	 18.9	0.812	 1.6	 0.0
1	2020	 95	23587	  4.8	 21.9	0.823	 2.1	 0.0
1	2020	 96	22269	  7.4	 19.4	0.824	 2.7	 0.0
1	2020	 97	21916	  9.7	 21.8	0.752	 2.4	 0.0
1	2020	 98	23368	  7.9	 23.8	0.844	 3.2	 0.0
1	2020	 99	22707	  8.5	 24.3	0.886	 2.0	 0.1
1	2020	100	22251	  8.7	 20.1	0.929	 5.3	 0.4
1	2020	101	 5278	  5.4	  9.4	0.840	 5.6	 9.4
1	2020	102	20076	  4.7	 15.4	0.745	 3.1	 0.5
1	2020	103	25367	  6.3	 22.0	0.560	 4.1	 0.0
1	2020	104	24956	  5.3	 24.1	0.664	 3.0	 0.0
1	2020	105	19251	 12.4	 24.1	0.793	 3.6	 0.0
1	2020	106	23745	 11.7	 26.8	1.112	 3.8	 0.0
1	2020	107	18509	 15.6	 25.4	1.064	 3.0	 0.2
1	2020	108	25935	 11.5	 25.0	0.713	 3.4	 0.0
1	2020	109	 7310	 11.2	 18.2	0.963	 2.9	 6.7
1	2020	110	22113	  9.7	 22.0	1.101	 3.0	 0.2
1	2020	111	18631	 13.2	 21.1	0.738	 3.4	 0.0
1	2020	112	19743	  8.7	 21.2	0.791	 1.7	 0.0
1	2020	113	25298	  9.6	 18.7	0.500	 3.2	 0.0
1	2020	114	24365	  6.6	 20.7	0.559	 1.7	 0.0
1	2020	115	27156	  6.0	 24.3	0.409	 3.7	 0.0
1	2020	116	27020	 13.6	 26.4	0.467	 4.4	 0.0
1	2020	117	26357	 11.3	 25.9	0.759	 3.1	 0.0
1	2020	118	24121	 12.7	 22.9	0.711	 3.3	 0.5
1	2020	119	26706	 11.3	 26.9	0.668	 3.9	 0.0
1	2020	120	24938	 14.5	 32.4	1.178	 3.8	 0.0
1	2020	121	23319	 18.3	 35.0	1.589	 3.8	 0.0
1	2020	122	25392	 19.0	 32.2	1.875	 4.2	 0.0
1	2020	123	25858	 19.0	 34.9	2.010	 2.5	 0.0
1	2020	124	26678	 20.4	 38.9	1.353	 3.0	 0.0
1	2020	125	18546	 16.7	 27.1	1.471	 6.1	 0.1
1	2020	126	21677	 13.5	 24.7	1.294	 3.2	 0.3
1	2020	127	22044	 13.4	 26.5	1.383	 3.4	 0.6
1	2020	128	 9760	 16.5	 22.2	1.789	 3.2	13.5
1	2020	129	 8245	 14.3	 19.7	1.643	 5.4	 8.2
1	2020	130	12766	 11.3	 19.0	1.398	 2.1	 5.7
1	2020	131	27001	 11.6	 27.5	1.440	 2.2	 0.0
1	2020	132	26639	 15.0	 25.0	0.884	 4.7	 0.0
1	2020	133	27767	 15.6	 28.9	0.942	 3.0	 0.0
1	2020	134	21956	 15.4	 29.8	1.144	 3.2	 0.1
1	2020	135	19806	 18.3	 26.6	1.425	 2.3	 0.0
1	2020	136	26894	 14.6	 31.3	1.540	 2.6	 0.0
1	2020	137	24971	 18.8	 32.8	1.782	 4.2	 0.0
1	2020	138	26748	 18.1	 34.7	1.689	 3.7	 1.1
1	2020	139	28181	 13.5	 27.4	0.801	 3.3	 0.0
1	2020	140	27863	 13.6	 31.4	0.848	 2.1	 0.0
1	2020	141	12451	 20.6	 29.8	1.165	 2.6	 0.0
1	2020	142	27192	 18.6	 33.8	1.264	 2.5	 0.0
1	2020	143	27874	 20.8	 34.9	1.238	 2.7	 0.0
1	2020	144	26265	 22.7	 37.1	1.437	 4.4	 0.3
1	2020	145	18171	 19.0	 30.2	1.186	 1.8	 0.0
1	2020	146	21698	 22.7	 30.7	1.250	 3.7	 0.0
1	2020	147	26939	 18.3	 30.5	1.285	 3.0	 0.0
1	2020	148	26897	 17.8	 34.0	0.928	 2.7	 0.0
1	2020	149	28536	 17.7	 35.5	0.954	 2.4	 0.0
1	2020	150	12957	 24.1	 30.1	1.479	 3.9	 0.1
1	2020	151	22115	 19.9	 29.8	1.591	 2.8	 0.0
1	2020	152	24693	 19.2	 34.4	1.761	 2.0	 0.1
1	2020	153	26304	 21.7	 35.5	1.863	 3.6	 0.0
1	2020	154	21376	 24.0	 34.7	1.237	 2.5	 0.0
1	2020	155	29430	 20.1	 37.8	0.838	 2.8	 0.0
1	2020	156	25505	 23.6	 38.6	1.447	 3.5	 0.0
1	2020	157	21264	 25.1	 35.9	1.749	 2.7	 0.0
1	2020	158	28498	 21.7	 36.7	1.533	 2.5	 0.0
1	2020	159	25730	 22.8	 36.6	1.392	 3.9	 0.0
1	2020	160	26031	 23.3	 35.5	1.657	 3.5	 0.0
1	2020	161	11529	 22.6	 29.8	2.317	 2.2	 9.2
1	2020	162	23480	 21.0	 32.5	2.210	 1.9	 1.9
1	2020	163	14288	 22.5	 30.8	2.546	 2.0	 3.6
1	2020	164	13339	 22.2	 25.4	2.273	 3.1	 9.2
1	2020	165	24458	 20.5	 31.7	2.291	 1.3	 0.0
1	2020	166	24348	 23.9	 33.7	2.408	 2.7	 0.2
1	2020	167	12607	 23.2	 32.5	2.578	 1.6	10.3
1	2020	168	 5641	 19.1	 23.5	2.160	 3.3	43.0
1	2020	169	 3189	 17.9	 19.5	1.959	 3.3	33.4
1	2020	170	20404	 17.0	 26.5	2.072	 2.3	 2.3
1	2020	171	23275	 17.1	 28.2	2.102	 2.1	 0.1
1	2020	172	16671	 20.3	 27.9	2.204	 2.3	 0.0
1	2020	173	21292	 19.3	 28.7	2.227	 2.2	 0.1
1	2020	174	 5886	 21.6	 24.3	2.344	 2.1	 1.1
1	2020	175	17004	 20.9	 27.8	2.399	 1.9	 4.3
1	2020	176	26974	 20.2	 31.7	2.371	 1.5	 0.0
1	2020	177	26630	 21.3	 33.0	2.490	 2.6	 0.8
1	2020	178	19985	 24.1	 32.2	2.689	 2.1	 0.1
1	2020	179	18261	 24.0	 32.7	2.768	 2.2	 0.7
1	2020	180	12837	 22.9	 26.7	2.426	 4.4	 8.6
1	2020	181	26790	 21.4	 30.5	2.312	 2.3	 0.0
1	2020	182	20297	 22.6	 29.6	2.472	 2.8	 0.1
1	2020	183	20564	 21.5	 30.0	2.348	 1.6	 0.0
1	2020	184	21624	 23.3	 30.8	2.416	 2.3	 0.4
1	2020	185	19298	 20.6	 28.6	2.547	 1.7	 0.9
1	2020	186	21780	 22.1	 30.8	2.629	 2.8	 0.6
1	2020	187	22648	 23.7	 32.5	2.690	 2.5	 0.1
1	2020	188	27526	 23.7	 36.1	2.557	 1.9	 0.0
1	2020	189	23600	 25.8	 36.0	2.884	 1.6	 0.8
1	2020	190	24229	 25.0	 34.0	2.394	 2.7	 0.0
1	2020	191	24132	 23.7	 33.2	2.253	 2.6	 0.0
1	2020	192	22759	 22.8	 32.7	2.348	 2.4	 0.0
1	2020	193	 6873	 21.0	 27.3	2.480	 4.4	33.8
1	2020	194	 6851	 20.0	 23.9	2.177	 4.4	 8.1
1	2020	195	20141	 19.8	 28.1	2.293	 2.3	 0.0
1	2020	196	 8758	 20.8	 26.4	2.551	 1.0	 3.8
1	2020	197	23431	 19.5	 29.7	2.489	 1.7	 0.2
1	2020	198	24362	 20.8	 29.9	2.451	 2.4	 0.0
1	2020	199	 7566	 21.6	 24.2	2.491	 2.2	24.2
1	2020	200	17471	 20.7	 28.8	2.467	 2.4	 2.0
1	2020	201	17921	 21.7	 28.9	2.421	 2.7	 3.2
1	2020	202	26527	 20.3	 31.0	2.508	 2.5	 0.0
1	2020	203	18196	 22.2	 30.0	2.613	 3.4	 6.8
1	2020	204	 5160	 20.2	 23.0	2.336	 3.5	123.1
1	2020	205	24554	 20.6	 28.9	2.485	 2.7	 0.0
1	2020	206	13036	 20.3	 26.7	2.404	 1.9	 1.0
1	2020	207	23729	 18.1	 29.2	2.478	 1.5	 0.5
1	2020	208	 7041	 20.5	 25.0	2.416	 2.1	11.0
1	2020	209	15282	 19.8	 27.4	2.518	 1.7	 0.2
1	2020	210	18456	 21.4	 29.5	2.781	 1.8	 0.2
1	2020	211	17422	 23.1	 30.1	2.896	 1.9	 0.2
1	2020	212	19959	 22.6	 30.9	3.129	 2.3	 1.7
1	2020	213	19459	 23.6	 31.1	3.128	 2.3	 2.9
1	2020	214	19307	 25.2	 32.7	3.434	 2.7	 1.4
1	2020	215	10940	 25.8	 31.4	3.448	 2.8	15.9
1	2020	216	18109	 26.2	 33.6	3.399	 2.8	23.4
1	2020	217	19872	 25.4	 33.6	3.324	 2.1	11.1
1	2020	218	16398	 25.7	 32.8	3.468	 2.3	 5.8
1	2020	219	10989	 24.9	 31.8	3.352	 1.7	13.6
1	2020	220	 3763	 23.6	 25.9	2.959	 2.5	34.2
1	2020	221	12960	 23.5	 29.7	2.929	 1.8	 2.7
1	2020	222	21597	 23.2	 32.3	3.150	 1.6	 0.2
1	2020	223	22259	 24.4	 32.9	3.332	 2.3	 0.2
1	2020	224	20641	 24.9	 32.4	3.311	 2.6	 0.0
1	2020	225	15898	 25.1	 31.9	3.395	 3.0	17.0
1	2020	226	16787	 25.9	 31.2	3.314	 3.8	 9.6
1	2020	227	18003	 25.7	 31.9	3.407	 3.3	 2.2
1	2020	228	18804	 24.2	 31.9	3.041	 3.3	 1.0
1	2020	229	19731	 22.9	 32.6	3.150	 2.0	 1.0
1	2020	230	22167	 25.2	 33.4	3.239	 1.9	 0.1
1	2020	231	22231	 25.0	 32.3	3.171	 2.3	 1.2
1	2020	232	16673	 22.9	 29.7	2.690	 3.2	 5.4
1	2020	233	 3455	 20.0	 23.1	2.380	 3.9	27.5
1	2020	234	 7249	 19.9	 25.3	2.354	 3.5	10.2
1	2020	235	11431	 21.5	 27.4	2.580	 1.9	 0.8
1	2020	236	16827	 22.3	 30.3	2.987	 2.3	 0.9
1	2020	237	17113	 22.7	 30.0	2.812	 3.2	 0.7
1	2020	238	14865	 20.4	 29.5	2.615	 1.5	 0.0
1	2020	239	23056	 21.2	 30.6	2.450	 2.7	 0.0
1	2020	240	23208	 18.4	 29.3	2.207	 1.8	 0.0
1	2020	241	23297	 20.3	 30.6	2.476	 2.2	 0.0
1	2020	242	23037	 20.3	 30.9	2.537	 1.6	 0.0
1	2020	243	20998	 21.1	 30.8	2.703	 1.6	 0.1
1	2020	244	20776	 23.3	 31.2	2.514	 2.4	 0.1
1	2020	245	22000	 21.9	 30.9	2.338	 2.4	 0.0
1	2020	246	21362	 20.2	 29.5	1.904	 2.6	 0.2
1	2020	247	22306	 18.2	 30.3	1.717	 2.0	 0.0
1	2020	248	23098	 17.6	 31.3	1.714	 2.5	 0.0
1	2020	249	21116	 21.0	 31.5	1.998	 2.9	 0.0
1	2020	250	20072	 20.5	 32.1	2.047	 1.7	 0.0
1	2020	251	22256	 19.3	 32.4	1.968	 1.9	 0.0
1	2020	252	20892	 19.9	 32.2	2.043	 1.9	 0.0
1	2020	253	18305	 21.6	 31.7	2.270	 1.8	 1.3
1	2020	254	12203	 21.0	 27.4	2.431	 1.4	 8.7
1	2020	255	21334	 19.1	 27.5	1.859	 3.2	 0.0
1	2020	256	18709	 18.1	 27.6	1.822	 2.7	 0.0
1	2020	257	15680	 19.0	 26.7	2.050	 2.1	 0.4
1	2020	258	16946	 18.7	 27.8	2.177	 1.9	 0.6
1	2020	259	18630	 20.3	 29.0	2.162	 3.0	 0.2
1	2020	260	14547	 17.8	 29.8	1.594	 2.1	 0.0
1	2020	261	15316	 18.2	 27.0	1.409	 2.2	 0.0
1	2020	262	21418	 15.4	 29.6	1.454	 2.5	 0.0
1	2020	263	20520	 17.0	 29.8	1.424	 2.6	 0.0
1	2020	264	17616	 16.1	 27.7	1.530	 2.5	 0.2
1	2020	265	 4399	 18.1	 23.2	1.669	 1.9	 5.2
1	2020	266	10234	 16.7	 24.8	1.754	 1.8	 1.4
1	2020	267	15002	 18.6	 25.8	1.735	 1.4	 0.0
1	2020	268	16457	 16.2	 26.5	1.818	 1.2	 0.0
1	2020	269	15281	 17.1	 26.2	1.768	 2.3	 0.1
1	2020	270	14204	 17.1	 25.9	1.695	 2.3	 0.1
1	2020	271	15146	 18.3	 26.4	1.675	 2.3	 0.3
1	2020	272	13492	 16.0	 25.8	1.572	 1.9	 0.0
1	2020	273	10370	 18.2	 25.6	1.668	 1.8	 0.0
1	2020	274	12867	 16.0	 24.7	1.675	 2.4	 0.2
1	2020	275	12104	 17.6	 26.2	1.846	 2.6	 0.0
1	2020	276	 2722	 15.5	 21.0	1.410	 3.1	 8.6
1	2020	277	 4125	 15.2	 19.2	1.220	 2.8	 0.2
1	2020	278	11239	 10.4	 17.9	0.742	 4.0	 0.0
1	2020	279	 5440	  9.2	 15.6	0.736	 1.8	 0.4
1	2020	280	 7536	  8.5	 17.1	0.874	 2.2	 0.0
1	2020	281	12808	 11.8	 20.2	0.989	 1.7	 0.0
1	2020	282	13553	  9.0	 21.9	1.182	 1.8	 0.0
1	2020	283	10837	 14.1	 22.6	1.336	 1.3	 0.0
1	2020	284	 4253	 14.0	 22.4	1.525	 1.6	 0.2
1	2020	285	 4420	 16.4	 20.7	1.707	 1.2	 0.6
1	2020	286	 6429	 15.2	 20.3	1.326	 2.8	 0.0
1	2020	287	 4570	 12.7	 18.5	1.439	 2.1	 3.7
1	2020	288	 1875	 11.7	 15.4	1.406	 3.3	10.2
1	2020	289	 6690	 10.8	 17.2	1.376	 0.9	 2.2
1	2020	290	11429	  9.7	 19.8	1.217	 2.5	 0.8
1	2020	291	14905	  8.0	 19.8	1.009	 2.0	 0.0
1	2020	292	14316	  8.9	 20.5	1.067	 2.1	 0.0
1	2020	293	15944	  9.5	 20.7	1.039	 1.9	 0.0
1	2020	294	 9253	  8.4	 19.5	1.122	 2.4	 0.0
1	2020	295	15658	 10.8	 22.5	0.956	 3.1	 0.0
1	2020	296	15610	  6.2	 20.8	0.671	 1.9	 0.0
1	2020	297	15580	  6.6	 18.2	0.546	 2.2	 0.0
1	2020	298	14930	  5.7	 19.0	0.606	 2.3	 0.0
1	2020	299	13999	  9.8	 21.3	0.805	 2.4	 0.0
1	2020	300	13855	 10.7	 23.3	1.066	 1.5	 0.2
1	2020	301	 7564	 13.5	 19.9	0.860	 3.7	 0.0
1	2020	302	 9276	 11.5	 18.5	0.749	 2.7	 0.0
1	2020	303	13368	  8.3	 20.1	0.984	 1.2	 0.0
1	2020	304	11347	  8.5	 20.1	1.128	 1.8	 0.1
1	2020	305	 9441	 13.8	 21.0	1.243	 2.2	 0.2
1	2020	306	12789	 11.3	 21.4	0.777	 2.6	 0.0
1	2020	307	13267	  8.3	 20.1	0.528	 2.8	 0.0
1	2020	308	12357	  4.5	 16.9	0.511	 1.9	 0.0
1	2020	309	12424	  7.7	 18.7	0.553	 3.2	 0.0
1	2020	310	 6821	 11.2	 19.1	0.852	 2.0	 0.0
1	2020	311	12574	 11.6	 23.2	0.801	 2.9	 0.0
1	2020	312	13161	 10.4	 22.2	0.546	 3.1	 0.0
1	2020	313	12986	  7.2	 18.3	0.474	 3.0	 0.0
1	2020	314	12614	  4.0	 19.0	0.588	 1.9	 0.0
1	2020	315	12304	  6.5	 20.7	0.670	 2.5	 0.0
1	2020	316	11276	  8.5	 20.3	0.764	 3.1	 0.0
1	2020	317	11773	  8.8	 21.6	0.903	 2.2	 0.0
1	2020	318	11486	  9.2	 19.8	0.968	 2.7	 0.0
1	2020	319	11302	  7.9	 19.5	0.992	 2.3	 0.0
1	2020	320	11282	  7.9	 19.5	1.124	 2.0	 0.0
1	2020	321	 7040	  9.4	 19.3	1.235	 3.1	 0.1
1	2020	322	 1199	 13.8	 16.5	1.521	 3.5	35.8
1	2020	323	 1918	 11.0	 15.7	1.246	 3.5	20.1
1	2020	324	 8065	  8.7	 15.5	0.846	 3.1	 0.0
1	2020	325	 9948	  5.7	 11.9	0.723	 3.7	 0.3
1	2020	326	 2524	  4.6	  8.1	0.801	 3.5	 8.1
1	2020	327	 5668	  2.8	  7.8	0.668	 3.4	 0.1
1	2020	328	 3355	  0.3	  4.7	0.590	 1.4	 0.8
1	2020	329	 8221	 -1.5	  7.1	0.603	 1.4	 0.0
1	2020	330	 4536	 -0.6	  7.2	0.652	 1.1	 0.1
1	2020	331	 7786	  3.9	  9.6	0.662	 2.6	 0.0
1	2020	332	 9232	  0.3	  9.8	0.603	 2.6	 0.0
1	2020	333	 5413	  0.5	  6.2	0.496	 1.7	 0.0
1	2020	334	 9634	 -0.9	  9.8	0.621	 1.7	 0.0
1	2020	335	 6215	  0.0	  8.1	0.631	 2.0	 0.0
1	2020	336	 3478	  1.1	  5.0	0.604	 2.4	 0.8
1	2020	337	 4407	 -1.6	  4.9	0.629	 1.5	 0.2
1	2020	338	 7804	  0.1	  5.6	0.520	 2.1	 0.1
1	2020	339	 9465	 -3.1	  7.0	0.508	 1.8	 0.0
1	2020	340	 9890	 -1.4	  8.1	0.516	 2.3	 0.0
1	2020	341	 7731	 -1.6	  9.7	0.620	 1.6	 0.0
1	2020	342	 8368	  1.4	  8.1	0.562	 2.8	 0.0
1	2020	343	 9641	 -2.8	  7.6	0.481	 1.5	 0.0
1	2020	344	 6759	  2.3	  9.6	0.688	 1.9	 0.0
1	2020	345	 9225	  0.1	 10.2	0.631	 1.6	 0.0
1	2020	346	 7744	 -1.6	  9.4	0.537	 1.8	 0.0
1	2020	347	 8588	 -1.0	 11.4	0.590	 1.9	 0.0
1	2020	348	 7542	 -0.5	  5.1	0.262	 5.1	 0.0
1	2020	349	 9844	 -6.1	  1.9	0.193	 1.8	 0.0
1	2020	350	 9941	 -5.3	  4.3	0.276	 2.4	 0.0
1	2020	351	 9612	 -5.0	  4.8	0.343	 1.2	 0.0
1	2020	352	 7927	 -4.1	  6.1	0.348	 2.1	 0.0
1	2020	353	 8696	 -3.2	  6.1	0.343	 2.9	 0.0
1	2020	354	 8818	 -5.8	  5.2	0.305	 1.9	 0.0
1	2020	355	 9957	 -4.2	  7.1	0.345	 2.2	 0.0
1	2020	356	 9927	 -4.8	  8.9	0.406	 2.4	 0.0
1	2020	357	 9812	 -1.7	 10.5	0.501	 2.6	 0.0
1	2020	358	 9833	 -0.1	 11.3	0.485	 2.7	 0.0
1	2020	359	 9967	 -2.8	 10.0	0.396	 2.1	 0.0
1	2020	360	 9519	 -4.3	 10.2	0.424	 2.1	 0.0
1	2020	361	 7983	 -0.6	 11.2	0.573	 2.0	 0.0
1	2020	362	 9900	 -1.1	 12.0	0.603	 1.7	 0.0
1	2020	363	 9004	  0.7	 10.8	0.629	 4.2	 2.5
1	2020	364	 4988	 -6.9	  1.4	0.318	 5.3	 4.8
1	2020	365	10778	 -8.4	 -0.9	0.167	 2.9	 0.0
1	2020	366	10024	 -7.5	  1.9	0.163	 2.6	 0.0
