*------------------------------------------------------------*
*   Country: China
*   Station: 114.3_35.4
*      Year: 2021
*    Origin: AgERA5 dataset
*    Author: Huang Hai, CAU
* Longitude: 114.30 E
*  Latitude: 35.40 N
* Elevation: 68.00 m
*   Columns: 
*   ======== 
*  station number
*  year
*  day
*  irradiation (kJ路m-2路d-1)
*  minimum temperature (degrees Celsius)
*  maximum temperature (degrees Celsius)
*  vapour pressure (kPa)
*  mean wind speed (m路s-1)
*  precipitation (mm路d-1)
** WCCDESCRIPTION=114.3_35.4, China
** WCCFORMAT=2
** WCCYEARNR=2021
*------------------------------------------------------------*
114.30  35.40  68.00  -0.18  -0.55
1	2021	  1	10344	 -7.2	  6.7	0.221	 2.1	 0.0
1	2021	  2	10034	 -4.8	  6.5	0.296	 2.4	 0.0
1	2021	  3	 7735	 -3.8	  3.6	0.303	 2.8	 0.0
1	2021	  4	 9628	 -5.7	  3.8	0.339	 2.8	 0.0
1	2021	  5	 9873	 -4.7	  1.5	0.268	 3.1	 0.0
1	2021	  6	10730	 -9.6	  2.0	0.171	 3.3	 0.0
1	2021	  7	11059	-13.7	 -3.0	0.078	 2.4	 0.0
1	2021	  8	11031	 -9.4	  1.8	0.123	 2.1	 0.0
1	2021	  9	11054	 -7.8	  2.8	0.154	 1.9	 0.0
1	2021	 10	10389	 -6.3	  3.8	0.181	 2.4	 0.0
1	2021	 11	11105	 -4.8	  4.9	0.189	 3.5	 0.0
1	2021	 12	11078	 -3.7	 10.5	0.203	 4.4	 0.0
1	2021	 13	11178	 -0.6	 14.2	0.299	 2.4	 0.0
1	2021	 14	11246	 -2.8	 12.7	0.381	 2.2	 0.0
1	2021	 15	 9659	 -1.7	  9.1	0.335	 2.7	 0.0
1	2021	 16	10797	 -3.9	  4.6	0.357	 2.2	 0.0
1	2021	 17	11902	 -5.3	  8.1	0.199	 3.6	 0.0
1	2021	 18	11925	 -4.3	 10.9	0.230	 2.2	 0.0
1	2021	 19	11418	 -2.9	  5.3	0.314	 4.0	 0.0
1	2021	 20	11314	 -4.9	  7.0	0.393	 1.9	 0.0
1	2021	 21	10319	 -2.5	  9.0	0.474	 1.4	 0.0
1	2021	 22	 9389	 -2.2	  7.9	0.438	 3.5	 0.0
1	2021	 23	11989	 -2.7	  8.0	0.395	 2.1	 0.0
1	2021	 24	 6416	 -1.7	  8.1	0.520	 2.4	 0.8
1	2021	 25	 7525	  1.0	  8.2	0.644	 1.6	 0.5
1	2021	 26	10538	 -2.7	  9.7	0.562	 1.9	 0.0
1	2021	 27	 9135	 -0.5	 11.1	0.504	 3.8	 0.0
1	2021	 28	13233	 -2.4	  7.8	0.185	 2.4	 0.0
1	2021	 29	12917	 -3.2	 13.3	0.268	 3.3	 0.0
1	2021	 30	12514	 -2.7	 13.6	0.277	 2.2	 0.0
1	2021	 31	11623	 -1.1	 14.5	0.300	 2.9	 0.0
1	2021	 32	13002	 -1.4	 14.0	0.287	 3.1	 0.0
1	2021	 33	13624	 -4.3	  8.8	0.260	 3.0	 0.0
1	2021	 34	13507	 -0.4	 15.0	0.312	 2.7	 0.0
1	2021	 35	12284	 -2.4	 12.4	0.307	 3.7	 0.0
1	2021	 36	13341	  1.9	 18.1	0.274	 3.6	 0.0
1	2021	 37	13616	  3.4	 20.0	0.266	 3.1	 0.0
1	2021	 38	12408	  2.7	  8.6	0.335	 6.1	 0.0
1	2021	 39	14076	 -1.6	  9.7	0.285	 2.9	 0.0
1	2021	 40	14177	 -0.5	 12.5	0.426	 3.6	 0.0
1	2021	 41	14377	  0.2	 16.0	0.581	 1.8	 0.0
1	2021	 42	14525	  1.3	 16.8	0.591	 3.5	 0.0
1	2021	 43	14327	  4.5	 17.6	0.829	 2.3	 0.0
1	2021	 44	 7132	  6.3	 15.1	1.052	 2.3	 4.4
1	2021	 45	14476	  5.0	 17.5	0.997	 2.7	 5.8
1	2021	 46	11328	  1.9	  8.2	0.590	 4.2	 0.0
1	2021	 47	15526	 -0.5	 11.3	0.402	 3.4	 0.0
1	2021	 48	15757	 -4.5	  8.3	0.257	 2.3	 0.0
1	2021	 49	14529	 -2.5	 14.3	0.433	 3.6	 0.0
1	2021	 50	16332	  4.1	 22.4	0.306	 4.3	 0.0
1	2021	 51	16683	  4.0	 24.7	0.216	 4.0	 0.0
1	2021	 52	16621	  8.8	 27.7	0.293	 3.5	 0.0
1	2021	 53	15928	  7.3	 14.5	0.444	 5.5	 0.0
1	2021	 54	14569	  5.5	 12.3	0.420	 3.2	 0.0
1	2021	 55	 2772	  0.3	  8.1	0.529	 4.4	22.7
1	2021	 56	 7158	  0.2	  5.1	0.642	 4.2	 2.9
1	2021	 57	14434	  3.1	 10.3	0.590	 3.6	 0.0
1	2021	 58	13117	  2.3	 11.8	0.703	 2.0	 0.0
1	2021	 59	 1316	  6.0	  8.2	0.961	 3.1	13.5
1	2021	 60	12492	  1.1	  8.5	0.655	 5.3	 1.9
1	2021	 61	17987	 -2.2	 13.2	0.711	 3.7	 0.0
1	2021	 62	17031	  4.7	 15.8	0.773	 4.4	 0.0
1	2021	 63	17972	  3.6	 19.4	0.951	 3.0	 0.0
1	2021	 64	15201	  3.3	 19.3	0.923	 4.9	 0.0
1	2021	 65	 4994	 -0.3	  3.3	0.426	 6.8	 0.2
1	2021	 66	17672	 -3.1	  9.6	0.499	 1.9	 0.0
1	2021	 67	12502	  0.9	 12.5	0.733	 2.9	 0.0
1	2021	 68	18447	  2.0	 15.8	0.853	 3.1	 0.0
1	2021	 69	10928	  4.5	 12.6	0.910	 2.7	 0.1
1	2021	 70	 9904	  6.4	 14.0	1.014	 1.9	 1.8
1	2021	 71	14503	  3.5	 15.6	1.016	 2.9	 0.0
1	2021	 72	10907	  8.0	 15.1	1.007	 2.1	 0.0
1	2021	 73	 7209	  7.8	 15.6	1.133	 3.1	 0.6
1	2021	 74	18888	  9.9	 20.3	1.198	 4.4	 2.9
1	2021	 75	20144	  6.6	 14.3	0.289	 4.1	 0.0
1	2021	 76	19305	  3.6	 15.8	0.493	 2.1	 0.0
1	2021	 77	 2852	  6.7	 11.6	0.710	 5.0	 0.4
1	2021	 78	 4844	  3.7	  9.5	0.689	 2.9	 3.8
1	2021	 79	17061	  1.6	 16.3	0.813	 1.8	 0.0
1	2021	 80	21898	  3.9	 13.6	0.330	 2.7	 0.0
1	2021	 81	22176	  0.8	 17.9	0.376	 3.2	 0.0
1	2021	 82	20956	  5.5	 22.1	0.619	 4.7	 0.0
1	2021	 83	20694	  6.6	 21.9	0.797	 3.4	 0.0
1	2021	 84	18237	  8.0	 21.9	0.868	 2.9	 0.0
1	2021	 85	 6035	 10.5	 17.6	1.296	 2.0	 7.0
1	2021	 86	17570	  8.8	 20.8	1.410	 2.2	 0.2
1	2021	 87	21724	 11.1	 25.0	1.003	 3.3	 0.0
1	2021	 88	 7253	  9.7	 17.3	0.613	 4.2	 1.0
1	2021	 89	21898	  6.6	 20.8	0.702	 2.4	 0.0
1	2021	 90	12968	  9.0	 19.0	0.881	 2.4	 0.0
1	2021	 91	 6594	 12.6	 17.9	0.876	 2.7	 0.0
1	2021	 92	 3247	  9.4	 14.0	0.853	 5.0	 2.3
1	2021	 93	 8096	  6.4	 12.6	1.054	 5.2	 1.3
1	2021	 94	22923	  3.0	 17.1	0.751	 2.0	 0.0
1	2021	 95	13206	  5.5	 16.4	0.673	 3.2	 0.0
1	2021	 96	22531	  4.5	 19.3	0.804	 1.7	 0.0
1	2021	 97	20465	  8.4	 20.5	0.945	 2.2	 0.0
1	2021	 98	22774	  7.2	 21.1	0.940	 2.6	 0.0
1	2021	 99	20244	  8.6	 20.9	0.874	 3.7	 0.0
1	2021	100	22692	  9.6	 21.3	0.761	 3.0	 0.0
1	2021	101	12077	  8.9	 18.2	1.043	 2.2	 0.0
1	2021	102	21683	  9.3	 23.8	1.165	 2.7	 0.0
1	2021	103	22982	 10.8	 17.8	0.631	 4.5	 0.1
1	2021	104	24736	  6.2	 20.5	0.734	 2.8	 0.0
1	2021	105	20929	 11.5	 26.6	0.773	 4.3	 0.1
1	2021	106	25621	  8.4	 26.3	0.357	 4.1	 0.0
1	2021	107	26132	  7.5	 20.8	0.305	 2.9	 0.0
1	2021	108	23907	  8.9	 23.9	0.586	 4.7	 0.0
1	2021	109	24986	 11.5	 26.3	0.896	 4.0	 0.0
1	2021	110	 2901	 13.1	 16.7	1.360	 2.4	 8.8
1	2021	111	 3133	 12.0	 14.1	1.315	 3.8	 4.7
1	2021	112	18858	 10.3	 21.5	1.305	 2.6	 2.0
1	2021	113	15429	 10.8	 20.2	1.286	 4.4	 0.2
1	2021	114	 6500	 11.8	 17.3	1.196	 7.2	 0.1
1	2021	115	 5031	 13.0	 15.6	1.137	 4.5	 0.1
1	2021	116	20262	 11.7	 22.0	1.305	 2.3	 0.0
1	2021	117	25631	 10.5	 26.0	0.791	 3.0	 0.0
1	2021	118	25944	 11.2	 25.2	0.497	 3.6	 0.0
1	2021	119	23621	 14.0	 29.2	0.633	 4.9	 0.0
1	2021	120	25229	 12.1	 31.6	0.719	 5.1	 0.0
1	2021	121	26285	 10.4	 27.8	0.813	 3.9	 0.0
1	2021	122	20353	 11.7	 21.8	0.601	 2.9	 0.0
1	2021	123	15843	 12.9	 19.5	1.181	 2.2	 3.8
1	2021	124	25560	 11.3	 26.8	0.829	 2.8	 0.0
1	2021	125	27870	  9.0	 28.0	0.523	 3.9	 0.0
1	2021	126	27002	 15.8	 33.4	0.762	 4.8	 0.0
1	2021	127	27926	 14.0	 28.6	0.432	 3.3	 0.0
1	2021	128	27248	 15.5	 36.0	0.762	 4.0	 0.0
1	2021	129	25754	 17.5	 30.6	1.375	 3.5	 0.0
1	2021	130	25174	 20.0	 28.0	1.165	 6.4	 0.0
1	2021	131	24056	 15.4	 27.1	1.189	 4.3	 0.0
1	2021	132	24657	 14.3	 29.5	1.501	 2.4	 0.0
1	2021	133	15389	 17.4	 28.0	1.981	 2.7	 0.4
1	2021	134	11152	 20.0	 26.3	2.177	 1.9	 1.5
1	2021	135	10531	 14.4	 25.5	2.052	 5.5	 4.2
1	2021	136	 6103	 11.8	 18.7	1.167	 5.2	 0.9
1	2021	137	25127	 10.0	 26.0	1.196	 2.4	 0.0
1	2021	138	27148	 12.6	 29.3	1.450	 3.3	 0.0
1	2021	139	14029	 15.5	 26.1	1.773	 3.3	 0.0
1	2021	140	23914	 15.7	 29.2	1.828	 2.9	 0.8
1	2021	141	24818	 16.2	 31.0	1.947	 2.6	 0.0
1	2021	142	26938	 18.2	 32.6	1.694	 3.4	 0.0
1	2021	143	17321	 20.0	 26.1	1.207	 3.8	 0.1
1	2021	144	28396	 16.2	 32.3	0.786	 4.3	 0.0
1	2021	145	24841	 14.6	 30.2	0.802	 5.5	 0.0
1	2021	146	26216	 20.4	 35.7	1.296	 4.8	 0.0
1	2021	147	28795	 15.2	 35.7	0.988	 4.9	 0.0
1	2021	148	29424	 18.6	 32.6	0.654	 3.1	 0.0
1	2021	149	27047	 20.3	 38.5	0.997	 4.9	 0.1
1	2021	150	27296	 18.1	 32.0	1.176	 3.1	 0.0
1	2021	151	26370	 20.2	 34.9	1.535	 3.2	 0.0
1	2021	152	17592	 21.5	 29.6	1.915	 3.3	 0.0
1	2021	153	24838	 21.2	 35.5	2.063	 2.2	 1.6
1	2021	154	16419	 20.3	 28.6	1.212	 2.7	 0.0
1	2021	155	29076	 15.2	 35.1	0.765	 3.4	 0.0
1	2021	156	27316	 18.6	 34.9	0.886	 2.6	 0.0
1	2021	157	28824	 20.3	 38.3	1.209	 2.7	 0.0
1	2021	158	21746	 26.6	 37.9	1.901	 2.6	 0.4
1	2021	159	25767	 22.6	 34.9	1.680	 3.7	 0.0
1	2021	160	15608	 24.8	 32.1	2.019	 3.8	 0.2
1	2021	161	22332	 22.0	 31.4	2.108	 2.9	 0.2
1	2021	162	23845	 22.1	 34.0	1.987	 1.3	 0.0
1	2021	163	21788	 25.6	 36.1	2.253	 3.0	 0.0
1	2021	164	12148	 24.4	 30.7	2.830	 3.5	 5.1
1	2021	165	 9436	 24.6	 29.9	3.093	 2.7	11.1
1	2021	166	17828	 23.9	 31.7	2.627	 4.7	 0.2
1	2021	167	13287	 21.9	 28.3	2.465	 2.5	 5.1
1	2021	168	15125	 22.9	 30.4	2.314	 2.6	 3.7
1	2021	169	25396	 21.8	 31.9	1.857	 3.2	 0.0
1	2021	170	25433	 19.1	 33.1	1.832	 2.8	 0.0
1	2021	171	28247	 21.4	 35.1	1.546	 2.9	 0.0
1	2021	172	27275	 21.5	 36.3	1.528	 2.8	 0.0
1	2021	173	27581	 22.6	 34.5	1.604	 2.0	 0.1
1	2021	174	25363	 23.3	 36.5	1.439	 2.6	 0.0
1	2021	175	21451	 22.0	 34.0	1.733	 2.7	 0.0
1	2021	176	14266	 25.5	 31.1	2.172	 2.2	 0.0
1	2021	177	24938	 23.3	 36.2	2.385	 3.3	 0.0
1	2021	178	26766	 22.9	 35.9	2.496	 2.0	 0.0
1	2021	179	24168	 25.1	 37.5	2.259	 2.0	 0.0
1	2021	180	17840	 27.0	 34.7	2.400	 2.1	 2.0
1	2021	181	24392	 25.9	 37.9	2.328	 1.9	 1.6
1	2021	182	12440	 24.6	 31.8	2.277	 2.1	 2.3
1	2021	183	15918	 22.8	 31.4	2.522	 2.9	16.4
1	2021	184	22450	 22.0	 31.4	2.518	 2.0	 2.2
1	2021	185	24143	 23.8	 34.3	2.494	 3.3	 0.0
1	2021	186	26469	 22.3	 32.8	2.269	 2.8	 0.0
1	2021	187	21616	 22.5	 32.8	2.595	 1.9	 0.0
1	2021	188	19701	 24.5	 32.9	2.791	 1.3	 0.1
1	2021	189	25209	 24.4	 35.5	2.514	 1.5	 1.0
1	2021	190	26532	 24.6	 38.3	2.645	 3.0	 0.1
1	2021	191	23072	 26.1	 37.6	3.097	 3.2	 0.0
1	2021	192	 5452	 26.9	 31.0	3.207	 4.0	35.3
1	2021	193	24371	 25.7	 33.4	2.956	 4.2	 5.7
1	2021	194	25778	 26.5	 35.5	3.031	 3.0	 0.0
1	2021	195	23733	 27.1	 35.3	3.192	 2.2	 4.4
1	2021	196	15576	 25.9	 31.9	3.123	 2.0	13.1
1	2021	197	20072	 25.1	 31.8	3.114	 3.5	 5.6
1	2021	198	14805	 24.9	 29.5	2.894	 4.1	 2.0
1	2021	199	 9889	 23.4	 28.4	2.995	 3.6	33.8
1	2021	200	 8540	 23.4	 28.7	2.949	 3.6	11.6
1	2021	201	 2890	 23.0	 25.3	2.811	 4.3	60.1
1	2021	202	 4770	 22.5	 26.5	2.966	 2.6	111.7
1	2021	203	 9600	 23.4	 28.0	2.902	 3.4	 9.9
1	2021	204	15680	 21.7	 28.7	2.830	 2.6	 3.9
1	2021	205	21686	 22.8	 30.9	2.970	 1.4	 2.7
1	2021	206	24409	 22.3	 31.3	2.879	 2.1	 0.0
1	2021	207	25431	 23.4	 32.1	2.988	 2.1	 0.0
1	2021	208	16995	 23.8	 30.8	3.076	 2.8	 1.0
1	2021	209	11143	 24.1	 27.0	2.713	 6.4	 9.6
1	2021	210	20485	 22.0	 27.8	2.389	 5.3	 6.0
1	2021	211	23926	 20.6	 31.0	2.893	 1.9	 0.0
1	2021	212	25713	 24.3	 34.5	3.375	 3.4	 0.0
1	2021	213	19974	 25.8	 30.8	2.953	 4.3	 1.5
1	2021	214	24774	 23.9	 30.3	2.462	 3.2	 0.0
1	2021	215	24390	 22.5	 30.9	2.696	 2.0	 0.0
1	2021	216	20556	 23.7	 31.7	3.026	 1.7	 0.2
1	2021	217	14905	 24.0	 30.7	2.874	 2.0	 4.0
1	2021	218	23243	 21.8	 31.7	2.860	 1.8	 0.0
1	2021	219	20065	 24.6	 31.2	3.061	 1.4	 2.2
1	2021	220	20918	 23.7	 31.6	3.021	 1.6	 0.4
1	2021	221	21230	 24.3	 31.7	2.972	 1.6	 0.7
1	2021	222	17592	 23.4	 31.5	2.679	 2.7	 0.0
1	2021	223	23278	 21.8	 31.4	2.744	 2.1	 0.0
1	2021	224	12585	 24.7	 29.3	2.796	 3.2	 2.5
1	2021	225	10011	 22.2	 27.6	2.672	 1.9	 4.9
1	2021	226	21345	 20.2	 28.8	2.476	 2.4	 0.4
1	2021	227	22454	 20.3	 29.5	2.368	 1.6	 0.1
1	2021	228	22243	 20.9	 30.7	2.499	 1.8	 0.1
1	2021	229	20806	 21.6	 30.6	2.724	 1.8	 0.3
1	2021	230	18543	 23.6	 30.2	2.791	 2.3	 0.9
1	2021	231	16836	 23.6	 31.2	2.803	 2.8	 0.6
1	2021	232	17070	 22.9	 29.4	2.565	 4.5	 7.0
1	2021	233	15214	 21.3	 29.3	2.747	 2.0	 0.1
1	2021	234	 4734	 22.0	 26.7	2.662	 2.0	35.8
1	2021	235	22273	 21.0	 28.8	2.324	 3.0	 0.2
1	2021	236	23881	 19.0	 30.7	2.001	 2.9	 0.0
1	2021	237	23646	 19.5	 30.2	1.773	 3.3	 0.0
1	2021	238	14030	 18.3	 28.5	2.122	 2.8	 0.0
1	2021	239	20647	 18.7	 26.5	2.074	 3.9	 0.0
1	2021	240	 9705	 17.4	 24.8	2.267	 1.7	10.5
1	2021	241	 2773	 20.0	 21.2	2.358	 2.4	72.9
1	2021	242	 4561	 19.8	 22.5	2.397	 4.1	18.5
1	2021	243	 4631	 19.7	 22.3	2.292	 5.6	31.0
1	2021	244	 6673	 18.6	 23.2	2.187	 2.6	14.4
1	2021	245	21475	 16.7	 27.4	2.342	 1.4	 0.0
1	2021	246	14435	 19.2	 27.9	2.574	 2.1	 1.4
1	2021	247	 2802	 19.7	 23.2	2.194	 4.6	42.3
1	2021	248	13896	 18.9	 24.9	2.134	 5.0	 0.3
1	2021	249	 9903	 20.0	 25.0	2.289	 3.2	 6.7
1	2021	250	20572	 17.1	 26.4	2.134	 2.5	 0.0
1	2021	251	22538	 17.8	 28.1	2.205	 3.5	 0.0
1	2021	252	21886	 19.2	 30.3	2.467	 3.7	 0.0
1	2021	253	20364	 20.4	 30.3	2.690	 1.9	 0.0
1	2021	254	21563	 21.3	 31.2	2.677	 2.4	 0.0
1	2021	255	21148	 20.0	 30.5	2.530	 1.6	 0.0
1	2021	256	19758	 20.5	 29.5	2.571	 2.2	 0.7
1	2021	257	18256	 21.9	 28.8	2.549	 3.2	 1.0
1	2021	258	18748	 20.3	 27.9	2.221	 2.6	 0.2
1	2021	259	13386	 18.6	 27.0	1.957	 3.1	 0.0
1	2021	260	 4036	 19.8	 22.6	2.203	 3.6	 6.5
1	2021	261	 1809	 17.0	 20.2	2.128	 4.6	25.5
1	2021	262	 1518	 15.7	 17.7	1.721	 6.1	78.6
1	2021	263	17950	 16.5	 26.0	1.916	 2.7	 0.0
1	2021	264	20717	 16.8	 30.2	1.869	 2.9	 0.0
1	2021	265	17544	 16.9	 27.7	2.039	 2.8	 0.0
1	2021	266	13291	 21.2	 27.4	2.280	 4.2	 0.9
1	2021	267	 3972	 19.8	 22.3	2.367	 4.5	43.4
1	2021	268	 3855	 18.5	 20.8	2.060	 6.3	28.0
1	2021	269	 3170	 18.0	 20.7	2.026	 5.0	22.1
1	2021	270	 8883	 17.7	 23.7	2.120	 2.5	 2.8
1	2021	271	 1786	 14.2	 20.2	1.906	 2.5	28.5
1	2021	272	18930	 13.3	 26.8	1.945	 2.5	 0.0
1	2021	273	18679	 17.7	 27.4	2.100	 3.8	 0.0
1	2021	274	16980	 18.3	 25.6	2.096	 2.8	 0.0
1	2021	275	15634	 16.6	 27.8	2.282	 2.3	 0.0
1	2021	276	 8399	 20.9	 27.9	2.444	 3.0	 4.2
1	2021	277	 4179	 12.2	 20.5	1.486	 8.6	13.3
1	2021	278	 2196	 10.7	 12.7	1.219	 8.4	 7.8
1	2021	279	 1772	 10.2	 12.1	1.211	 6.3	 8.5
1	2021	280	 9766	 10.1	 16.6	1.201	 3.5	 1.2
1	2021	281	 4440	 12.1	 16.4	1.341	 2.8	 1.4
1	2021	282	 8639	 14.2	 19.5	1.601	 1.4	 3.0
1	2021	283	10917	 13.7	 18.3	1.055	 3.5	 0.0
1	2021	284	13339	 10.5	 18.4	0.859	 2.5	 0.0
1	2021	285	14428	 11.6	 18.6	0.901	 2.7	 0.0
1	2021	286	15169	 12.2	 21.0	1.060	 1.6	 0.0
1	2021	287	 7588	 13.8	 18.5	1.509	 2.1	 5.1
1	2021	288	 5485	 14.1	 20.1	1.436	 2.3	 0.1
1	2021	289	14351	  5.7	 15.7	0.520	 5.1	 0.0
1	2021	290	16337	  4.2	 14.0	0.535	 3.1	 0.0
1	2021	291	15318	  7.3	 19.0	0.941	 3.0	 0.0
1	2021	292	 5807	  9.4	 12.8	0.912	 4.9	 0.0
1	2021	293	10249	  8.5	 14.4	1.042	 2.9	 0.2
1	2021	294	14599	  6.1	 17.3	0.996	 2.1	 0.3
1	2021	295	14562	  5.5	 17.1	0.814	 2.4	 0.0
1	2021	296	13649	  6.5	 17.6	0.848	 1.7	 0.0
1	2021	297	14658	  7.3	 18.4	0.939	 2.7	 0.0
1	2021	298	14014	  7.4	 20.0	1.099	 3.0	 0.0
1	2021	299	 8311	 10.6	 20.6	1.165	 2.4	 0.0
1	2021	300	11929	 10.2	 19.4	0.801	 2.4	 0.0
1	2021	301	13318	  8.9	 20.6	0.941	 2.4	 0.0
1	2021	302	11807	  9.9	 20.9	1.212	 2.1	 0.0
1	2021	303	13482	  8.3	 22.2	1.200	 1.7	 0.0
1	2021	304	11159	 10.9	 19.7	1.088	 3.3	 0.0
1	2021	305	 8107	  9.9	 15.6	1.005	 3.4	 0.0
1	2021	306	 6968	 10.5	 17.9	1.209	 2.3	 1.1
1	2021	307	10000	  8.6	 19.5	1.087	 2.3	 0.0
1	2021	308	11820	  8.8	 20.2	1.203	 2.4	 0.0
1	2021	309	 6290	 12.5	 18.2	1.397	 2.4	 0.1
1	2021	310	 6830	 13.1	 18.6	1.446	 2.6	 1.0
1	2021	311	 6768	  0.1	 14.5	0.528	 4.3	15.9
1	2021	312	13233	 -1.8	 10.4	0.398	 2.2	 0.0
1	2021	313	12747	 -0.1	 14.1	0.466	 3.0	 0.0
1	2021	314	12390	  1.2	 14.9	0.565	 1.9	 0.0
1	2021	315	12220	  2.4	 14.6	0.603	 2.1	 0.0
1	2021	316	12228	  1.6	 14.9	0.583	 2.1	 0.0
1	2021	317	12242	  1.7	 17.4	0.558	 2.3	 0.0
1	2021	318	12047	  2.2	 17.1	0.573	 2.1	 0.0
1	2021	319	11373	  7.7	 15.4	0.672	 3.5	 0.0
1	2021	320	11205	  5.5	 14.4	0.805	 2.8	 0.0
1	2021	321	10470	  6.4	 18.6	0.860	 3.5	 0.0
1	2021	322	11291	  6.1	 18.3	0.873	 3.3	 0.0
1	2021	323	 9010	  7.0	 13.6	0.790	 4.2	 0.0
1	2021	324	 3459	  7.7	 10.3	0.821	 3.9	 0.8
1	2021	325	 8870	  2.0	 13.4	0.587	 2.4	 0.0
1	2021	326	11463	 -2.5	  6.8	0.229	 2.0	 0.0
1	2021	327	11161	 -3.2	 11.2	0.346	 2.4	 0.0
1	2021	328	11051	 -0.3	 15.9	0.437	 2.2	 0.0
1	2021	329	10846	 -0.6	 15.2	0.479	 1.7	 0.0
1	2021	330	10422	  2.6	 14.2	0.541	 3.0	 0.0
1	2021	331	 9220	  2.2	 13.1	0.655	 1.7	 0.0
1	2021	332	 9086	  4.6	 13.0	0.843	 2.1	 0.0
1	2021	333	 4284	  3.8	 11.6	0.905	 1.4	 4.8
1	2021	334	10562	 -0.6	  9.2	0.397	 2.6	 0.0
1	2021	335	10337	 -2.6	  8.5	0.355	 2.2	 0.0
1	2021	336	10354	 -2.0	 12.8	0.361	 2.7	 0.0
1	2021	337	10150	 -1.6	 12.6	0.383	 2.0	 0.0
1	2021	338	 9947	  0.8	 13.1	0.448	 1.9	 0.0
1	2021	339	10076	 -0.1	 13.2	0.463	 2.7	 0.0
1	2021	340	 9991	 -0.1	 12.0	0.377	 4.4	 0.0
1	2021	341	 8183	  1.8	  9.5	0.430	 2.7	 0.0
1	2021	342	 4882	  1.9	  8.9	0.572	 1.8	 0.0
1	2021	343	 9459	  1.1	 11.9	0.676	 2.0	 0.0
1	2021	344	 3605	  0.7	  9.8	0.799	 2.2	 2.0
1	2021	345	 7027	  4.2	 11.5	0.924	 2.2	 1.5
1	2021	346	 8978	 -0.6	  6.3	0.488	 3.6	 0.0
1	2021	347	 9441	 -3.0	  8.1	0.496	 3.4	 0.0
1	2021	348	 9539	  0.4	 13.1	0.620	 2.8	 0.0
1	2021	349	 9126	 -0.5	 11.7	0.602	 1.9	 0.0
1	2021	350	 6215	 -1.7	 10.9	0.485	 2.0	 0.0
1	2021	351	 9061	 -3.5	  2.3	0.234	 3.3	 0.0
1	2021	352	 7412	 -3.6	  9.5	0.297	 3.6	 0.0
1	2021	353	 9599	 -1.5	 12.3	0.349	 3.2	 0.0
1	2021	354	 9580	 -0.3	 14.5	0.399	 2.4	 0.0
1	2021	355	 9634	 -1.5	 13.4	0.429	 1.3	 0.0
1	2021	356	 9446	 -0.3	  8.2	0.558	 3.5	 0.0
1	2021	357	 8434	 -1.0	  6.5	0.575	 4.6	 0.0
1	2021	358	 6130	 -5.4	  1.9	0.410	 6.6	 2.0
1	2021	359	 8792	 -7.5	 -3.0	0.199	 3.2	 0.0
1	2021	360	10020	 -9.0	  0.0	0.225	 1.9	 0.0
1	2021	361	10028	 -7.4	  4.2	0.229	 3.1	 0.0
1	2021	362	 9841	 -4.4	  7.7	0.289	 3.2	 0.0
1	2021	363	10079	 -5.4	  7.4	0.263	 1.9	 0.0
1	2021	364	 9993	 -5.2	  8.9	0.311	 1.6	 0.0
1	2021	365	 6451	 -3.3	  6.7	0.349	 2.8	 0.0
