*------------------------------------------------------------*
*   Country: China
*   Station: 114.4_35.9
*      Year: 2021
*    Origin: AgERA5 dataset
*    Author: Huang Hai, CAU
* Longitude: 114.40 E
*  Latitude: 35.90 N
* Elevation: 80.00 m
*   Columns: 
*   ======== 
*  station number
*  year
*  day
*  irradiation (kJ路m-2路d-1)
*  minimum temperature (degrees Celsius)
*  maximum temperature (degrees Celsius)
*  vapour pressure (kPa)
*  mean wind speed (m路s-1)
*  precipitation (mm路d-1)
** WCCDESCRIPTION=114.4_35.9, China
** WCCFORMAT=2
** WCCYEARNR=2021
*------------------------------------------------------------*
114.40  35.90  80.00  -0.18  -0.55
1	2021	  1	10134	 -8.0	  6.2	0.190	 2.0	 0.0
1	2021	  2	 9998	 -5.7	  5.4	0.263	 2.5	 0.0
1	2021	  3	 8426	 -4.2	  2.9	0.299	 2.6	 0.0
1	2021	  4	 9582	 -6.3	  2.9	0.321	 2.7	 0.0
1	2021	  5	10019	 -6.0	  0.8	0.226	 2.7	 0.0
1	2021	  6	10622	-10.8	  0.5	0.126	 4.2	 0.0
1	2021	  7	10866	-14.6	 -3.9	0.062	 2.7	 0.0
1	2021	  8	10816	-12.1	  1.6	0.111	 2.4	 0.0
1	2021	  9	10850	 -8.7	  3.1	0.132	 2.0	 0.0
1	2021	 10	10420	 -6.8	  3.5	0.159	 2.5	 0.0
1	2021	 11	10930	 -4.3	  4.4	0.166	 3.4	 0.0
1	2021	 12	10875	 -3.6	 11.3	0.165	 4.4	 0.0
1	2021	 13	10996	 -2.3	 14.1	0.256	 2.1	 0.0
1	2021	 14	11054	 -3.5	  9.9	0.340	 2.4	 0.0
1	2021	 15	 9395	 -3.1	  9.0	0.327	 2.7	 0.0
1	2021	 16	10933	 -5.2	  4.1	0.308	 1.8	 0.0
1	2021	 17	11682	 -6.2	  8.0	0.183	 2.9	 0.0
1	2021	 18	11736	 -4.6	 11.0	0.205	 2.2	 0.0
1	2021	 19	11233	 -4.1	  3.8	0.288	 3.5	 0.0
1	2021	 20	11156	 -5.1	  6.3	0.354	 1.8	 0.0
1	2021	 21	10449	 -3.8	  7.5	0.425	 1.3	 0.0
1	2021	 22	 9425	 -3.5	  7.1	0.409	 2.9	 0.0
1	2021	 23	11785	 -3.3	  7.2	0.360	 2.0	 0.0
1	2021	 24	 7302	 -2.7	  7.7	0.466	 1.7	 0.5
1	2021	 25	 7543	  0.1	  7.6	0.587	 1.5	 0.4
1	2021	 26	10554	 -3.8	 10.0	0.496	 2.0	 0.0
1	2021	 27	 9818	  0.6	 11.7	0.446	 4.4	 0.0
1	2021	 28	13055	 -3.0	  7.3	0.141	 2.7	 0.0
1	2021	 29	12849	 -5.0	 12.8	0.237	 2.6	 0.0
1	2021	 30	12537	 -3.7	 13.9	0.263	 2.1	 0.0
1	2021	 31	12157	 -2.6	 13.3	0.308	 2.9	 0.0
1	2021	 32	12805	  0.7	 12.7	0.272	 3.3	 0.0
1	2021	 33	13476	 -4.9	  7.8	0.233	 2.5	 0.0
1	2021	 34	13507	 -2.8	 14.0	0.277	 2.2	 0.0
1	2021	 35	11534	 -2.6	 12.9	0.268	 4.2	 0.0
1	2021	 36	11962	  0.4	 17.8	0.271	 2.9	 0.0
1	2021	 37	13179	  1.5	 19.9	0.250	 2.7	 0.0
1	2021	 38	11732	  1.2	  8.1	0.325	 5.3	 0.0
1	2021	 39	13967	 -2.6	  9.9	0.258	 3.6	 0.0
1	2021	 40	14041	  0.4	 12.7	0.380	 4.1	 0.0
1	2021	 41	14259	 -0.9	 15.9	0.528	 1.9	 0.0
1	2021	 42	14061	  3.2	 17.5	0.549	 4.7	 0.0
1	2021	 43	14179	  4.7	 17.3	0.747	 2.0	 0.0
1	2021	 44	 8194	  6.0	 16.0	0.971	 2.7	 6.4
1	2021	 45	12312	  6.2	 16.0	0.963	 3.0	 4.8
1	2021	 46	10969	  1.6	  8.3	0.536	 4.5	 0.0
1	2021	 47	15270	 -0.3	  9.7	0.368	 3.2	 0.0
1	2021	 48	15588	 -4.8	  7.2	0.213	 2.1	 0.0
1	2021	 49	14951	 -2.6	 14.1	0.379	 3.9	 0.0
1	2021	 50	16165	  2.4	 22.5	0.298	 3.6	 0.0
1	2021	 51	16355	  1.5	 25.1	0.246	 3.2	 0.0
1	2021	 52	16466	  6.8	 26.9	0.289	 3.0	 0.0
1	2021	 53	15417	  7.1	 13.7	0.416	 4.8	 0.0
1	2021	 54	15666	  3.4	 12.3	0.373	 2.6	 0.0
1	2021	 55	 4705	  0.3	  6.1	0.502	 3.1	18.4
1	2021	 56	 8725	  0.2	  6.8	0.624	 3.1	 2.7
1	2021	 57	13426	  1.2	 10.2	0.561	 2.8	 0.0
1	2021	 58	14897	  0.0	 12.6	0.646	 2.1	 0.0
1	2021	 59	 1855	  5.4	  8.0	0.913	 3.1	14.1
1	2021	 60	11544	 -0.4	  6.9	0.627	 4.8	 3.6
1	2021	 61	17865	 -1.6	 13.4	0.686	 4.4	 0.0
1	2021	 62	17165	  5.1	 16.3	0.750	 5.5	 0.0
1	2021	 63	17815	  3.9	 19.5	0.912	 3.3	 0.0
1	2021	 64	15776	  2.5	 20.4	0.884	 5.5	 0.0
1	2021	 65	 6223	 -0.5	  2.7	0.407	 5.6	 0.8
1	2021	 66	17794	 -3.1	  9.5	0.462	 1.6	 0.0
1	2021	 67	14118	  1.7	 12.9	0.688	 3.5	 0.0
1	2021	 68	18584	  3.1	 16.7	0.826	 3.7	 0.0
1	2021	 69	13100	  5.5	 14.1	0.888	 3.9	 0.0
1	2021	 70	10312	  7.1	 13.9	0.994	 2.2	 1.6
1	2021	 71	16217	  4.7	 16.8	0.989	 3.3	 0.0
1	2021	 72	12441	  6.9	 16.3	0.974	 2.3	 0.0
1	2021	 73	 8676	  7.3	 15.9	1.076	 3.8	 1.4
1	2021	 74	18025	  8.7	 19.2	1.047	 4.2	 1.3
1	2021	 75	20147	  5.3	 14.2	0.305	 2.9	 0.0
1	2021	 76	19204	  3.2	 16.1	0.503	 1.7	 0.0
1	2021	 77	 5125	  5.9	 11.8	0.681	 4.5	 0.6
1	2021	 78	 4393	  2.9	  9.2	0.655	 2.5	 2.9
1	2021	 79	17888	  1.8	 15.9	0.702	 2.0	 0.0
1	2021	 80	21836	  3.2	 13.3	0.296	 3.3	 0.0
1	2021	 81	21963	  0.5	 18.3	0.349	 3.3	 0.0
1	2021	 82	21629	  4.4	 23.0	0.568	 4.3	 0.0
1	2021	 83	20572	  6.1	 21.1	0.778	 3.2	 0.0
1	2021	 84	16545	  6.4	 21.7	0.856	 2.8	 0.0
1	2021	 85	10151	 10.5	 19.1	1.229	 2.3	 4.6
1	2021	 86	18360	  9.1	 20.7	1.369	 2.6	 0.0
1	2021	 87	21438	 10.1	 24.6	0.845	 3.4	 0.0
1	2021	 88	 9095	  9.1	 16.8	0.599	 3.1	 0.1
1	2021	 89	21913	  5.6	 21.2	0.687	 2.2	 0.0
1	2021	 90	15503	  8.8	 20.6	0.874	 1.7	 0.0
1	2021	 91	 7368	 12.8	 18.4	0.779	 2.4	 0.0
1	2021	 92	 3781	  9.0	 14.4	0.828	 5.0	 2.0
1	2021	 93	 6886	  6.9	 12.6	1.044	 4.2	 3.9
1	2021	 94	22956	  2.7	 17.8	0.722	 1.8	 0.0
1	2021	 95	15419	  5.3	 17.3	0.636	 3.7	 0.0
1	2021	 96	22624	  3.8	 19.4	0.761	 1.5	 0.0
1	2021	 97	21833	  8.0	 21.5	0.896	 1.9	 0.0
1	2021	 98	22265	  7.9	 21.6	0.844	 2.9	 0.0
1	2021	 99	21343	 10.2	 22.2	0.798	 4.6	 0.0
1	2021	100	23066	  9.1	 22.0	0.736	 3.5	 0.0
1	2021	101	14190	  8.3	 19.4	1.008	 2.8	 0.0
1	2021	102	22060	  9.8	 24.4	1.171	 2.3	 0.1
1	2021	103	23015	 10.2	 17.2	0.559	 3.7	 0.0
1	2021	104	25010	  5.5	 20.9	0.630	 3.1	 0.0
1	2021	105	20476	 11.7	 26.8	0.715	 4.8	 0.0
1	2021	106	25381	  8.5	 26.3	0.339	 4.4	 0.0
1	2021	107	25944	  8.4	 20.4	0.296	 3.2	 0.0
1	2021	108	24810	  8.5	 24.5	0.533	 5.4	 0.0
1	2021	109	24882	 12.0	 27.0	0.869	 4.4	 0.0
1	2021	110	 3938	 13.7	 17.8	1.287	 2.3	 5.1
1	2021	111	 3380	 12.1	 14.6	1.291	 2.8	 4.2
1	2021	112	18961	 10.2	 21.3	1.261	 2.7	 2.8
1	2021	113	16537	 10.8	 21.9	1.233	 4.4	 0.0
1	2021	114	 7044	 11.9	 18.1	1.164	 6.4	 0.3
1	2021	115	 5027	 12.9	 16.0	1.093	 3.5	 0.1
1	2021	116	21154	 12.1	 22.1	1.267	 2.2	 0.2
1	2021	117	24326	 11.5	 26.0	0.706	 2.9	 0.0
1	2021	118	25171	 11.9	 24.5	0.436	 3.7	 0.0
1	2021	119	24961	 13.3	 27.6	0.583	 5.2	 0.0
1	2021	120	24259	 11.4	 30.1	0.724	 5.3	 0.0
1	2021	121	25516	  9.7	 26.6	0.795	 3.1	 0.0
1	2021	122	21811	 10.0	 21.6	0.582	 2.6	 0.0
1	2021	123	16773	 12.1	 20.6	1.185	 2.6	 2.8
1	2021	124	26010	 11.3	 25.7	0.748	 3.5	 0.0
1	2021	125	27595	  8.7	 28.1	0.497	 4.4	 0.0
1	2021	126	27101	 15.8	 33.6	0.646	 4.8	 0.0
1	2021	127	27519	 12.9	 28.3	0.467	 3.0	 0.0
1	2021	128	26959	 15.2	 35.9	0.774	 3.8	 0.0
1	2021	129	25203	 15.8	 29.2	1.255	 2.8	 0.0
1	2021	130	24001	 18.7	 27.1	1.044	 5.7	 0.0
1	2021	131	23910	 14.0	 26.4	1.214	 3.3	 0.0
1	2021	132	25430	 13.9	 29.0	1.434	 2.4	 0.0
1	2021	133	18390	 17.5	 29.2	1.902	 3.0	 0.1
1	2021	134	10779	 20.4	 26.2	2.117	 1.8	 0.6
1	2021	135	 8475	 14.1	 24.9	1.980	 4.7	 8.3
1	2021	136	 7426	 11.6	 19.4	1.177	 4.7	 2.0
1	2021	137	25789	  9.6	 26.8	1.110	 2.7	 0.0
1	2021	138	27047	 13.9	 29.4	1.411	 4.1	 0.0
1	2021	139	16019	 16.4	 26.8	1.721	 4.3	 0.0
1	2021	140	23741	 16.5	 28.1	1.809	 3.5	 0.3
1	2021	141	25525	 15.9	 30.7	1.957	 2.9	 0.0
1	2021	142	26614	 18.8	 33.2	1.726	 3.8	 0.0
1	2021	143	19340	 20.2	 26.3	1.192	 3.8	 0.0
1	2021	144	28088	 15.7	 32.4	0.749	 4.1	 0.0
1	2021	145	26204	 14.1	 31.2	0.765	 6.0	 0.0
1	2021	146	26216	 19.5	 36.1	1.326	 4.2	 0.5
1	2021	147	28428	 15.5	 35.7	0.955	 4.7	 0.0
1	2021	148	29186	 16.8	 31.4	0.668	 3.3	 0.0
1	2021	149	27518	 20.4	 35.9	1.047	 4.9	 0.0
1	2021	150	26814	 17.1	 29.8	1.185	 2.6	 0.0
1	2021	151	25792	 18.5	 34.4	1.599	 2.8	 0.2
1	2021	152	20612	 19.9	 29.7	1.924	 2.9	 0.0
1	2021	153	25318	 20.1	 35.5	1.999	 2.2	 1.9
1	2021	154	17304	 19.3	 27.4	1.166	 3.2	 0.1
1	2021	155	28768	 14.8	 34.8	0.773	 3.3	 0.0
1	2021	156	28082	 19.5	 34.0	0.959	 2.9	 0.0
1	2021	157	28532	 18.6	 38.4	1.110	 2.7	 0.0
1	2021	158	20770	 23.7	 34.9	1.680	 3.2	 0.0
1	2021	159	25336	 21.3	 34.1	1.792	 3.4	 0.0
1	2021	160	16961	 23.5	 31.6	2.066	 3.8	 0.3
1	2021	161	18913	 21.3	 30.1	2.008	 2.8	 0.1
1	2021	162	26983	 19.8	 34.6	1.533	 1.3	 0.0
1	2021	163	22713	 24.2	 36.5	2.059	 3.0	 0.0
1	2021	164	16384	 24.6	 32.5	2.719	 4.2	 2.1
1	2021	165	10040	 24.5	 30.1	3.020	 2.5	11.7
1	2021	166	17343	 23.2	 31.1	2.581	 4.3	 0.6
1	2021	167	14670	 21.1	 28.5	2.409	 2.0	 4.3
1	2021	168	15301	 21.9	 29.8	2.242	 2.6	 1.9
1	2021	169	27546	 19.3	 32.8	1.753	 2.0	 0.0
1	2021	170	27312	 19.6	 34.3	1.505	 2.7	 0.0
1	2021	171	28219	 21.1	 35.5	1.264	 3.2	 0.0
1	2021	172	27141	 21.0	 37.5	1.263	 2.7	 0.0
1	2021	173	27648	 23.0	 34.1	1.585	 2.5	 0.0
1	2021	174	25537	 23.8	 37.3	1.407	 3.0	 0.0
1	2021	175	24113	 21.6	 34.1	1.707	 2.4	 0.0
1	2021	176	17065	 26.3	 32.4	2.050	 3.2	 0.2
1	2021	177	26749	 23.4	 37.1	2.285	 3.9	 0.0
1	2021	178	26583	 23.8	 35.8	2.430	 1.4	 0.0
1	2021	179	24159	 25.5	 37.9	2.193	 1.9	 0.0
1	2021	180	18866	 26.8	 34.7	2.345	 2.3	 3.3
1	2021	181	24094	 24.8	 37.0	2.268	 1.8	 1.2
1	2021	182	11029	 25.0	 31.1	2.124	 2.0	 0.2
1	2021	183	14922	 21.9	 30.7	2.479	 2.0	19.4
1	2021	184	22891	 21.8	 30.9	2.475	 2.0	 4.4
1	2021	185	24619	 23.9	 34.6	2.482	 2.9	 0.0
1	2021	186	27116	 23.3	 33.4	2.255	 3.7	 0.0
1	2021	187	24272	 23.2	 33.3	2.527	 2.3	 0.0
1	2021	188	19585	 24.8	 33.0	2.786	 1.4	 0.2
1	2021	189	25292	 23.5	 35.3	2.505	 1.1	 0.3
1	2021	190	26532	 24.4	 38.3	2.536	 2.8	 0.1
1	2021	191	24941	 26.3	 37.9	2.994	 3.1	 0.0
1	2021	192	 6227	 26.1	 31.8	3.139	 4.2	31.6
1	2021	193	23118	 25.3	 33.5	2.880	 4.0	 0.6
1	2021	194	25135	 26.5	 35.4	3.085	 2.7	 0.1
1	2021	195	24184	 26.8	 35.2	3.133	 2.1	 5.2
1	2021	196	15883	 25.6	 32.1	3.171	 1.9	 9.4
1	2021	197	19031	 24.6	 32.0	3.098	 3.2	 8.1
1	2021	198	13862	 23.9	 29.6	2.888	 3.4	 3.0
1	2021	199	12763	 23.7	 29.1	2.958	 3.3	11.4
1	2021	200	12628	 23.0	 29.1	2.844	 2.7	 2.3
1	2021	201	 4601	 23.0	 25.6	2.852	 3.2	29.3
1	2021	202	 3805	 22.4	 26.3	2.993	 3.9	120.2
1	2021	203	 7920	 22.4	 27.2	2.858	 3.5	10.4
1	2021	204	16911	 21.1	 29.2	2.797	 1.8	 2.7
1	2021	205	22817	 22.5	 31.1	2.979	 1.7	 2.4
1	2021	206	24965	 22.7	 31.6	2.891	 2.4	 0.0
1	2021	207	25771	 23.9	 32.3	2.969	 2.5	 0.0
1	2021	208	18413	 23.9	 30.8	3.072	 2.1	 1.0
1	2021	209	 8454	 23.9	 27.6	2.740	 5.4	 9.7
1	2021	210	17587	 21.8	 26.8	2.349	 5.7	 9.2
1	2021	211	24454	 20.2	 30.9	2.833	 2.0	 0.0
1	2021	212	25177	 24.0	 34.8	3.319	 4.0	 0.0
1	2021	213	18914	 24.5	 30.5	2.804	 3.7	 4.7
1	2021	214	24167	 22.7	 30.3	2.506	 2.5	 0.0
1	2021	215	23813	 22.1	 31.0	2.712	 1.5	 0.0
1	2021	216	20337	 24.6	 32.1	2.982	 2.3	 0.3
1	2021	217	12214	 23.5	 30.5	2.822	 2.1	 0.3
1	2021	218	21839	 21.8	 31.6	2.881	 1.4	 0.1
1	2021	219	17879	 24.6	 30.8	3.025	 1.2	 3.8
1	2021	220	20877	 23.6	 31.8	3.033	 1.2	 0.9
1	2021	221	19722	 23.6	 31.2	3.014	 2.0	 1.5
1	2021	222	20914	 24.1	 32.4	2.718	 2.1	 0.2
1	2021	223	22205	 22.7	 31.6	2.768	 1.8	 0.0
1	2021	224	13970	 24.1	 29.9	2.657	 2.8	 1.5
1	2021	225	15704	 22.9	 28.8	2.543	 2.0	 0.4
1	2021	226	22295	 20.6	 29.5	2.391	 2.0	 0.1
1	2021	227	21941	 20.3	 29.8	2.327	 1.5	 0.1
1	2021	228	22348	 21.0	 31.0	2.398	 1.5	 0.0
1	2021	229	21163	 21.9	 31.2	2.645	 1.9	 0.5
1	2021	230	18466	 23.2	 30.3	2.687	 2.0	 0.7
1	2021	231	14887	 23.7	 31.5	2.644	 3.4	 3.0
1	2021	232	15553	 22.1	 28.8	2.522	 4.5	 9.9
1	2021	233	14514	 21.6	 29.9	2.716	 2.2	 0.0
1	2021	234	 8866	 22.9	 28.4	2.731	 2.5	 8.9
1	2021	235	21755	 20.3	 29.3	2.264	 2.4	 0.0
1	2021	236	24418	 18.9	 31.7	1.749	 2.4	 0.0
1	2021	237	24246	 19.0	 31.3	1.576	 2.6	 0.0
1	2021	238	17125	 18.8	 31.1	1.931	 3.2	 0.0
1	2021	239	22536	 19.8	 28.8	1.970	 5.1	 0.0
1	2021	240	13153	 18.3	 26.9	2.193	 2.5	 4.2
1	2021	241	 4512	 20.2	 21.9	2.377	 1.4	35.3
1	2021	242	 8247	 19.3	 24.0	2.428	 3.4	20.7
1	2021	243	 4031	 20.1	 22.9	2.278	 5.4	26.2
1	2021	244	 9261	 18.4	 24.3	2.190	 2.0	 4.4
1	2021	245	21152	 17.2	 27.4	2.284	 1.5	 0.0
1	2021	246	15834	 19.1	 28.3	2.546	 2.5	 0.3
1	2021	247	 3021	 19.7	 23.4	2.177	 3.2	31.7
1	2021	248	11691	 18.7	 24.5	2.127	 4.6	 0.3
1	2021	249	11395	 19.4	 24.7	2.233	 4.1	 4.5
1	2021	250	21851	 15.9	 26.8	2.032	 2.9	 0.0
1	2021	251	22392	 17.8	 28.5	2.152	 4.1	 0.0
1	2021	252	21572	 19.5	 30.7	2.411	 3.8	 0.0
1	2021	253	17549	 20.1	 29.7	2.642	 2.1	 0.0
1	2021	254	20611	 21.5	 31.6	2.729	 2.3	 0.0
1	2021	255	19627	 19.9	 30.8	2.567	 1.3	 0.0
1	2021	256	18731	 20.9	 30.0	2.616	 1.8	 0.8
1	2021	257	17687	 21.8	 28.8	2.513	 3.0	 0.8
1	2021	258	17557	 20.2	 27.5	2.027	 2.3	 0.2
1	2021	259	10783	 18.4	 26.0	1.957	 3.0	 0.2
1	2021	260	 4401	 19.6	 22.9	2.219	 3.0	 3.5
1	2021	261	 1637	 16.7	 20.1	2.101	 3.6	28.8
1	2021	262	 1508	 15.6	 17.4	1.725	 6.2	87.0
1	2021	263	14832	 17.4	 25.3	1.842	 3.3	 0.8
1	2021	264	20364	 15.4	 30.6	1.827	 2.3	 0.0
1	2021	265	17847	 17.3	 27.2	2.081	 2.8	 0.0
1	2021	266	10617	 20.3	 26.4	2.262	 3.6	 2.0
1	2021	267	 4173	 19.1	 22.1	2.330	 4.0	32.3
1	2021	268	 2566	 17.9	 21.1	2.007	 5.1	26.2
1	2021	269	 1638	 17.5	 19.5	2.014	 5.1	35.7
1	2021	270	 8829	 17.8	 23.3	2.104	 2.8	 0.1
1	2021	271	 2806	 14.9	 19.9	1.911	 2.0	17.5
1	2021	272	18579	 13.3	 27.1	1.984	 2.5	 0.0
1	2021	273	18294	 18.3	 27.7	2.103	 4.4	 0.0
1	2021	274	13020	 17.6	 24.4	2.018	 3.2	 0.0
1	2021	275	15818	 15.6	 27.9	2.212	 2.2	 0.0
1	2021	276	 6007	 19.9	 26.6	2.361	 3.0	 9.1
1	2021	277	 2461	 11.9	 20.0	1.435	 7.3	 9.9
1	2021	278	 2320	 10.7	 12.5	1.229	 7.1	 6.5
1	2021	279	 1399	  9.9	 11.6	1.202	 5.7	11.0
1	2021	280	14123	  9.6	 17.0	1.187	 3.3	 0.2
1	2021	281	 6982	 10.8	 16.9	1.328	 2.2	 0.0
1	2021	282	 9777	 14.1	 19.6	1.575	 1.5	 0.4
1	2021	283	11516	 12.2	 18.3	1.019	 3.7	 0.3
1	2021	284	15653	  8.7	 18.4	0.870	 2.3	 0.1
1	2021	285	15686	  9.9	 18.5	0.914	 2.4	 0.1
1	2021	286	14514	 11.9	 21.3	1.076	 1.5	 0.0
1	2021	287	 5205	 13.2	 16.4	1.526	 2.0	 9.6
1	2021	288	 7233	 12.6	 20.0	1.381	 2.8	 0.0
1	2021	289	15378	  6.0	 14.4	0.486	 4.1	 0.0
1	2021	290	16031	  3.7	 14.3	0.492	 4.0	 0.0
1	2021	291	14852	  7.6	 19.3	0.905	 2.9	 0.0
1	2021	292	 5335	  9.1	 12.8	0.858	 4.3	 0.0
1	2021	293	10784	  8.1	 15.6	1.016	 2.4	 0.0
1	2021	294	14796	  6.4	 17.1	0.941	 2.3	 0.0
1	2021	295	15020	  5.6	 16.6	0.756	 2.2	 0.0
1	2021	296	14011	  6.8	 17.6	0.839	 1.6	 0.0
1	2021	297	14506	  6.6	 18.8	0.904	 2.5	 0.0
1	2021	298	13682	  7.7	 20.5	1.075	 3.2	 0.0
1	2021	299	 5520	 10.9	 19.1	1.130	 2.3	 0.0
1	2021	300	12045	  8.2	 19.3	0.824	 2.0	 0.0
1	2021	301	12444	  8.5	 20.7	0.942	 2.0	 0.0
1	2021	302	12552	  9.0	 21.0	1.183	 1.6	 0.0
1	2021	303	13256	  8.5	 22.1	1.187	 1.2	 0.0
1	2021	304	12423	 10.5	 19.1	1.024	 3.5	 0.0
1	2021	305	 9032	  9.2	 15.6	1.032	 2.6	 0.2
1	2021	306	 7699	  9.2	 18.5	1.208	 2.5	 0.4
1	2021	307	11171	  8.4	 20.6	1.022	 2.6	 0.0
1	2021	308	12279	  8.4	 20.7	1.147	 2.8	 0.0
1	2021	309	 5920	 12.1	 17.5	1.344	 2.1	 0.2
1	2021	310	 5772	 12.5	 18.1	1.403	 2.8	 1.6
1	2021	311	 6926	 -0.1	 14.4	0.539	 5.0	18.8
1	2021	312	12949	 -2.0	 10.5	0.380	 2.3	 0.0
1	2021	313	12464	  0.7	 13.9	0.435	 3.3	 0.0
1	2021	314	12126	  3.5	 15.3	0.534	 2.6	 0.0
1	2021	315	11978	  2.5	 14.7	0.584	 1.9	 0.0
1	2021	316	11982	  3.7	 15.0	0.528	 2.2	 0.0
1	2021	317	11966	  1.9	 17.6	0.572	 2.3	 0.0
1	2021	318	11742	  2.9	 17.7	0.565	 1.9	 0.0
1	2021	319	11065	  7.2	 14.4	0.674	 3.7	 0.4
1	2021	320	10778	  4.8	 13.7	0.810	 2.6	 0.0
1	2021	321	10785	  5.8	 18.4	0.868	 2.6	 0.0
1	2021	322	11058	  4.2	 19.0	0.852	 3.2	 0.0
1	2021	323	 8904	  6.8	 12.2	0.738	 4.3	 0.0
1	2021	324	 4256	  6.7	 10.4	0.783	 3.6	 1.8
1	2021	325	 8494	  1.8	 12.1	0.489	 3.5	 0.0
1	2021	326	11192	 -1.4	  7.1	0.203	 2.5	 0.0
1	2021	327	10892	 -3.7	 10.6	0.345	 2.3	 0.0
1	2021	328	10788	 -2.5	 15.6	0.473	 1.5	 0.0
1	2021	329	10592	 -0.8	 15.1	0.484	 1.7	 0.0
1	2021	330	10222	  2.6	 13.4	0.545	 2.5	 0.0
1	2021	331	 8950	  0.7	 13.2	0.649	 2.0	 0.0
1	2021	332	 8888	  5.5	 13.4	0.839	 2.7	 0.0
1	2021	333	 4479	  2.7	 10.7	0.891	 2.0	 4.3
1	2021	334	10320	 -1.3	  8.4	0.363	 3.5	 0.0
1	2021	335	10068	 -2.6	  8.9	0.350	 2.0	 0.0
1	2021	336	10102	 -2.8	 13.1	0.363	 2.6	 0.0
1	2021	337	 9908	  0.0	 12.6	0.356	 2.0	 0.0
1	2021	338	 9761	 -1.3	 13.2	0.484	 1.8	 0.0
1	2021	339	 9818	 -1.0	 13.0	0.476	 2.4	 0.0
1	2021	340	 9779	  0.7	 11.7	0.382	 3.9	 0.0
1	2021	341	 7817	  0.0	  9.4	0.426	 1.9	 0.0
1	2021	342	 5750	 -0.2	  9.4	0.566	 2.6	 0.1
1	2021	343	 9216	 -0.4	 11.4	0.664	 1.6	 0.0
1	2021	344	 5168	 -0.1	 10.1	0.766	 1.7	 1.5
1	2021	345	 7812	  3.5	 12.2	0.905	 2.0	 1.8
1	2021	346	 8659	 -1.9	  5.5	0.423	 3.2	 0.0
1	2021	347	 9388	 -3.0	  8.2	0.451	 3.7	 0.0
1	2021	348	 9306	 -0.7	 12.7	0.622	 2.1	 0.0
1	2021	349	 9087	 -1.0	 11.2	0.598	 1.7	 0.0
1	2021	350	 6738	 -1.0	 10.5	0.410	 2.8	 0.0
1	2021	351	 9473	 -3.9	  1.8	0.224	 3.4	 0.0
1	2021	352	 8928	 -3.6	  9.8	0.297	 3.0	 0.0
1	2021	353	 9415	 -3.3	 11.7	0.364	 2.6	 0.0
1	2021	354	 9241	 -2.3	 14.9	0.452	 2.2	 0.0
1	2021	355	 9401	 -1.1	 12.6	0.423	 1.9	 0.0
1	2021	356	 9140	 -0.7	  7.2	0.545	 3.3	 0.0
1	2021	357	 6139	 -1.5	  4.9	0.556	 4.2	 0.2
1	2021	358	 5256	 -5.7	  1.5	0.386	 5.3	 2.7
1	2021	359	 9053	 -7.8	 -3.1	0.185	 2.4	 0.0
1	2021	360	 9932	 -9.3	  0.1	0.203	 2.0	 0.0
1	2021	361	 9882	 -7.2	  4.8	0.230	 3.0	 0.0
1	2021	362	 9713	 -4.5	  6.2	0.291	 3.0	 0.0
1	2021	363	 9926	 -2.8	  7.1	0.214	 2.6	 0.0
1	2021	364	 9868	 -4.8	  9.7	0.306	 2.0	 0.0
1	2021	365	 7495	 -3.7	  7.8	0.332	 3.4	 0.0
