*------------------------------------------------------------*
*   Country: China
*   Station: 114.6_35.5
*      Year: 2020
*    Origin: AgERA5 dataset
*    Author: Huang Hai, CAU
* Longitude: 114.60 E
*  Latitude: 35.50 N
* Elevation: 59.00 m
*   Columns: 
*   ======== 
*  station number
*  year
*  day
*  irradiation (kJ路m-2路d-1)
*  minimum temperature (degrees Celsius)
*  maximum temperature (degrees Celsius)
*  vapour pressure (kPa)
*  mean wind speed (m路s-1)
*  precipitation (mm路d-1)
** WCCDESCRIPTION=114.6_35.5, China
** WCCFORMAT=2
** WCCYEARNR=2020
*------------------------------------------------------------*
114.60  35.50  59.00  -0.18  -0.55
1	2020	  1	 9423	 -4.0	  4.8	0.238	 2.1	 0.0
1	2020	  2	 8988	 -4.2	  6.5	0.328	 1.1	 0.0
1	2020	  3	 7845	 -3.2	  8.1	0.431	 1.4	 0.0
1	2020	  4	 7683	 -1.5	 10.3	0.567	 1.9	 0.0
1	2020	  5	  459	  0.4	  4.0	0.636	 4.5	16.6
1	2020	  6	 3364	 -1.4	  2.2	0.607	 4.2	 2.2
1	2020	  7	 2685	 -6.0	  1.1	0.596	 5.0	11.2
1	2020	  8	 7443	 -7.9	  4.6	0.501	 1.6	 0.0
1	2020	  9	 9552	 -3.6	  5.7	0.458	 1.4	 0.0
1	2020	 10	 8063	 -3.0	  6.7	0.554	 1.6	 0.0
1	2020	 11	 6804	 -4.2	  4.2	0.502	 2.3	 0.1
1	2020	 12	 7471	 -5.2	  3.8	0.472	 1.0	 0.1
1	2020	 13	 7679	 -4.1	  4.3	0.486	 2.0	 0.0
1	2020	 14	10417	 -6.1	  3.8	0.404	 1.5	 0.0
1	2020	 15	 6994	 -5.1	  3.2	0.399	 1.2	 0.1
1	2020	 16	 8364	 -3.2	  3.5	0.497	 1.0	 0.1
1	2020	 17	10765	 -3.9	  6.5	0.543	 2.0	 0.0
1	2020	 18	 9886	 -4.3	  8.0	0.539	 2.5	 0.0
1	2020	 19	11833	 -4.8	  8.3	0.390	 2.2	 0.0
1	2020	 20	11103	 -2.4	  7.5	0.357	 3.0	 0.0
1	2020	 21	 9122	 -4.5	  8.0	0.500	 1.8	 0.0
1	2020	 22	 8447	 -2.9	  8.2	0.596	 1.8	 0.0
1	2020	 23	 9345	 -2.5	  9.5	0.658	 2.1	 0.0
1	2020	 24	 8627	  1.5	  5.5	0.538	 4.4	 0.0
1	2020	 25	 9045	 -0.3	  7.8	0.490	 1.4	 0.0
1	2020	 26	 4406	  1.3	  4.4	0.487	 3.5	 1.0
1	2020	 27	11209	 -1.2	  7.1	0.468	 2.0	 0.1
1	2020	 28	11959	 -4.2	  8.8	0.510	 1.2	 0.0
1	2020	 29	11611	 -3.0	  8.4	0.527	 2.2	 0.0
1	2020	 30	12538	 -3.6	  9.4	0.535	 1.8	 0.0
1	2020	 31	12968	 -1.3	 12.6	0.570	 2.8	 0.0
1	2020	 32	 9453	 -0.8	  8.2	0.473	 3.5	 0.0
1	2020	 33	12691	 -2.6	 10.6	0.431	 2.2	 0.0
1	2020	 34	13014	 -2.8	  8.7	0.471	 2.9	 0.0
1	2020	 35	13103	 -0.9	  7.6	0.488	 4.4	 0.0
1	2020	 36	 2757	 -3.0	  0.3	0.399	 4.2	 1.5
1	2020	 37	 5287	 -2.4	  2.7	0.493	 2.5	 4.1
1	2020	 38	13404	 -3.0	  8.9	0.583	 2.8	 0.0
1	2020	 39	13138	 -2.8	 10.6	0.651	 1.8	 0.0
1	2020	 40	14430	 -0.7	 15.6	0.542	 3.2	 0.0
1	2020	 41	14618	  0.8	 16.0	0.532	 2.7	 0.0
1	2020	 42	13958	  2.8	 15.3	0.752	 2.7	 0.0
1	2020	 43	14388	  3.0	 17.2	0.877	 3.2	 0.0
1	2020	 44	11837	  6.2	 17.0	1.038	 3.5	 0.0
1	2020	 45	 5247	  1.5	 11.5	0.794	 5.4	 0.6
1	2020	 46	 7722	 -2.7	  5.5	0.374	 3.3	 0.6
1	2020	 47	15832	 -5.9	  6.5	0.236	 1.7	 0.0
1	2020	 48	16024	 -4.0	  9.6	0.265	 2.2	 0.0
1	2020	 49	15733	 -0.7	 14.3	0.332	 4.2	 0.0
1	2020	 50	12807	  2.5	 13.5	0.511	 2.1	 0.0
1	2020	 51	12681	 -0.1	 12.6	0.629	 2.3	 0.0
1	2020	 52	16083	  3.9	 15.9	0.521	 2.8	 0.2
1	2020	 53	16566	  1.5	 13.3	0.305	 2.5	 0.0
1	2020	 54	16069	  3.7	 18.0	0.662	 4.0	 0.0
1	2020	 55	 4917	  7.0	 13.8	0.856	 3.3	 2.0
1	2020	 56	13593	  4.2	 12.8	0.823	 3.9	 0.0
1	2020	 57	 5205	  5.0	  9.2	0.746	 3.9	 0.0
1	2020	 58	 4779	  0.9	  7.3	0.558	 2.5	 6.5
1	2020	 59	13301	 -0.6	  9.8	0.697	 2.2	 4.3
1	2020	 60	16761	  0.7	 14.2	0.813	 2.5	 0.0
1	2020	 61	13391	  4.2	 12.4	0.738	 2.5	 0.0
1	2020	 62	10133	  3.6	 11.6	0.628	 4.1	 0.2
1	2020	 63	17334	  0.8	 12.6	0.402	 2.8	 0.0
1	2020	 64	18451	 -0.9	  9.8	0.324	 3.0	 0.0
1	2020	 65	17928	 -1.3	 13.7	0.502	 3.2	 0.0
1	2020	 66	15718	  3.9	 16.8	0.752	 3.7	 0.0
1	2020	 67	18992	  5.0	 16.9	0.743	 2.9	 0.0
1	2020	 68	11773	  6.2	 17.5	0.918	 2.2	 0.7
1	2020	 69	 7874	  6.2	 13.5	0.859	 4.3	 0.2
1	2020	 70	19757	  2.5	 14.8	0.528	 1.9	 0.0
1	2020	 71	19761	 -0.2	 19.3	0.572	 3.8	 0.0
1	2020	 72	17627	  8.5	 21.0	0.702	 5.1	 0.0
1	2020	 73	18830	  5.1	 13.4	0.437	 4.1	 0.0
1	2020	 74	20753	  2.6	 18.2	0.392	 3.2	 0.0
1	2020	 75	20427	  3.6	 20.6	0.362	 2.0	 0.0
1	2020	 76	16610	  7.3	 20.1	0.600	 3.9	 0.0
1	2020	 77	20913	  6.1	 23.1	0.498	 2.7	 0.0
1	2020	 78	21313	 10.1	 27.3	0.347	 4.9	 0.0
1	2020	 79	21593	  6.5	 20.2	0.310	 3.5	 0.0
1	2020	 80	20808	 10.0	 27.0	0.590	 5.3	 0.0
1	2020	 81	16319	 13.7	 25.7	0.841	 4.4	 0.0
1	2020	 82	20856	  9.4	 21.1	0.553	 3.6	 0.0
1	2020	 83	21331	  9.0	 24.1	0.661	 3.4	 0.0
1	2020	 84	18859	 10.8	 23.5	0.818	 2.8	 0.1
1	2020	 85	 8968	 12.5	 19.8	1.344	 2.4	 6.6
1	2020	 86	 5803	  5.4	 16.8	1.054	 6.0	 2.0
1	2020	 87	19778	  5.4	 13.4	0.427	 3.8	 0.0
1	2020	 88	21921	  2.0	 14.8	0.428	 2.2	 0.0
1	2020	 89	15325	  6.6	 12.8	0.668	 3.8	 0.0
1	2020	 90	22066	  3.8	 16.0	0.780	 3.6	 0.0
1	2020	 91	14065	  7.3	 15.3	0.889	 3.3	 0.0
1	2020	 92	 8388	  4.9	 14.2	0.806	 3.4	 0.9
1	2020	 93	10912	  5.3	 13.9	0.897	 1.8	 1.8
1	2020	 94	21378	  2.8	 20.0	0.780	 1.8	 0.0
1	2020	 95	22869	  5.5	 20.2	0.682	 3.4	 0.0
1	2020	 96	21791	  6.1	 20.0	0.762	 3.2	 0.0
1	2020	 97	23142	 10.8	 22.7	0.742	 3.7	 0.0
1	2020	 98	22516	  9.9	 24.7	0.925	 2.8	 0.1
1	2020	 99	21945	 10.9	 21.2	0.844	 3.2	 0.6
1	2020	100	17574	  7.7	 14.3	0.755	 6.6	 2.6
1	2020	101	 3051	  5.3	  8.1	0.800	 5.1	12.8
1	2020	102	23302	  2.8	 16.4	0.712	 2.7	 0.2
1	2020	103	25227	  5.5	 21.9	0.546	 3.9	 0.0
1	2020	104	24668	  6.9	 24.0	0.719	 2.9	 0.0
1	2020	105	18813	 12.1	 23.0	0.760	 3.7	 0.0
1	2020	106	23873	  9.8	 26.5	1.073	 3.4	 0.0
1	2020	107	24022	 14.4	 25.4	0.962	 3.2	 0.1
1	2020	108	25372	  9.5	 23.8	0.660	 3.0	 0.0
1	2020	109	12491	  9.8	 20.3	0.971	 2.1	 3.4
1	2020	110	22913	 10.0	 22.6	1.101	 2.8	 0.2
1	2020	111	23011	 13.1	 21.2	0.547	 3.5	 0.0
1	2020	112	23329	  9.3	 20.7	0.602	 2.9	 0.0
1	2020	113	25832	  7.5	 17.3	0.336	 3.0	 0.0
1	2020	114	26467	  5.7	 19.1	0.391	 2.2	 0.0
1	2020	115	26993	  5.4	 25.1	0.396	 4.4	 0.0
1	2020	116	26568	 12.8	 24.1	0.501	 4.4	 0.0
1	2020	117	25823	  9.8	 24.2	0.740	 2.5	 0.0
1	2020	118	25374	 10.9	 22.8	0.770	 2.7	 2.1
1	2020	119	26385	 12.5	 26.9	0.746	 5.2	 0.0
1	2020	120	25500	 14.3	 31.5	1.076	 3.8	 0.0
1	2020	121	25596	 17.3	 34.7	1.477	 3.4	 0.0
1	2020	122	25183	 19.2	 33.0	1.834	 4.7	 0.0
1	2020	123	25544	 18.1	 33.3	2.182	 2.7	 0.0
1	2020	124	26348	 17.5	 36.1	1.815	 2.3	 0.0
1	2020	125	 8385	 13.0	 25.4	1.305	 7.1	 8.6
1	2020	126	25441	 11.8	 23.5	1.410	 2.4	 5.0
1	2020	127	20708	 12.8	 25.2	1.497	 2.5	 0.0
1	2020	128	 5336	 16.4	 19.8	1.746	 3.1	 8.1
1	2020	129	 6669	 13.2	 18.0	1.611	 6.0	12.1
1	2020	130	10929	 10.4	 17.6	1.415	 2.4	 2.5
1	2020	131	27155	 11.0	 27.8	1.411	 2.9	 0.0
1	2020	132	23612	 16.8	 25.6	0.911	 4.4	 0.0
1	2020	133	27498	 13.7	 26.5	0.968	 3.0	 0.0
1	2020	134	23192	 14.8	 29.9	1.222	 3.3	 0.1
1	2020	135	21676	 17.1	 27.1	1.450	 2.1	 0.0
1	2020	136	26636	 14.6	 30.5	1.625	 2.5	 0.0
1	2020	137	24057	 19.5	 33.1	1.786	 4.4	 0.6
1	2020	138	26731	 16.4	 31.7	1.523	 4.3	 0.2
1	2020	139	27075	 12.3	 26.9	0.848	 3.2	 0.0
1	2020	140	27845	 14.1	 30.4	0.843	 2.2	 0.0
1	2020	141	24169	 17.9	 32.1	1.063	 3.4	 0.0
1	2020	142	26994	 19.0	 33.8	1.223	 3.6	 0.0
1	2020	143	28148	 18.6	 33.4	1.152	 2.8	 0.0
1	2020	144	24928	 20.9	 30.6	1.257	 4.1	 0.0
1	2020	145	15660	 18.0	 29.5	1.346	 1.6	 0.0
1	2020	146	24863	 20.9	 32.3	1.057	 4.0	 0.0
1	2020	147	26078	 16.9	 29.4	1.259	 3.5	 0.0
1	2020	148	26325	 18.2	 33.6	0.882	 2.9	 0.0
1	2020	149	27796	 16.4	 35.1	0.918	 2.5	 0.0
1	2020	150	23500	 23.7	 32.4	1.357	 4.5	 0.1
1	2020	151	20861	 20.4	 29.2	1.569	 3.0	 0.0
1	2020	152	26027	 17.9	 33.8	1.574	 2.3	 0.0
1	2020	153	24685	 20.6	 35.6	1.463	 3.6	 0.2
1	2020	154	20045	 19.6	 34.1	1.041	 2.2	 0.0
1	2020	155	28994	 22.0	 39.3	0.765	 3.6	 0.0
1	2020	156	26618	 23.4	 39.7	1.100	 2.6	 0.0
1	2020	157	22897	 22.5	 34.4	1.411	 3.7	 0.0
1	2020	158	27606	 22.7	 36.4	1.531	 3.1	 0.0
1	2020	159	27511	 24.8	 37.3	1.302	 3.8	 0.0
1	2020	160	26057	 22.6	 35.9	1.403	 2.6	 0.0
1	2020	161	16629	 23.6	 31.3	1.974	 1.7	 2.0
1	2020	162	24808	 21.1	 34.2	1.833	 1.5	 0.0
1	2020	163	16306	 22.6	 33.4	2.407	 1.6	10.0
1	2020	164	17975	 20.7	 27.5	2.113	 2.6	 7.8
1	2020	165	25970	 19.7	 32.2	2.272	 2.1	 0.0
1	2020	166	26264	 23.8	 32.9	1.548	 3.6	 0.0
1	2020	167	11462	 21.6	 31.5	2.001	 1.5	 0.4
1	2020	168	 4833	 19.6	 24.4	2.060	 2.2	24.1
1	2020	169	 3648	 18.7	 20.1	2.044	 2.6	26.3
1	2020	170	19771	 16.0	 26.7	1.979	 2.2	 0.0
1	2020	171	20886	 16.9	 28.5	2.030	 2.3	 0.0
1	2020	172	21664	 20.5	 29.3	2.112	 2.9	 0.0
1	2020	173	21509	 19.5	 29.3	2.221	 2.2	 0.2
1	2020	174	12447	 20.8	 26.9	2.327	 2.0	 2.5
1	2020	175	12272	 20.6	 27.3	2.379	 1.8	 0.2
1	2020	176	26452	 20.6	 32.2	2.311	 1.8	 0.0
1	2020	177	25962	 20.5	 32.3	2.452	 2.6	 6.2
1	2020	178	17895	 25.4	 31.0	2.517	 2.2	 0.0
1	2020	179	22390	 23.6	 33.7	2.461	 1.9	 0.1
1	2020	180	17394	 23.4	 30.3	2.479	 2.4	 1.2
1	2020	181	22777	 22.4	 31.3	2.453	 2.2	 0.9
1	2020	182	22975	 21.1	 29.9	2.321	 3.7	 2.5
1	2020	183	23980	 20.6	 31.3	2.116	 2.0	 0.0
1	2020	184	17769	 22.3	 31.1	2.488	 1.8	11.8
1	2020	185	17438	 21.5	 27.8	2.512	 2.7	 0.6
1	2020	186	16175	 22.0	 29.5	2.703	 1.8	12.2
1	2020	187	24223	 22.9	 32.4	2.631	 2.0	 0.1
1	2020	188	26856	 22.6	 34.3	2.486	 1.9	 0.0
1	2020	189	24913	 24.7	 34.4	2.531	 2.9	 0.1
1	2020	190	21381	 25.3	 33.1	2.524	 1.5	 0.4
1	2020	191	20468	 25.4	 32.2	2.270	 2.1	 0.1
1	2020	192	15079	 22.3	 30.3	2.456	 1.2	 0.1
1	2020	193	 8640	 22.5	 28.0	2.472	 3.5	 5.1
1	2020	194	 9352	 20.5	 25.4	2.215	 4.8	 7.0
1	2020	195	21521	 19.9	 29.0	2.242	 2.3	 0.0
1	2020	196	11500	 21.4	 27.9	2.442	 2.3	 0.1
1	2020	197	24940	 20.1	 30.5	2.346	 2.9	 0.0
1	2020	198	25282	 21.8	 31.4	2.380	 3.1	 0.0
1	2020	199	13099	 21.9	 27.7	2.332	 2.2	 1.5
1	2020	200	21462	 19.5	 29.8	2.182	 2.2	 0.0
1	2020	201	19493	 23.2	 30.8	2.203	 2.7	 0.1
1	2020	202	25773	 21.0	 33.8	2.278	 2.9	 0.0
1	2020	203	20918	 23.6	 32.4	2.396	 3.6	 0.0
1	2020	204	10984	 21.1	 25.3	2.336	 4.1	10.3
1	2020	205	24580	 21.6	 31.0	2.275	 3.0	 0.0
1	2020	206	24751	 21.6	 31.9	2.259	 2.3	 0.0
1	2020	207	19164	 20.9	 32.0	2.370	 1.8	 0.8
1	2020	208	11550	 22.2	 27.7	2.406	 2.3	 8.8
1	2020	209	15571	 19.8	 28.1	2.359	 2.3	 0.1
1	2020	210	16452	 22.0	 30.1	2.659	 2.2	 0.2
1	2020	211	19099	 23.4	 31.5	2.790	 2.5	 0.0
1	2020	212	20201	 22.7	 32.1	2.908	 2.3	 1.0
1	2020	213	18751	 24.4	 31.5	3.083	 2.9	 2.3
1	2020	214	17630	 25.6	 33.6	3.273	 3.0	 0.1
1	2020	215	16966	 24.8	 32.1	3.251	 3.6	34.1
1	2020	216	13845	 26.4	 33.2	3.536	 2.7	 0.4
1	2020	217	15518	 24.6	 31.6	3.243	 2.3	20.5
1	2020	218	 5973	 24.4	 27.0	3.103	 3.1	13.4
1	2020	219	 3461	 22.1	 24.4	2.582	 3.7	35.8
1	2020	220	 4406	 22.2	 25.1	2.863	 4.2	13.6
1	2020	221	18660	 22.9	 30.1	2.911	 2.1	 0.0
1	2020	222	21870	 23.3	 32.6	3.159	 1.6	 0.1
1	2020	223	19946	 24.7	 32.5	3.355	 2.1	 0.7
1	2020	224	18026	 25.5	 32.0	3.389	 2.3	 0.1
1	2020	225	10380	 24.8	 31.4	3.360	 2.6	 9.4
1	2020	226	16972	 25.3	 31.2	3.266	 3.6	 9.8
1	2020	227	20576	 24.8	 32.3	3.262	 3.0	 1.9
1	2020	228	10201	 21.5	 27.0	2.562	 3.6	14.5
1	2020	229	15722	 21.4	 29.1	2.658	 3.3	 1.7
1	2020	230	20947	 22.4	 32.1	3.103	 2.2	 0.4
1	2020	231	21869	 24.8	 31.7	3.150	 3.1	 0.1
1	2020	232	14924	 21.5	 26.8	2.329	 4.5	 1.1
1	2020	233	 3063	 19.7	 22.1	2.338	 4.3	12.8
1	2020	234	14415	 18.8	 25.3	2.129	 3.6	 0.0
1	2020	235	14926	 20.7	 27.1	2.372	 1.5	 0.4
1	2020	236	15472	 21.6	 29.2	2.895	 2.8	 0.7
1	2020	237	10953	 22.6	 26.4	2.782	 3.0	 1.8
1	2020	238	16190	 20.0	 30.8	2.664	 1.4	 0.0
1	2020	239	22314	 21.0	 30.5	2.473	 2.7	 0.2
1	2020	240	22769	 18.9	 29.7	2.238	 2.5	 0.0
1	2020	241	22627	 20.8	 30.8	2.494	 2.1	 0.0
1	2020	242	22891	 21.1	 31.3	2.527	 2.0	 0.0
1	2020	243	21735	 20.6	 31.4	2.628	 1.1	 0.0
1	2020	244	20692	 23.3	 31.9	2.557	 2.4	 0.4
1	2020	245	22509	 21.9	 32.0	2.109	 1.7	 0.0
1	2020	246	20945	 20.0	 29.7	1.605	 3.0	 0.7
1	2020	247	22798	 18.8	 30.4	1.436	 2.1	 0.0
1	2020	248	22812	 17.6	 31.5	1.539	 2.2	 0.0
1	2020	249	21152	 21.6	 33.5	1.540	 3.9	 0.0
1	2020	250	21022	 21.8	 33.2	1.777	 2.5	 0.0
1	2020	251	21894	 19.8	 33.3	1.782	 1.7	 0.1
1	2020	252	19361	 21.1	 31.6	1.994	 2.1	 0.0
1	2020	253	16434	 20.9	 31.4	2.176	 1.1	 7.0
1	2020	254	17316	 21.3	 29.7	2.025	 1.6	 4.8
1	2020	255	19897	 18.7	 27.5	1.603	 3.5	 0.0
1	2020	256	17385	 18.9	 27.2	1.740	 3.7	 0.0
1	2020	257	15019	 19.4	 26.9	1.963	 2.6	 0.1
1	2020	258	16749	 19.2	 28.6	2.181	 1.7	 0.6
1	2020	259	18117	 20.9	 30.2	2.125	 3.1	 0.3
1	2020	260	19382	 16.5	 29.9	1.157	 2.4	 0.0
1	2020	261	18404	 17.6	 28.1	1.032	 2.1	 0.0
1	2020	262	21393	 15.9	 31.5	1.045	 3.0	 0.0
1	2020	263	20967	 17.5	 31.4	1.176	 2.9	 0.0
1	2020	264	19930	 17.8	 30.2	1.315	 2.6	 0.0
1	2020	265	 6004	 19.8	 26.4	1.400	 2.5	 0.0
1	2020	266	12808	 18.3	 27.5	1.455	 1.8	 0.0
1	2020	267	12287	 18.6	 26.6	1.782	 1.8	 1.3
1	2020	268	15352	 17.0	 25.7	1.848	 2.0	 0.2
1	2020	269	13702	 17.0	 26.1	1.674	 2.4	 0.0
1	2020	270	14514	 16.5	 26.3	1.654	 2.6	 0.2
1	2020	271	11362	 18.7	 25.6	1.618	 1.4	 0.5
1	2020	272	13805	 16.2	 26.1	1.448	 2.1	 0.1
1	2020	273	12133	 16.3	 27.2	1.571	 2.8	 0.0
1	2020	274	 8899	 16.1	 23.1	1.499	 2.4	 0.0
1	2020	275	13621	 17.7	 27.7	1.731	 3.0	 0.0
1	2020	276	 4034	 18.3	 22.0	1.006	 3.0	 0.4
1	2020	277	 3022	 15.7	 19.9	1.198	 2.3	 0.0
1	2020	278	13059	  9.8	 18.7	0.554	 4.5	 0.0
1	2020	279	 7555	  8.7	 17.7	0.608	 2.5	 0.0
1	2020	280	 6963	 10.1	 17.5	0.806	 3.1	 0.0
1	2020	281	14849	 11.7	 21.5	0.800	 2.9	 0.0
1	2020	282	12997	  9.1	 22.1	1.074	 1.5	 0.0
1	2020	283	12930	 13.1	 23.3	1.195	 1.7	 0.0
1	2020	284	 2608	 13.6	 19.1	1.424	 1.1	 0.6
1	2020	285	 6653	 15.3	 21.7	1.533	 2.0	 0.1
1	2020	286	10625	 14.5	 21.0	0.839	 3.5	 0.1
1	2020	287	 5015	 14.4	 19.1	1.359	 2.2	 4.9
1	2020	288	 2480	 11.6	 15.3	1.310	 2.8	13.7
1	2020	289	 7546	 11.1	 17.2	1.297	 3.0	 0.0
1	2020	290	12803	  9.3	 19.5	1.042	 3.2	 0.0
1	2020	291	15913	  8.2	 21.0	0.963	 3.2	 0.0
1	2020	292	15050	  9.1	 21.5	1.041	 2.6	 0.0
1	2020	293	15691	  8.8	 21.5	1.031	 2.3	 0.0
1	2020	294	10705	 10.5	 20.9	1.056	 4.0	 0.0
1	2020	295	15761	  9.7	 21.9	0.724	 2.7	 0.0
1	2020	296	15483	  6.0	 20.8	0.487	 2.2	 0.0
1	2020	297	15365	  5.3	 17.5	0.486	 1.8	 0.0
1	2020	298	14794	  5.5	 19.2	0.576	 2.6	 0.0
1	2020	299	13953	 10.1	 21.5	0.733	 3.1	 0.0
1	2020	300	14059	 10.2	 24.0	0.993	 1.7	 0.0
1	2020	301	 5729	 13.0	 17.2	0.643	 4.5	 0.0
1	2020	302	 7829	 10.4	 18.2	0.617	 2.1	 0.0
1	2020	303	10309	  9.2	 18.7	0.751	 1.3	 0.0
1	2020	304	13466	  8.2	 19.0	0.872	 1.7	 0.0
1	2020	305	11449	 12.6	 21.9	1.106	 2.6	 0.0
1	2020	306	 9933	 10.3	 19.9	0.570	 2.5	 0.0
1	2020	307	13600	  6.2	 18.6	0.435	 2.8	 0.0
1	2020	308	12810	  3.5	 17.3	0.431	 2.4	 0.0
1	2020	309	12515	  7.8	 18.8	0.513	 4.0	 0.0
1	2020	310	 5614	 12.0	 18.2	0.778	 2.6	 0.0
1	2020	311	12534	 11.0	 23.2	0.680	 2.7	 0.0
1	2020	312	12904	  8.5	 22.2	0.420	 2.5	 0.0
1	2020	313	12823	  7.8	 16.7	0.318	 3.2	 0.0
1	2020	314	12396	  3.8	 18.6	0.478	 2.2	 0.0
1	2020	315	11910	  5.3	 19.9	0.619	 1.9	 0.0
1	2020	316	11395	  6.8	 19.8	0.725	 2.9	 0.0
1	2020	317	10555	  9.7	 21.1	0.859	 2.7	 0.0
1	2020	318	11508	 10.1	 18.7	0.640	 3.5	 0.0
1	2020	319	10798	  7.6	 19.1	0.902	 2.1	 0.0
1	2020	320	10723	  7.6	 19.4	1.087	 1.6	 0.0
1	2020	321	 4917	 10.3	 17.0	1.169	 2.3	 0.2
1	2020	322	  539	 11.3	 13.8	1.264	 4.0	18.2
1	2020	323	 4207	  8.9	 15.0	1.222	 3.2	 6.7
1	2020	324	 9500	  5.3	 15.3	0.850	 2.2	 0.0
1	2020	325	 9662	  4.1	 11.1	0.689	 3.2	 0.0
1	2020	326	 5614	  2.7	  7.6	0.730	 3.0	 4.3
1	2020	327	 7172	  2.2	  6.9	0.619	 3.2	 0.1
1	2020	328	 4818	 -0.5	  5.9	0.614	 1.7	 0.9
1	2020	329	 7713	  0.9	  7.7	0.670	 2.3	 0.0
1	2020	330	 8331	 -0.3	  9.3	0.671	 1.5	 0.0
1	2020	331	 8428	  2.3	  9.1	0.573	 2.8	 0.0
1	2020	332	 8976	 -0.5	  8.9	0.564	 2.7	 0.0
1	2020	333	 5740	  0.3	  5.7	0.453	 1.9	 0.1
1	2020	334	 9858	 -1.6	  8.1	0.548	 2.1	 0.0
1	2020	335	 5250	 -1.8	  6.4	0.580	 1.9	 0.1
1	2020	336	 4313	 -0.3	  5.1	0.606	 1.5	 1.0
1	2020	337	 4286	 -1.3	  4.1	0.633	 1.4	 0.1
1	2020	338	 6387	 -0.3	  4.9	0.516	 1.7	 0.2
1	2020	339	 9556	 -4.0	  6.5	0.484	 1.9	 0.0
1	2020	340	 9648	 -2.8	  8.3	0.525	 2.4	 0.0
1	2020	341	 8416	 -0.1	  9.5	0.596	 1.8	 0.0
1	2020	342	 7085	 -0.9	  5.5	0.422	 2.9	 0.0
1	2020	343	 8941	 -4.4	  6.1	0.355	 1.7	 0.0
1	2020	344	 8034	 -0.6	  9.0	0.563	 2.6	 0.0
1	2020	345	 9139	 -2.5	  9.9	0.578	 1.6	 0.0
1	2020	346	 5678	 -3.1	  8.5	0.492	 2.0	 0.0
1	2020	347	 7453	 -2.4	  9.9	0.509	 1.9	 0.0
1	2020	348	 9006	 -2.3	  5.2	0.190	 5.4	 0.0
1	2020	349	 9798	 -7.2	  1.7	0.185	 2.4	 0.0
1	2020	350	 9627	 -7.0	  3.6	0.263	 1.6	 0.0
1	2020	351	 9537	 -6.3	  3.9	0.304	 1.8	 0.0
1	2020	352	 8072	 -4.9	  5.6	0.365	 2.3	 0.0
1	2020	353	 9347	 -4.6	  4.2	0.281	 3.1	 0.0
1	2020	354	 8603	 -6.4	  4.4	0.270	 2.4	 0.0
1	2020	355	 9581	 -5.6	  6.5	0.338	 1.9	 0.0
1	2020	356	 9618	 -5.3	  7.2	0.366	 2.2	 0.0
1	2020	357	 9650	 -3.7	 10.2	0.468	 2.6	 0.0
1	2020	358	 9347	 -1.3	 10.4	0.433	 2.4	 0.0
1	2020	359	 9690	 -4.4	  9.1	0.338	 2.0	 0.0
1	2020	360	 9564	 -4.0	 10.0	0.337	 2.4	 0.0
1	2020	361	 8643	 -1.7	 11.1	0.495	 2.2	 0.0
1	2020	362	 9557	 -2.6	 10.2	0.514	 1.4	 0.0
1	2020	363	 7607	  0.0	  6.6	0.514	 5.4	 1.0
1	2020	364	 5911	 -7.8	  0.7	0.229	 5.2	 1.9
1	2020	365	10464	-10.0	 -1.6	0.123	 2.1	 0.0
1	2020	366	10397	 -8.7	  2.1	0.154	 2.6	 0.0
