*------------------------------------------------------------*
*   Country: China
*   Station: 114.1_34.1
*      Year: 2021
*    Origin: AgERA5 dataset
*    Author: Huang Hai, CAU
* Longitude: 114.10 E
*  Latitude: 34.10 N
* Elevation: 63.00 m
*   Columns: 
*   ======== 
*  station number
*  year
*  day
*  irradiation (kJ路m-2路d-1)
*  minimum temperature (degrees Celsius)
*  maximum temperature (degrees Celsius)
*  vapour pressure (kPa)
*  mean wind speed (m路s-1)
*  precipitation (mm路d-1)
** WCCDESCRIPTION=114.1_34.1, China
** WCCFORMAT=2
** WCCYEARNR=2021
*------------------------------------------------------------*
114.10  34.10  63.00  -0.18  -0.55
1	2021	  1	10648	 -4.4	  8.0	0.309	 3.2	 0.0
1	2021	  2	 8712	 -4.4	  8.6	0.489	 1.7	 0.0
1	2021	  3	 7418	 -2.8	  5.6	0.439	 2.5	 0.0
1	2021	  4	 7898	 -4.7	  6.4	0.424	 2.4	 0.0
1	2021	  5	 6865	 -4.0	  3.0	0.362	 2.9	 0.0
1	2021	  6	10139	 -5.8	  4.1	0.275	 3.2	 0.0
1	2021	  7	11275	-10.3	 -2.6	0.098	 2.6	 0.0
1	2021	  8	11443	 -6.8	  1.9	0.118	 3.9	 0.0
1	2021	  9	11415	 -6.4	  3.7	0.162	 2.1	 0.0
1	2021	 10	 8784	 -5.2	  4.2	0.210	 2.4	 0.0
1	2021	 11	11469	 -2.2	  5.4	0.181	 4.6	 0.0
1	2021	 12	11434	 -2.3	 12.2	0.279	 4.8	 0.0
1	2021	 13	11515	  1.5	 16.0	0.383	 3.4	 0.0
1	2021	 14	11469	  1.3	 15.9	0.522	 3.5	 0.0
1	2021	 15	 9678	  1.0	 10.2	0.353	 3.0	 0.0
1	2021	 16	 9047	 -3.1	  5.3	0.381	 1.9	 0.0
1	2021	 17	12279	 -3.4	  7.7	0.202	 3.9	 0.0
1	2021	 18	12096	 -2.2	 12.6	0.384	 2.5	 0.0
1	2021	 19	11821	 -0.1	 11.5	0.474	 2.4	 0.0
1	2021	 20	 7042	 -2.7	  7.3	0.456	 1.8	 0.0
1	2021	 21	 8764	 -1.6	  9.8	0.521	 1.1	 0.0
1	2021	 22	 9766	 -1.8	  9.2	0.512	 2.7	 0.0
1	2021	 23	10290	  1.4	  9.0	0.535	 2.0	 0.0
1	2021	 24	 5674	 -2.0	  7.8	0.622	 2.4	 1.6
1	2021	 25	 5184	  0.1	  7.9	0.648	 2.6	 1.7
1	2021	 26	12440	 -1.8	 11.1	0.568	 2.3	 0.0
1	2021	 27	 9531	 -2.0	 10.6	0.634	 2.4	 0.0
1	2021	 28	13557	 -0.5	  8.8	0.226	 4.2	 0.0
1	2021	 29	12466	 -1.8	 12.8	0.491	 3.2	 0.0
1	2021	 30	12410	 -1.4	 14.9	0.453	 2.2	 0.0
1	2021	 31	12829	 -0.2	 15.5	0.414	 2.7	 0.0
1	2021	 32	13289	  0.9	 15.6	0.431	 2.9	 0.0
1	2021	 33	13625	 -1.4	  9.4	0.383	 2.3	 0.0
1	2021	 34	13597	  0.6	 16.1	0.453	 2.9	 0.0
1	2021	 35	13028	 -2.2	 12.3	0.497	 2.1	 0.0
1	2021	 36	13959	  4.5	 17.4	0.478	 3.6	 0.0
1	2021	 37	13105	  3.9	 19.2	0.665	 3.3	 0.0
1	2021	 38	13015	  2.4	 11.1	0.502	 4.9	 0.0
1	2021	 39	12647	  0.9	  9.8	0.365	 2.5	 0.0
1	2021	 40	14099	 -0.8	 12.5	0.542	 2.3	 0.0
1	2021	 41	14147	  1.7	 15.7	0.744	 1.8	 0.0
1	2021	 42	14675	  0.3	 16.1	0.726	 2.0	 0.0
1	2021	 43	14064	  4.9	 18.1	0.982	 2.4	 0.0
1	2021	 44	 7727	  7.7	 16.4	1.083	 1.8	 1.0
1	2021	 45	15086	  5.9	 18.4	0.971	 2.7	 6.9
1	2021	 46	 8779	  4.5	  9.3	0.631	 3.6	 0.0
1	2021	 47	15841	  2.3	 14.7	0.505	 3.4	 0.0
1	2021	 48	15930	 -1.5	 10.6	0.423	 1.8	 0.0
1	2021	 49	15422	 -0.6	 14.5	0.588	 2.8	 0.0
1	2021	 50	16246	  6.2	 22.1	0.535	 4.2	 0.0
1	2021	 51	16836	  6.7	 23.7	0.554	 4.5	 0.0
1	2021	 52	16441	 10.9	 26.5	0.649	 4.0	 0.0
1	2021	 53	16712	  7.9	 18.1	0.493	 4.8	 0.0
1	2021	 54	15263	  5.3	 13.4	0.456	 4.1	 0.0
1	2021	 55	 4118	  1.1	 10.4	0.604	 4.8	11.3
1	2021	 56	 4077	  0.4	  4.6	0.662	 5.0	10.3
1	2021	 57	11197	  3.0	 10.5	0.687	 3.5	 1.7
1	2021	 58	11368	  4.8	 11.1	0.760	 1.9	 0.0
1	2021	 59	 1215	  6.8	  8.5	1.005	 2.3	14.5
1	2021	 60	12323	  0.7	  8.9	0.681	 4.8	 1.8
1	2021	 61	17859	 -1.3	 12.4	0.704	 2.8	 0.0
1	2021	 62	17402	  4.2	 15.2	0.744	 3.3	 0.0
1	2021	 63	18153	  4.5	 18.1	0.955	 3.1	 0.0
1	2021	 64	12460	  7.6	 17.8	0.984	 2.8	 0.0
1	2021	 65	 6990	  1.7	 12.2	0.465	 5.7	 0.3
1	2021	 66	16850	 -1.3	  9.6	0.552	 1.4	 0.0
1	2021	 67	 8932	  2.1	  9.9	0.744	 1.5	 0.9
1	2021	 68	12452	  2.3	 12.3	0.869	 1.8	 0.0
1	2021	 69	 6318	  5.7	 12.5	0.957	 1.8	 2.0
1	2021	 70	 7819	  5.3	 13.7	1.014	 1.8	 3.2
1	2021	 71	13686	  3.0	 15.1	0.977	 2.5	 0.0
1	2021	 72	10385	  7.6	 14.6	0.996	 1.6	 0.6
1	2021	 73	11911	  8.6	 17.5	1.176	 3.3	 0.1
1	2021	 74	13334	 12.5	 21.3	1.451	 3.0	 2.7
1	2021	 75	20812	  7.1	 15.6	0.544	 3.9	 0.1
1	2021	 76	14919	  6.1	 15.1	0.640	 2.4	 0.0
1	2021	 77	 2783	  7.3	 11.3	0.792	 3.5	 2.9
1	2021	 78	 5388	  5.4	 10.2	0.792	 2.7	 6.1
1	2021	 79	15448	  1.3	 14.9	0.891	 1.8	 0.0
1	2021	 80	21445	  4.7	 13.7	0.556	 2.7	 0.0
1	2021	 81	22355	  1.8	 17.0	0.468	 3.1	 0.0
1	2021	 82	17409	  6.7	 18.9	0.787	 4.7	 0.0
1	2021	 83	21054	  7.7	 21.4	1.076	 2.7	 0.0
1	2021	 84	21491	  7.7	 21.9	1.060	 2.9	 0.0
1	2021	 85	 4244	 11.4	 16.2	1.290	 1.4	 6.7
1	2021	 86	16929	  8.6	 20.4	1.415	 2.3	 0.4
1	2021	 87	22123	 11.9	 25.3	1.508	 3.2	 0.0
1	2021	 88	12648	 11.7	 19.1	1.165	 3.5	 0.1
1	2021	 89	20369	  8.0	 20.9	0.866	 2.9	 0.0
1	2021	 90	 7124	  9.7	 15.4	1.009	 3.8	 5.7
1	2021	 91	 4698	 10.7	 14.6	1.044	 3.0	 1.1
1	2021	 92	 2990	  9.1	 13.7	0.984	 3.6	 3.4
1	2021	 93	 6981	  8.4	 13.6	1.015	 4.9	 0.2
1	2021	 94	22212	  3.1	 16.1	0.676	 2.3	 0.0
1	2021	 95	10408	  4.2	 15.4	0.790	 1.8	 0.0
1	2021	 96	19491	  3.9	 18.1	0.964	 1.1	 0.0
1	2021	 97	10081	  9.0	 17.0	1.106	 1.5	 0.0
1	2021	 98	22490	  5.8	 20.3	1.040	 1.8	 0.0
1	2021	 99	19444	  5.8	 19.8	0.961	 2.8	 0.0
1	2021	100	22024	  7.7	 20.4	0.806	 3.0	 0.0
1	2021	101	 7035	  9.4	 17.0	1.144	 1.9	 0.0
1	2021	102	21733	  8.5	 23.5	1.269	 2.0	 0.0
1	2021	103	18186	 12.8	 18.5	0.909	 4.0	 0.0
1	2021	104	17301	  9.2	 19.1	0.992	 2.3	 0.0
1	2021	105	23024	 10.7	 24.6	1.133	 3.7	 0.1
1	2021	106	23291	 10.6	 23.0	0.575	 3.7	 0.0
1	2021	107	26103	  7.8	 21.5	0.443	 2.4	 0.0
1	2021	108	22991	  8.8	 22.6	0.691	 4.0	 0.0
1	2021	109	25016	  9.5	 24.8	0.931	 2.9	 0.1
1	2021	110	 3260	 13.8	 18.0	1.462	 2.5	19.1
1	2021	111	 3591	 12.2	 14.3	1.373	 3.3	 4.7
1	2021	112	16867	 11.8	 21.0	1.369	 2.6	 1.6
1	2021	113	20434	  9.6	 21.8	1.344	 3.2	 1.3
1	2021	114	 5614	 10.8	 16.7	1.276	 4.4	14.2
1	2021	115	 5525	 12.7	 16.1	1.229	 3.6	 0.1
1	2021	116	13869	 10.7	 19.5	1.325	 1.7	 0.4
1	2021	117	24715	 11.4	 24.5	1.130	 2.5	 0.0
1	2021	118	25370	 13.8	 24.3	0.876	 3.6	 0.0
1	2021	119	24971	 14.4	 29.3	0.886	 5.3	 0.0
1	2021	120	25331	 13.1	 30.5	0.876	 4.4	 0.0
1	2021	121	26428	  9.8	 26.1	1.003	 3.0	 0.0
1	2021	122	20000	 14.1	 22.2	0.725	 4.2	 0.1
1	2021	123	 9180	 12.7	 17.6	1.197	 1.7	15.6
1	2021	124	24031	 10.7	 26.3	1.043	 2.9	 0.0
1	2021	125	26376	 10.2	 27.1	0.782	 3.1	 0.0
1	2021	126	24205	 16.0	 29.8	1.467	 5.6	 0.0
1	2021	127	24539	 17.0	 26.5	0.786	 3.3	 0.0
1	2021	128	26227	 15.3	 32.9	1.480	 3.9	 0.0
1	2021	129	25889	 17.9	 32.5	2.076	 2.5	 0.0
1	2021	130	25024	 19.1	 31.9	1.779	 4.2	 0.0
1	2021	131	17195	 18.0	 27.1	1.551	 3.4	 0.1
1	2021	132	22990	 14.9	 29.5	1.808	 2.1	 0.0
1	2021	133	13274	 17.5	 26.7	2.025	 2.5	 0.9
1	2021	134	10868	 18.7	 26.0	2.250	 2.6	 4.0
1	2021	135	 5992	 18.0	 22.9	2.211	 4.0	20.4
1	2021	136	 7449	 12.5	 17.9	1.211	 4.8	 2.9
1	2021	137	19592	 10.7	 22.7	1.361	 2.0	 0.0
1	2021	138	26396	 11.5	 26.2	1.597	 2.7	 0.0
1	2021	139	 9857	 15.0	 22.9	1.768	 2.5	 0.0
1	2021	140	23921	 14.7	 28.6	1.812	 3.1	 0.2
1	2021	141	23495	 16.6	 29.4	2.046	 2.8	 0.0
1	2021	142	26885	 17.5	 30.6	1.798	 2.6	 0.2
1	2021	143	11799	 18.4	 25.0	1.454	 3.7	 0.5
1	2021	144	28243	 13.8	 31.6	1.173	 4.0	 0.0
1	2021	145	19657	 18.7	 28.1	1.286	 4.2	 0.0
1	2021	146	21465	 19.3	 30.3	1.664	 4.4	 0.0
1	2021	147	25000	 14.5	 33.1	1.459	 4.9	 0.0
1	2021	148	28913	 21.5	 31.6	1.098	 3.2	 0.0
1	2021	149	24858	 19.9	 34.7	1.910	 3.5	 0.0
1	2021	150	27538	 19.1	 33.4	1.920	 2.0	 0.0
1	2021	151	26914	 20.9	 34.9	1.914	 2.9	 0.0
1	2021	152	22774	 22.5	 33.3	2.024	 2.6	 0.2
1	2021	153	25740	 21.9	 36.1	2.046	 2.0	 1.8
1	2021	154	10040	 20.5	 28.1	1.719	 2.1	 5.0
1	2021	155	29480	 17.0	 34.5	0.983	 4.0	 0.0
1	2021	156	28516	 20.7	 38.2	1.198	 4.2	 0.1
1	2021	157	27414	 22.3	 38.3	1.840	 3.9	 0.0
1	2021	158	26042	 26.2	 39.5	1.497	 4.6	 0.0
1	2021	159	26093	 23.9	 37.4	1.714	 2.0	 0.0
1	2021	160	15611	 25.3	 35.4	1.827	 2.1	 0.0
1	2021	161	23447	 23.9	 34.2	1.917	 2.1	 0.0
1	2021	162	24514	 23.9	 36.1	1.907	 2.4	 0.0
1	2021	163	19574	 25.9	 35.5	2.489	 2.9	 1.8
1	2021	164	 9771	 23.3	 28.6	2.880	 3.3	12.5
1	2021	165	13916	 24.1	 33.3	3.221	 2.1	28.4
1	2021	166	15527	 24.5	 31.8	2.794	 3.6	 7.7
1	2021	167	 8140	 23.9	 27.7	2.550	 2.2	 4.1
1	2021	168	 8177	 22.0	 27.3	2.329	 2.7	 6.2
1	2021	169	 9438	 17.6	 23.8	1.775	 3.0	 0.5
1	2021	170	20229	 15.9	 30.0	2.041	 2.3	 0.0
1	2021	171	25773	 18.6	 31.4	1.953	 2.7	 0.0
1	2021	172	27625	 19.6	 32.6	1.905	 2.7	 0.0
1	2021	173	28414	 19.7	 33.4	1.900	 2.3	 0.0
1	2021	174	21896	 20.5	 34.0	1.814	 2.3	 0.0
1	2021	175	25988	 20.9	 34.3	1.997	 2.3	 0.0
1	2021	176	 9178	 23.6	 28.6	2.509	 1.8	 2.4
1	2021	177	20937	 21.7	 33.1	2.665	 2.8	 0.1
1	2021	178	22725	 22.9	 34.2	2.709	 2.0	 0.1
1	2021	179	26065	 23.1	 35.6	2.620	 2.1	 0.0
1	2021	180	24190	 24.7	 36.2	2.469	 2.1	 0.1
1	2021	181	25453	 26.0	 37.3	2.426	 2.9	 0.0
1	2021	182	20725	 24.7	 35.7	2.328	 2.5	 0.3
1	2021	183	19207	 23.9	 34.3	2.398	 3.2	 4.3
1	2021	184	21548	 22.7	 32.6	2.433	 2.1	 1.7
1	2021	185	24573	 23.7	 34.1	2.428	 3.4	 0.0
1	2021	186	20981	 22.2	 31.8	2.283	 2.1	 0.4
1	2021	187	16450	 22.6	 31.3	2.646	 1.8	 0.1
1	2021	188	15005	 23.3	 31.8	2.724	 2.0	 0.2
1	2021	189	25072	 22.5	 35.7	2.708	 2.5	 0.5
1	2021	190	26675	 24.2	 36.9	2.929	 3.3	 0.1
1	2021	191	18986	 26.2	 35.6	3.146	 3.8	 0.0
1	2021	192	 7352	 28.2	 31.7	3.038	 5.8	 2.7
1	2021	193	22480	 28.2	 36.1	2.983	 5.3	 2.1
1	2021	194	25640	 26.6	 37.3	2.938	 4.4	 0.3
1	2021	195	23723	 26.8	 37.2	3.043	 3.2	12.9
1	2021	196	16188	 24.7	 31.9	2.947	 2.4	28.6
1	2021	197	12545	 24.9	 31.1	3.117	 1.0	26.0
1	2021	198	19219	 24.3	 30.3	2.917	 3.0	 0.7
1	2021	199	 8764	 23.7	 28.7	2.946	 3.1	11.1
1	2021	200	 9294	 23.6	 29.0	3.017	 3.9	26.1
1	2021	201	 6837	 23.6	 28.0	3.034	 3.8	55.1
1	2021	202	 5225	 23.8	 29.2	3.061	 3.1	77.5
1	2021	203	19061	 24.3	 29.6	2.875	 3.8	 0.9
1	2021	204	11016	 23.2	 28.6	3.005	 2.9	 5.3
1	2021	205	22299	 23.9	 31.0	2.949	 2.1	 0.3
1	2021	206	23097	 22.7	 31.4	2.903	 1.2	 0.0
1	2021	207	25252	 22.9	 32.1	2.937	 1.7	 0.0
1	2021	208	13932	 24.3	 30.1	3.036	 3.5	 1.4
1	2021	209	11198	 22.8	 26.4	2.681	 6.7	20.0
1	2021	210	20681	 22.7	 28.9	2.476	 4.3	13.2
1	2021	211	24522	 21.6	 32.9	3.033	 2.4	 0.0
1	2021	212	25237	 24.9	 34.1	3.430	 2.6	 0.0
1	2021	213	20212	 25.8	 33.9	3.170	 2.3	 4.5
1	2021	214	23247	 24.3	 30.9	2.673	 3.1	 0.2
1	2021	215	24932	 22.5	 31.5	2.771	 2.2	 0.0
1	2021	216	24095	 23.3	 32.2	3.032	 1.4	 0.0
1	2021	217	18898	 25.0	 32.1	3.075	 1.7	 2.2
1	2021	218	21645	 23.5	 31.9	3.076	 1.7	 0.5
1	2021	219	20911	 24.6	 32.3	3.028	 1.5	 0.0
1	2021	220	19853	 23.5	 31.7	2.994	 1.4	 0.3
1	2021	221	22126	 23.7	 30.9	2.703	 2.4	 0.1
1	2021	222	17753	 20.7	 30.2	2.674	 1.5	 0.0
1	2021	223	16392	 22.4	 30.5	2.815	 2.4	 0.1
1	2021	224	 9193	 24.2	 28.9	2.969	 2.4	 3.8
1	2021	225	 6589	 20.3	 25.3	2.553	 1.5	14.9
1	2021	226	19402	 19.7	 28.2	2.538	 1.9	 0.5
1	2021	227	19191	 20.6	 28.7	2.564	 1.9	 0.4
1	2021	228	18724	 22.3	 29.5	2.849	 1.6	 0.6
1	2021	229	21433	 21.7	 30.3	2.778	 1.7	 0.1
1	2021	230	19865	 22.0	 30.6	2.789	 1.7	 0.5
1	2021	231	19315	 23.0	 31.0	2.947	 2.8	 1.8
1	2021	232	14772	 22.2	 29.5	2.729	 2.8	18.1
1	2021	233	21230	 19.8	 30.0	2.703	 1.8	 0.0
1	2021	234	 4537	 22.0	 27.0	2.829	 3.0	95.8
1	2021	235	11953	 21.0	 27.2	2.417	 2.9	 2.1
1	2021	236	19921	 21.4	 30.7	2.263	 2.6	 0.0
1	2021	237	20323	 19.9	 29.8	1.992	 2.8	 0.0
1	2021	238	 6851	 18.9	 24.4	1.995	 3.4	 5.3
1	2021	239	 7226	 16.6	 21.8	2.099	 1.5	 0.7
1	2021	240	 7926	 16.8	 23.4	2.295	 1.4	 5.9
1	2021	241	 2894	 20.4	 23.5	2.514	 2.6	49.1
1	2021	242	 4278	 20.2	 24.0	2.577	 2.9	27.8
1	2021	243	10639	 20.9	 25.4	2.472	 4.2	 3.9
1	2021	244	 5088	 19.1	 21.2	2.236	 2.8	11.5
1	2021	245	20616	 17.8	 27.9	2.310	 1.4	 0.0
1	2021	246	18807	 18.3	 28.1	2.519	 2.3	 2.2
1	2021	247	 2526	 19.9	 23.8	2.402	 3.4	45.3
1	2021	248	14846	 18.0	 25.4	2.202	 3.8	 0.5
1	2021	249	 4930	 19.7	 23.8	2.359	 2.9	 4.4
1	2021	250	16714	 19.3	 25.8	2.220	 1.7	 0.0
1	2021	251	21681	 17.6	 28.1	2.220	 2.5	 0.0
1	2021	252	21646	 19.1	 30.1	2.486	 3.0	 0.0
1	2021	253	21788	 20.1	 30.9	2.668	 2.1	 0.0
1	2021	254	22063	 20.3	 31.4	2.422	 2.1	 0.0
1	2021	255	21176	 20.6	 30.4	2.460	 2.2	 0.0
1	2021	256	21075	 19.7	 28.9	2.308	 2.3	 0.0
1	2021	257	21294	 18.2	 29.3	2.266	 1.8	 0.0
1	2021	258	17246	 20.3	 28.9	2.383	 1.7	 0.3
1	2021	259	17615	 19.3	 29.2	2.143	 2.6	 0.0
1	2021	260	 3623	 20.6	 22.5	2.185	 3.2	 0.6
1	2021	261	 6475	 20.0	 23.9	2.468	 3.7	11.7
1	2021	262	 3218	 16.0	 22.2	1.935	 4.5	24.9
1	2021	263	19030	 16.0	 26.7	2.033	 2.9	 0.0
1	2021	264	20655	 19.6	 30.2	2.174	 3.3	 0.0
1	2021	265	19040	 19.7	 30.5	2.433	 1.7	 0.0
1	2021	266	18498	 19.6	 30.7	2.234	 2.2	 0.0
1	2021	267	 2974	 21.1	 25.4	2.383	 2.0	35.0
1	2021	268	 3848	 20.0	 22.8	2.304	 4.2	28.4
1	2021	269	 2952	 18.9	 21.0	2.071	 3.9	 1.6
1	2021	270	 9232	 18.8	 23.6	2.123	 2.8	 0.5
1	2021	271	 3063	 15.9	 21.1	2.011	 2.7	 9.5
1	2021	272	18080	 13.1	 26.1	1.931	 1.7	 0.0
1	2021	273	19058	 16.3	 27.5	1.965	 3.2	 0.0
1	2021	274	17412	 18.6	 28.0	2.327	 2.1	 0.0
1	2021	275	17669	 17.8	 29.9	2.326	 2.8	 0.0
1	2021	276	14751	 23.0	 31.6	2.603	 3.4	 0.0
1	2021	277	 9108	 14.9	 26.8	1.886	 6.3	 0.3
1	2021	278	 3099	 12.3	 15.0	1.299	 6.2	 1.3
1	2021	279	 2552	 11.2	 13.2	1.298	 5.4	 3.2
1	2021	280	 1859	 10.6	 12.7	1.294	 3.6	 4.1
1	2021	281	 2515	 12.3	 14.8	1.418	 2.9	 1.0
1	2021	282	 5329	 13.3	 18.6	1.610	 2.6	 0.3
1	2021	283	 3225	 15.0	 17.2	1.170	 4.2	 0.0
1	2021	284	 6745	 12.7	 16.9	0.932	 2.9	 0.0
1	2021	285	14717	 13.2	 19.8	1.071	 2.8	 0.1
1	2021	286	16353	 11.9	 21.6	1.132	 2.2	 0.0
1	2021	287	 9828	 13.4	 21.6	1.428	 3.0	 1.1
1	2021	288	 2223	 14.6	 17.1	1.660	 2.4	 2.7
1	2021	289	12852	  7.6	 15.7	0.724	 4.6	 0.3
1	2021	290	16537	  4.0	 14.6	0.662	 1.8	 0.0
1	2021	291	15832	  8.6	 18.6	0.986	 2.9	 0.0
1	2021	292	 7365	  9.9	 16.0	1.124	 3.6	 1.0
1	2021	293	 5778	  8.9	 13.5	1.119	 2.1	 4.2
1	2021	294	13411	  6.9	 17.6	1.118	 2.2	 0.1
1	2021	295	14794	  5.5	 18.6	1.065	 1.4	 0.0
1	2021	296	13209	  5.6	 18.1	0.986	 1.2	 0.0
1	2021	297	14590	  6.7	 18.6	0.994	 1.4	 0.4
1	2021	298	13723	  6.2	 19.7	1.048	 2.2	 0.0
1	2021	299	 9798	  8.3	 19.9	1.263	 1.8	 0.0
1	2021	300	12024	  9.9	 19.8	1.183	 2.5	 0.0
1	2021	301	12304	  9.2	 20.6	1.152	 1.3	 0.0
1	2021	302	11125	  9.2	 21.3	1.257	 2.2	 0.0
1	2021	303	13907	  9.7	 22.4	1.372	 2.1	 0.0
1	2021	304	 9603	 10.2	 20.4	1.319	 2.4	 0.0
1	2021	305	 8762	  9.9	 17.5	1.103	 3.4	 0.0
1	2021	306	 9591	 10.7	 18.8	1.340	 1.6	 0.2
1	2021	307	10931	  9.5	 20.1	1.231	 1.8	 0.0
1	2021	308	 9526	  9.3	 20.8	1.319	 2.1	 0.1
1	2021	309	 5772	 14.1	 20.4	1.467	 1.9	 0.0
1	2021	310	 4733	 10.1	 18.7	1.465	 3.8	 4.3
1	2021	311	 5040	  3.1	  9.8	0.530	 6.5	11.9
1	2021	312	13604	  0.0	 10.5	0.394	 3.4	 0.0
1	2021	313	13238	  2.7	 13.4	0.419	 4.7	 0.0
1	2021	314	12840	  5.4	 14.7	0.520	 3.2	 0.0
1	2021	315	12449	  5.7	 15.1	0.582	 2.2	 0.0
1	2021	316	12342	  5.4	 15.6	0.537	 2.8	 0.0
1	2021	317	12625	  4.7	 17.9	0.481	 3.2	 0.0
1	2021	318	12547	  3.7	 17.5	0.603	 2.2	 0.0
1	2021	319	11366	  6.2	 17.4	0.769	 2.6	 0.0
1	2021	320	11010	  6.0	 15.7	0.852	 2.9	 0.0
1	2021	321	 8865	  8.0	 18.4	0.909	 2.4	 0.0
1	2021	322	11608	  8.0	 19.2	0.921	 3.5	 0.0
1	2021	323	 9443	  7.6	 18.0	1.067	 2.3	 0.0
1	2021	324	 4263	  8.2	 13.3	0.890	 3.7	 0.2
1	2021	325	 6503	  4.5	 13.8	0.536	 4.4	 0.0
1	2021	326	11939	 -0.2	  7.8	0.238	 2.5	 0.0
1	2021	327	11595	 -2.8	 12.3	0.374	 2.8	 0.0
1	2021	328	11395	  4.1	 17.1	0.436	 4.1	 0.0
1	2021	329	11244	  1.9	 15.9	0.472	 1.9	 0.0
1	2021	330	10900	  2.0	 15.3	0.608	 2.4	 0.0
1	2021	331	 9942	  1.6	 14.2	0.691	 2.1	 0.0
1	2021	332	 8440	  4.4	 13.6	0.872	 1.8	 0.0
1	2021	333	 5444	  2.5	 13.8	0.721	 4.0	 0.7
1	2021	334	10993	  0.2	 10.2	0.341	 3.7	 0.0
1	2021	335	10817	 -2.9	  9.8	0.354	 2.0	 0.0
1	2021	336	10761	  0.2	 12.7	0.332	 4.3	 0.0
1	2021	337	10594	  1.0	 13.7	0.353	 1.9	 0.0
1	2021	338	10533	 -0.8	 15.0	0.461	 2.0	 0.0
1	2021	339	10351	  0.8	 15.3	0.554	 2.1	 0.0
1	2021	340	10296	  2.3	 13.8	0.468	 4.1	 0.0
1	2021	341	 9428	  2.3	 10.4	0.550	 2.8	 0.0
1	2021	342	 4840	  3.1	  9.8	0.668	 1.5	 0.0
1	2021	343	 9809	  0.8	 13.6	0.730	 2.3	 0.0
1	2021	344	 6885	  1.1	 13.0	0.862	 2.2	 1.4
1	2021	345	 6171	  6.2	 11.7	0.945	 2.2	 3.5
1	2021	346	 7590	  0.8	  8.8	0.565	 3.3	 0.0
1	2021	347	 9575	 -2.5	  9.7	0.539	 2.6	 0.0
1	2021	348	 9761	  2.9	 13.3	0.783	 3.2	 0.0
1	2021	349	 7405	  1.3	 12.6	0.772	 1.5	 0.0
1	2021	350	 7461	  1.4	 12.6	0.510	 2.9	 0.0
1	2021	351	 9510	 -2.7	  4.6	0.239	 3.4	 0.0
1	2021	352	 8856	 -3.1	  9.9	0.311	 3.5	 0.0
1	2021	353	 9965	 -0.1	 13.5	0.443	 3.6	 0.0
1	2021	354	 9957	  3.0	 15.6	0.449	 3.7	 0.0
1	2021	355	10108	  0.0	 14.5	0.418	 1.8	 0.0
1	2021	356	 9881	 -0.6	 12.2	0.585	 2.8	 0.0
1	2021	357	 8892	 -0.5	  9.8	0.630	 3.7	 0.0
1	2021	358	 4852	 -3.4	  4.4	0.468	 5.7	 1.5
1	2021	359	 9033	 -6.4	 -1.0	0.216	 3.7	 0.0
1	2021	360	10222	 -7.6	  0.7	0.232	 1.5	 0.0
1	2021	361	10406	 -7.1	  4.5	0.262	 2.4	 0.0
1	2021	362	10042	 -3.5	  8.2	0.338	 3.5	 0.0
1	2021	363	10428	 -1.7	  8.8	0.257	 3.4	 0.0
1	2021	364	 9719	 -3.6	  9.7	0.287	 2.5	 0.0
1	2021	365	 6774	 -2.7	  8.5	0.359	 1.6	 0.0
