*------------------------------------------------------------*
*   Country: China
*   Station: 114.9_33.1
*      Year: 2020
*    Origin: AgERA5 dataset
*    Author: Huang Hai, CAU
* Longitude: 114.90 E
*  Latitude: 33.10 N
* Elevation: 40.00 m
*   Columns: 
*   ======== 
*  station number
*  year
*  day
*  irradiation (kJ路m-2路d-1)
*  minimum temperature (degrees Celsius)
*  maximum temperature (degrees Celsius)
*  vapour pressure (kPa)
*  mean wind speed (m路s-1)
*  precipitation (mm路d-1)
** WCCDESCRIPTION=114.9_33.1, China
** WCCFORMAT=2
** WCCYEARNR=2020
*------------------------------------------------------------*
114.90  33.10  40.00  -0.18  -0.55
1	2020	  1	 3216	 -4.0	  4.1	0.463	 1.5	 1.1
1	2020	  2	 1646	  2.2	  5.0	0.641	 1.6	 0.1
1	2020	  3	 4471	  4.0	  8.9	0.657	 1.1	 0.0
1	2020	  4	 8793	  1.4	 12.1	0.794	 1.8	 0.1
1	2020	  5	   82	  5.9	  8.0	0.897	 3.6	18.8
1	2020	  6	   18	  2.5	  5.8	0.733	 3.8	27.3
1	2020	  7	 2963	 -0.1	  3.2	0.648	 4.3	14.2
1	2020	  8	 5082	 -2.0	  4.0	0.567	 1.4	 0.2
1	2020	  9	 2945	  0.8	  4.5	0.627	 1.9	 0.5
1	2020	 10	 3342	  1.3	  5.4	0.687	 1.9	 1.0
1	2020	 11	 6171	 -0.1	  6.7	0.658	 1.6	 0.0
1	2020	 12	 7368	 -3.5	  7.4	0.636	 1.3	 0.6
1	2020	 13	 5377	  0.2	  7.2	0.680	 1.9	 0.6
1	2020	 14	11795	 -4.5	  5.2	0.439	 2.2	 0.0
1	2020	 15	 2594	 -2.4	  2.1	0.481	 3.2	 1.3
1	2020	 16	 3656	 -0.7	  3.0	0.583	 2.6	 1.0
1	2020	 17	 9062	 -2.8	  6.0	0.607	 1.5	 0.0
1	2020	 18	10006	 -3.8	  8.1	0.612	 1.7	 0.0
1	2020	 19	12261	  0.2	  9.1	0.496	 2.6	 0.0
1	2020	 20	10690	 -3.1	  9.8	0.529	 1.9	 0.0
1	2020	 21	 3776	 -1.1	  7.5	0.614	 2.1	 0.1
1	2020	 22	 6743	 -2.2	  7.8	0.690	 1.6	 0.5
1	2020	 23	 3972	  1.3	  9.3	0.821	 2.5	 0.3
1	2020	 24	 3720	  3.9	  7.0	0.739	 3.8	 2.2
1	2020	 25	 6450	  2.1	  7.4	0.578	 3.1	 1.2
1	2020	 26	 3327	  0.7	  3.4	0.604	 3.3	 5.0
1	2020	 27	 6476	  0.1	  5.6	0.610	 2.3	 0.2
1	2020	 28	11402	 -3.0	  9.0	0.588	 1.9	 0.0
1	2020	 29	12925	 -2.0	  9.8	0.608	 2.3	 0.0
1	2020	 30	13241	 -3.6	  9.5	0.568	 1.5	 0.0
1	2020	 31	13487	 -2.1	 12.7	0.596	 2.3	 0.0
1	2020	 32	 9223	  0.2	 12.9	0.611	 2.1	 0.0
1	2020	 33	13264	  0.8	 12.8	0.645	 1.9	 0.0
1	2020	 34	13637	  0.9	 10.5	0.622	 2.6	 0.0
1	2020	 35	13799	 -0.2	 14.0	0.691	 2.4	 0.0
1	2020	 36	 6466	  3.9	  9.9	0.683	 4.0	 0.0
1	2020	 37	 5618	  1.3	  5.6	0.636	 4.0	 1.3
1	2020	 38	 7498	  1.2	  6.9	0.700	 1.2	 0.0
1	2020	 39	 9882	  1.0	  8.9	0.714	 1.3	 0.0
1	2020	 40	14714	  0.5	 14.6	0.710	 3.1	 0.0
1	2020	 41	14651	  4.1	 15.8	0.804	 3.3	 0.0
1	2020	 42	12657	  5.9	 14.6	0.908	 2.4	 0.0
1	2020	 43	14618	  3.5	 16.7	1.033	 2.6	 0.0
1	2020	 44	11541	  6.0	 19.1	1.233	 2.6	 0.1
1	2020	 45	 3430	  4.8	 15.1	1.161	 4.2	 4.5
1	2020	 46	 2996	 -2.3	  4.6	0.559	 4.1	 7.4
1	2020	 47	16444	 -2.9	  6.7	0.362	 2.5	 0.0
1	2020	 48	16603	 -2.9	  9.2	0.392	 2.4	 0.0
1	2020	 49	16567	 -2.5	 12.7	0.475	 2.7	 0.0
1	2020	 50	11153	  1.3	 13.2	0.628	 2.5	 0.0
1	2020	 51	13199	  0.7	 15.0	0.719	 1.9	 0.1
1	2020	 52	16174	  5.3	 14.6	0.739	 2.9	 1.2
1	2020	 53	16908	  2.3	 14.2	0.565	 2.6	 0.0
1	2020	 54	16374	  4.5	 18.4	0.802	 3.3	 0.0
1	2020	 55	 9125	 10.4	 21.5	1.242	 2.5	 4.2
1	2020	 56	10467	  8.2	 14.6	1.067	 3.4	 0.1
1	2020	 57	 5987	  9.9	 12.3	0.986	 3.8	 0.2
1	2020	 58	 4068	  4.6	  9.9	0.686	 3.8	 9.5
1	2020	 59	 9498	  2.5	  8.6	0.786	 1.9	 4.9
1	2020	 60	13775	  2.4	 12.2	0.874	 1.3	 0.0
1	2020	 61	 6986	  4.7	 11.1	0.895	 2.6	 0.1
1	2020	 62	 9811	  1.9	  9.9	0.654	 2.6	 0.0
1	2020	 63	14185	 -0.5	 12.6	0.691	 2.0	 0.0
1	2020	 64	18965	  0.5	 12.8	0.590	 2.6	 0.0
1	2020	 65	17879	  2.6	 14.2	0.648	 3.6	 0.0
1	2020	 66	13672	  3.4	 15.7	0.900	 2.7	 0.0
1	2020	 67	18881	  5.3	 18.0	1.109	 2.2	 0.0
1	2020	 68	14031	  7.9	 18.5	1.139	 3.7	 0.0
1	2020	 69	 3753	  7.1	 13.4	1.109	 3.7	 7.3
1	2020	 70	16868	  2.8	 13.8	0.812	 2.3	 0.0
1	2020	 71	18750	  4.4	 18.1	0.831	 3.0	 0.0
1	2020	 72	16418	  7.8	 18.3	1.014	 2.2	 0.0
1	2020	 73	10594	  4.7	 12.9	0.844	 3.8	 0.1
1	2020	 74	20882	  2.5	 16.5	0.645	 3.1	 0.0
1	2020	 75	21155	  3.8	 19.0	0.634	 2.2	 0.0
1	2020	 76	 9835	  7.6	 16.3	0.937	 2.4	 0.0
1	2020	 77	19880	  9.0	 22.0	0.999	 2.8	 0.0
1	2020	 78	21240	  9.2	 23.9	1.027	 4.1	 0.0
1	2020	 79	22221	  9.3	 18.7	0.552	 2.8	 0.0
1	2020	 80	21197	  7.2	 25.0	1.010	 3.9	 0.0
1	2020	 81	16703	 11.8	 26.9	1.513	 2.1	 0.9
1	2020	 82	18353	 14.0	 20.8	0.899	 3.9	 0.3
1	2020	 83	20372	 10.8	 22.2	0.792	 3.1	 0.0
1	2020	 84	20551	 12.0	 23.5	1.111	 2.9	 0.0
1	2020	 85	 6196	 14.9	 20.7	1.768	 2.2	13.6
1	2020	 86	 3125	  8.7	 18.4	1.482	 4.5	 9.2
1	2020	 87	 6565	  5.7	 11.1	0.638	 4.2	 4.5
1	2020	 88	21957	  3.7	 12.9	0.715	 2.2	 0.1
1	2020	 89	 6016	  4.5	  8.0	0.822	 1.8	 5.3
1	2020	 90	14212	  1.5	 11.1	0.845	 1.6	 0.0
1	2020	 91	 6734	  5.3	 11.1	0.952	 1.3	 0.4
1	2020	 92	 9483	  3.4	 14.5	1.068	 1.6	 0.2
1	2020	 93	12488	  8.5	 15.8	1.097	 2.5	 0.2
1	2020	 94	21295	  5.7	 17.1	0.967	 1.7	 0.0
1	2020	 95	23155	  6.1	 20.1	0.980	 2.3	 0.0
1	2020	 96	22132	  8.6	 18.0	0.855	 3.1	 0.0
1	2020	 97	19829	  8.5	 19.8	0.926	 1.9	 0.0
1	2020	 98	21903	  6.3	 21.4	0.926	 2.4	 0.0
1	2020	 99	23602	  6.7	 23.4	0.984	 2.1	 0.0
1	2020	100	23625	  8.6	 24.6	1.069	 2.9	 0.0
1	2020	101	12416	  7.3	 15.0	0.894	 5.2	 4.0
1	2020	102	11388	  5.1	 13.6	0.815	 3.9	 1.6
1	2020	103	25426	  5.9	 21.4	0.702	 4.1	 0.0
1	2020	104	25079	  3.9	 22.5	0.769	 2.6	 0.0
1	2020	105	20127	 11.6	 23.2	0.914	 3.3	 0.0
1	2020	106	24257	 11.6	 25.6	1.181	 3.6	 0.0
1	2020	107	19411	 14.9	 26.9	1.362	 2.6	 0.8
1	2020	108	17681	 13.9	 24.3	0.923	 2.5	 0.1
1	2020	109	 6330	 11.8	 16.9	1.087	 3.3	 6.5
1	2020	110	17009	 10.5	 19.1	1.210	 3.1	 1.6
1	2020	111	13118	 12.2	 18.6	1.050	 2.9	 0.1
1	2020	112	17660	  9.9	 20.5	1.021	 1.9	 0.0
1	2020	113	23272	 10.2	 19.6	0.831	 3.0	 0.0
1	2020	114	21018	  7.7	 20.8	0.771	 2.0	 0.0
1	2020	115	27123	  8.4	 23.1	0.685	 3.3	 0.0
1	2020	116	26790	 13.0	 28.8	0.753	 3.8	 0.0
1	2020	117	26333	 11.4	 27.1	0.950	 3.2	 0.0
1	2020	118	24438	 13.0	 22.3	0.849	 4.1	 0.0
1	2020	119	27260	  9.1	 25.4	0.742	 2.4	 0.0
1	2020	120	25224	 12.8	 31.2	1.382	 3.5	 0.0
1	2020	121	20488	 19.9	 33.0	1.827	 3.9	 0.0
1	2020	122	24003	 18.8	 30.3	2.079	 3.3	 0.3
1	2020	123	25845	 19.9	 35.1	2.186	 3.0	 0.0
1	2020	124	26325	 22.2	 38.2	1.888	 4.0	 0.0
1	2020	125	22162	 20.8	 34.8	2.124	 3.4	 0.7
1	2020	126	15006	 16.7	 23.2	1.427	 3.6	 1.1
1	2020	127	18624	 15.3	 26.2	1.543	 3.7	 0.4
1	2020	128	 6566	 17.5	 23.0	1.956	 3.3	11.7
1	2020	129	 8140	 17.0	 20.4	1.820	 4.5	 5.3
1	2020	130	17689	 12.3	 21.0	1.439	 2.5	 1.0
1	2020	131	26068	 12.9	 26.5	1.468	 1.9	 0.0
1	2020	132	25065	 14.8	 24.3	1.066	 3.9	 0.0
1	2020	133	28109	 14.9	 29.8	0.997	 2.9	 0.0
1	2020	134	20916	 15.4	 29.6	1.210	 2.8	 0.1
1	2020	135	14003	 18.4	 25.9	1.679	 2.2	 1.1
1	2020	136	26542	 14.9	 30.6	1.699	 2.4	 0.0
1	2020	137	26895	 17.0	 31.9	1.817	 3.4	 0.0
1	2020	138	26484	 19.7	 35.3	2.102	 4.4	 0.9
1	2020	139	28435	 16.2	 27.7	0.834	 3.9	 2.7
1	2020	140	28078	 14.6	 32.0	0.991	 2.2	 0.0
1	2020	141	18164	 18.3	 31.4	1.304	 2.5	 0.2
1	2020	142	26990	 18.3	 32.6	1.382	 1.9	 0.0
1	2020	143	25507	 20.4	 35.2	1.755	 2.0	 0.0
1	2020	144	25705	 22.8	 37.3	1.700	 4.1	 0.0
1	2020	145	21337	 20.8	 32.7	1.354	 2.4	 0.0
1	2020	146	13507	 20.7	 26.8	1.518	 3.0	 0.0
1	2020	147	24908	 17.9	 31.0	1.582	 2.4	 0.0
1	2020	148	27429	 18.3	 34.4	1.176	 2.5	 0.0
1	2020	149	26943	 19.6	 35.5	1.331	 3.1	 0.0
1	2020	150	11230	 22.6	 28.9	1.797	 3.6	 0.0
1	2020	151	18744	 19.2	 29.2	1.785	 2.1	 0.1
1	2020	152	19784	 20.3	 32.7	2.058	 2.1	 0.0
1	2020	153	26187	 20.7	 34.5	1.984	 3.1	 0.0
1	2020	154	18783	 24.2	 34.4	1.680	 2.4	 0.0
1	2020	155	28845	 19.2	 36.6	1.064	 3.1	 0.0
1	2020	156	28081	 22.9	 36.7	1.969	 3.1	 0.0
1	2020	157	23393	 25.0	 37.2	2.164	 2.8	 0.0
1	2020	158	28266	 20.2	 35.2	1.750	 3.0	 0.0
1	2020	159	21371	 22.7	 34.6	1.678	 4.4	 0.0
1	2020	160	23887	 22.9	 34.9	2.022	 3.8	 0.0
1	2020	161	12598	 25.5	 30.4	2.469	 3.3	 3.0
1	2020	162	17705	 22.1	 31.2	2.577	 2.4	 6.8
1	2020	163	18475	 23.3	 32.5	2.727	 1.6	 6.7
1	2020	164	 6608	 22.7	 27.6	2.738	 2.1	16.4
1	2020	165	13229	 21.3	 29.6	2.568	 1.8	 1.1
1	2020	166	19585	 22.7	 32.2	2.768	 1.9	 0.1
1	2020	167	12662	 23.6	 29.9	2.615	 2.0	14.6
1	2020	168	 5495	 19.8	 24.6	2.354	 4.3	34.8
1	2020	169	 4796	 18.1	 21.0	2.087	 3.1	22.6
1	2020	170	14581	 17.8	 25.9	2.152	 2.4	14.4
1	2020	171	17781	 17.5	 27.0	2.211	 1.9	 0.2
1	2020	172	11381	 20.5	 26.3	2.412	 1.8	 1.0
1	2020	173	16970	 18.6	 26.9	2.223	 2.8	 0.6
1	2020	174	 3618	 21.3	 22.5	2.447	 2.9	11.7
1	2020	175	13476	 21.2	 27.5	2.500	 2.3	 0.7
1	2020	176	27143	 20.5	 31.1	2.460	 1.2	 0.0
1	2020	177	26649	 21.7	 32.5	2.625	 2.2	 0.0
1	2020	178	17689	 22.9	 31.6	2.895	 1.9	 0.0
1	2020	179	12564	 24.5	 30.7	3.103	 2.2	 5.3
1	2020	180	 2876	 21.4	 25.8	2.620	 5.4	109.1
1	2020	181	21345	 21.4	 29.2	2.500	 2.7	 0.0
1	2020	182	20865	 22.2	 30.4	2.810	 2.5	 1.9
1	2020	183	17846	 21.7	 28.7	2.622	 1.7	 0.0
1	2020	184	13721	 23.1	 27.5	2.595	 1.7	 1.1
1	2020	185	18030	 20.5	 28.3	2.609	 1.8	 0.5
1	2020	186	20019	 21.7	 29.5	2.712	 2.6	 0.4
1	2020	187	23458	 22.4	 31.1	2.892	 1.7	 0.2
1	2020	188	26610	 24.2	 33.4	3.074	 2.4	 0.0
1	2020	189	25550	 24.4	 34.0	3.055	 1.9	 1.3
1	2020	190	23772	 23.9	 32.1	2.862	 2.9	 0.3
1	2020	191	24181	 22.4	 30.1	2.606	 2.4	 0.0
1	2020	192	22752	 22.1	 30.3	2.659	 3.0	 0.0
1	2020	193	 5124	 21.2	 25.0	2.617	 4.7	35.4
1	2020	194	 6309	 20.6	 23.4	2.371	 3.4	45.3
1	2020	195	18715	 19.9	 27.2	2.447	 2.0	 0.3
1	2020	196	 8263	 21.2	 25.7	2.704	 0.8	12.9
1	2020	197	19003	 21.1	 27.8	2.587	 1.8	 1.4
1	2020	198	23082	 20.0	 28.0	2.466	 2.4	 0.0
1	2020	199	 4573	 21.3	 23.9	2.613	 2.4	26.2
1	2020	200	 9781	 21.7	 27.1	2.617	 2.7	17.8
1	2020	201	15017	 21.7	 27.2	2.530	 2.6	14.4
1	2020	202	25332	 19.3	 30.0	2.581	 1.7	 0.0
1	2020	203	 9707	 21.6	 27.1	2.692	 3.2	14.0
1	2020	204	 6057	 21.3	 26.6	2.731	 3.8	54.3
1	2020	205	17586	 20.6	 28.1	2.647	 1.7	 3.4
1	2020	206	 7636	 19.8	 24.6	2.421	 1.5	 1.8
1	2020	207	22098	 17.6	 28.3	2.554	 1.3	 1.2
1	2020	208	 4618	 21.7	 24.6	2.605	 2.2	20.8
1	2020	209	10811	 21.5	 27.3	2.671	 1.8	 0.3
1	2020	210	16998	 22.1	 29.0	2.872	 1.9	 0.4
1	2020	211	16606	 23.3	 29.6	3.030	 2.1	 0.1
1	2020	212	18763	 24.0	 31.2	3.228	 2.5	17.0
1	2020	213	18552	 24.3	 31.4	3.262	 1.9	15.1
1	2020	214	22458	 25.0	 33.1	3.466	 2.3	 0.5
1	2020	215	15822	 27.2	 33.0	3.525	 2.6	 0.5
1	2020	216	22211	 26.8	 33.6	3.434	 3.0	 0.2
1	2020	217	20856	 26.1	 34.2	3.536	 2.1	 1.0
1	2020	218	21989	 26.2	 34.0	3.647	 2.1	 0.9
1	2020	219	20123	 27.5	 33.3	3.455	 3.3	 0.8
1	2020	220	 7410	 25.0	 30.4	3.324	 2.4	11.5
1	2020	221	 5633	 24.0	 26.7	3.167	 1.0	45.7
1	2020	222	19946	 23.6	 31.3	3.228	 1.3	 0.1
1	2020	223	20478	 24.7	 32.3	3.369	 1.9	 0.5
1	2020	224	21112	 24.2	 31.9	3.300	 2.5	 0.1
1	2020	225	16505	 26.3	 30.9	3.510	 3.6	 7.6
1	2020	226	20257	 27.1	 32.6	3.305	 4.5	 1.1
1	2020	227	20158	 27.4	 32.5	3.220	 4.2	 0.1
1	2020	228	22507	 27.2	 33.2	3.172	 4.0	 0.0
1	2020	229	22894	 26.6	 33.9	3.224	 2.9	 0.0
1	2020	230	23532	 25.6	 34.2	3.207	 2.3	 0.0
1	2020	231	22271	 25.2	 33.2	3.149	 1.6	 0.0
1	2020	232	19228	 25.0	 32.8	3.091	 2.0	 6.8
1	2020	233	 8158	 21.5	 25.9	2.618	 3.6	 5.5
1	2020	234	 3561	 21.8	 23.7	2.684	 3.2	30.1
1	2020	235	 8043	 21.9	 27.2	2.864	 2.4	 2.8
1	2020	236	19732	 23.0	 31.4	3.148	 2.3	 0.7
1	2020	237	15895	 24.8	 30.1	3.061	 2.7	 4.1
1	2020	238	20033	 21.8	 29.0	2.544	 2.4	 0.0
1	2020	239	22335	 23.1	 29.8	2.556	 2.7	 0.4
1	2020	240	23515	 19.2	 29.0	2.363	 1.7	 0.0
1	2020	241	23469	 20.3	 30.4	2.481	 1.9	 0.0
1	2020	242	22770	 20.4	 30.6	2.617	 2.0	 0.0
1	2020	243	19290	 22.0	 30.0	2.806	 1.7	 0.0
1	2020	244	19492	 23.1	 30.6	2.790	 2.2	 0.3
1	2020	245	19700	 21.7	 29.9	2.570	 2.6	 0.2
1	2020	246	22327	 21.2	 29.9	2.216	 2.4	 0.8
1	2020	247	22082	 19.1	 29.9	1.983	 2.2	 0.0
1	2020	248	23214	 19.0	 31.5	1.782	 2.3	 0.0
1	2020	249	21053	 18.5	 31.4	2.066	 1.6	 0.0
1	2020	250	20038	 19.4	 31.2	2.122	 1.7	 0.0
1	2020	251	22284	 18.9	 31.7	2.151	 1.7	 0.0
1	2020	252	20442	 20.8	 32.4	2.205	 1.5	 0.0
1	2020	253	17137	 21.4	 32.1	2.357	 1.6	 0.0
1	2020	254	 8406	 20.2	 25.6	2.343	 0.9	13.2
1	2020	255	20996	 18.0	 28.1	2.108	 2.7	 0.0
1	2020	256	19195	 18.1	 27.3	1.912	 2.6	 0.0
1	2020	257	16694	 18.6	 26.9	2.072	 1.7	 0.2
1	2020	258	15897	 19.4	 27.2	2.253	 1.7	 0.8
1	2020	259	15365	 20.6	 27.6	2.302	 1.7	 1.3
1	2020	260	17853	 19.3	 29.7	2.070	 1.8	 0.0
1	2020	261	13438	 17.9	 26.6	1.760	 1.6	 0.0
1	2020	262	21452	 14.3	 28.3	1.602	 1.8	 0.0
1	2020	263	20565	 18.5	 28.5	1.509	 2.1	 0.0
1	2020	264	14484	 17.8	 26.2	1.809	 1.6	 1.3
1	2020	265	 3953	 18.4	 22.0	1.937	 2.0	 7.6
1	2020	266	 5722	 16.9	 22.3	1.905	 2.0	 5.7
1	2020	267	11050	 18.2	 23.9	1.933	 1.6	 0.5
1	2020	268	17689	 15.1	 26.0	1.878	 1.1	 0.1
1	2020	269	12728	 16.4	 25.8	1.980	 1.6	 0.0
1	2020	270	12795	 17.8	 25.2	2.006	 2.0	 0.8
1	2020	271	16799	 18.0	 25.9	1.781	 2.7	 0.1
1	2020	272	14306	 16.4	 25.9	1.690	 2.2	 0.0
1	2020	273	 8932	 18.2	 25.3	1.818	 1.7	 0.0
1	2020	274	15377	 16.9	 25.5	1.750	 2.5	 0.1
1	2020	275	14633	 17.4	 27.0	1.937	 2.0	 0.1
1	2020	276	 2749	 13.5	 21.7	1.837	 3.7	13.2
1	2020	277	 3285	 13.6	 17.5	1.474	 3.1	 9.3
1	2020	278	 5783	 10.7	 17.0	0.938	 3.3	 0.0
1	2020	279	 5231	 10.0	 15.5	0.878	 2.1	 0.8
1	2020	280	 5305	  7.6	 15.0	0.989	 1.1	 0.0
1	2020	281	11559	 12.4	 19.3	1.078	 1.6	 0.0
1	2020	282	15610	 10.0	 21.7	1.261	 2.1	 0.1
1	2020	283	10501	 14.3	 21.8	1.471	 1.7	 0.0
1	2020	284	11477	 13.2	 23.4	1.549	 1.9	 0.0
1	2020	285	12191	 14.5	 23.4	1.576	 1.8	 0.0
1	2020	286	 6221	 16.7	 20.7	1.619	 3.0	 0.6
1	2020	287	 4251	 15.5	 19.2	1.584	 3.1	 2.9
1	2020	288	 1773	 13.8	 16.5	1.462	 4.3	 2.9
1	2020	289	 3061	 12.5	 16.0	1.521	 2.5	 4.1
1	2020	290	 8791	 12.4	 19.2	1.414	 1.8	 2.4
1	2020	291	13218	  7.3	 18.9	1.029	 1.2	 0.0
1	2020	292	12967	  7.8	 19.1	1.058	 1.4	 0.0
1	2020	293	14656	  7.7	 19.8	1.130	 1.6	 0.0
1	2020	294	 8421	  8.1	 18.9	1.198	 1.4	 0.0
1	2020	295	15759	 10.7	 23.3	1.139	 2.9	 0.0
1	2020	296	15938	  7.1	 21.0	0.846	 1.8	 0.0
1	2020	297	15938	  7.6	 18.4	0.657	 2.7	 0.0
1	2020	298	15735	  6.0	 18.5	0.673	 2.2	 0.0
1	2020	299	13880	  9.1	 20.8	0.959	 1.9	 0.0
1	2020	300	14322	 10.7	 22.3	1.169	 1.4	 0.1
1	2020	301	10796	 11.8	 21.3	1.145	 3.2	 0.0
1	2020	302	 8721	 12.6	 19.0	1.025	 2.7	 0.0
1	2020	303	10945	 10.8	 20.1	1.255	 1.1	 0.1
1	2020	304	11107	 12.4	 20.6	1.292	 2.0	 0.0
1	2020	305	 3345	 14.9	 18.3	1.415	 1.9	 0.1
1	2020	306	11163	 13.4	 22.0	1.108	 2.4	 0.0
1	2020	307	12890	  7.9	 20.7	0.710	 2.6	 0.0
1	2020	308	12716	  6.5	 16.9	0.551	 2.0	 0.0
1	2020	309	13008	  8.7	 18.5	0.639	 2.8	 0.0
1	2020	310	 5462	 11.3	 17.6	0.980	 1.4	 0.0
1	2020	311	12830	 10.5	 21.9	1.077	 2.3	 0.0
1	2020	312	13572	  9.3	 21.9	0.719	 2.7	 0.0
1	2020	313	13297	  6.1	 20.3	0.688	 2.2	 0.0
1	2020	314	11485	  5.2	 19.1	0.697	 1.6	 0.0
1	2020	315	12805	  6.3	 20.5	0.767	 2.5	 0.0
1	2020	316	12111	  9.3	 20.7	0.818	 3.3	 0.0
1	2020	317	12365	  8.4	 21.0	0.997	 1.8	 0.0
1	2020	318	12032	  8.7	 20.2	1.046	 2.4	 0.0
1	2020	319	12149	  8.9	 19.4	1.033	 2.6	 0.0
1	2020	320	11900	  8.2	 19.7	1.178	 1.9	 0.0
1	2020	321	10502	  9.3	 20.6	1.341	 3.0	 0.0
1	2020	322	 3582	 14.6	 19.5	1.785	 3.7	30.2
1	2020	323	 1289	 12.2	 18.8	1.465	 3.1	11.7
1	2020	324	10094	  9.0	 16.3	0.929	 3.2	 0.0
1	2020	325	10894	  6.5	 12.4	0.762	 4.4	 0.0
1	2020	326	  497	  5.8	  8.9	0.866	 4.2	17.6
1	2020	327	 3977	  3.3	  7.3	0.737	 3.7	 0.5
1	2020	328	 2802	  0.0	  5.6	0.630	 2.0	 2.8
1	2020	329	 6240	 -1.4	  5.6	0.619	 1.0	 0.2
1	2020	330	 1395	  0.6	  5.3	0.733	 2.0	 2.4
1	2020	331	 2688	  4.3	  7.7	0.743	 2.3	 0.3
1	2020	332	 8369	  1.4	  9.3	0.702	 2.7	 0.0
1	2020	333	 4547	  1.9	  6.7	0.650	 2.2	 0.0
1	2020	334	 9757	 -1.1	  9.6	0.687	 1.2	 0.0
1	2020	335	 7512	  2.7	  8.8	0.661	 2.3	 0.0
1	2020	336	 3395	  1.5	  6.5	0.627	 3.0	 0.8
1	2020	337	 6699	  0.6	  6.8	0.630	 2.6	 0.0
1	2020	338	 8931	 -0.2	  6.2	0.522	 2.6	 0.0
1	2020	339	10390	 -2.9	  6.5	0.485	 1.4	 0.0
1	2020	340	10314	 -2.0	  7.9	0.462	 1.9	 0.0
1	2020	341	 7894	 -2.7	  9.4	0.614	 1.3	 0.7
1	2020	342	 9262	  2.3	 10.1	0.714	 2.4	 0.8
1	2020	343	 8832	  0.0	  9.1	0.605	 2.2	 0.0
1	2020	344	 3158	  2.9	  9.0	0.766	 1.4	 0.1
1	2020	345	 7651	 -0.9	 10.2	0.676	 1.4	 0.0
1	2020	346	 8898	 -0.4	 10.4	0.619	 2.0	 0.0
1	2020	347	 9186	 -2.3	 11.8	0.594	 1.9	 0.0
1	2020	348	 6869	  0.1	  5.5	0.345	 5.1	 0.1
1	2020	349	 8562	 -4.9	  2.0	0.230	 2.3	 0.0
1	2020	350	10313	 -5.8	  3.7	0.278	 1.8	 0.0
1	2020	351	10215	 -4.7	  5.4	0.322	 1.7	 0.0
1	2020	352	 9061	 -4.1	  6.2	0.371	 1.5	 0.0
1	2020	353	 9588	 -2.3	  7.1	0.395	 2.3	 0.0
1	2020	354	10025	 -4.3	  5.6	0.375	 1.4	 0.0
1	2020	355	10345	 -3.3	  8.3	0.406	 2.3	 0.0
1	2020	356	10401	 -4.4	  9.2	0.394	 2.0	 0.0
1	2020	357	 8688	 -2.3	 10.4	0.452	 2.2	 0.0
1	2020	358	 6216	 -1.1	 11.1	0.538	 2.3	 0.0
1	2020	359	10081	 -3.1	  9.8	0.489	 1.7	 0.0
1	2020	360	 9375	 -3.0	 10.8	0.549	 1.8	 0.0
1	2020	361	 5879	  0.8	 10.1	0.675	 1.6	 0.0
1	2020	362	10136	  0.9	 13.2	0.720	 1.9	 0.0
1	2020	363	 9368	  1.6	 14.0	0.812	 3.1	 2.0
1	2020	364	 3511	 -5.7	  5.5	0.430	 5.3	 8.6
1	2020	365	11143	 -8.2	 -0.9	0.218	 2.5	 0.0
1	2020	366	10959	 -7.6	  1.9	0.210	 2.5	 0.0
