*------------------------------------------------------------*
*   Country: China
*   Station: 114.8_35.3
*      Year: 2021
*    Origin: AgERA5 dataset
*    Author: Huang Hai, CAU
* Longitude: 114.80 E
*  Latitude: 35.30 N
* Elevation: 61.00 m
*   Columns: 
*   ======== 
*  station number
*  year
*  day
*  irradiation (kJ路m-2路d-1)
*  minimum temperature (degrees Celsius)
*  maximum temperature (degrees Celsius)
*  vapour pressure (kPa)
*  mean wind speed (m路s-1)
*  precipitation (mm路d-1)
** WCCDESCRIPTION=114.8_35.3, China
** WCCFORMAT=2
** WCCYEARNR=2021
*------------------------------------------------------------*
114.80  35.30  61.00  -0.18  -0.55
1	2021	  1	10258	 -7.0	  5.5	0.221	 2.3	 0.0
1	2021	  2	 9957	 -5.4	  6.0	0.349	 2.1	 0.0
1	2021	  3	 7449	 -4.2	  3.3	0.336	 2.6	 0.0
1	2021	  4	 9590	 -5.2	  4.2	0.362	 2.7	 0.0
1	2021	  5	 9903	 -4.9	  1.9	0.273	 2.7	 0.0
1	2021	  6	10631	 -9.1	  0.9	0.175	 4.0	 0.0
1	2021	  7	10965	-12.9	 -4.9	0.074	 2.2	 0.0
1	2021	  8	10919	-10.8	  0.7	0.123	 2.4	 0.0
1	2021	  9	10934	 -8.9	  2.7	0.150	 1.9	 0.0
1	2021	 10	10605	 -5.8	  3.7	0.183	 2.5	 0.0
1	2021	 11	10988	 -4.0	  4.2	0.190	 3.3	 0.0
1	2021	 12	10976	 -2.9	 10.5	0.217	 4.7	 0.0
1	2021	 13	11069	 -0.8	 14.2	0.340	 2.5	 0.0
1	2021	 14	11062	 -3.4	 13.7	0.429	 2.4	 0.0
1	2021	 15	 9486	 -2.4	  9.7	0.341	 2.9	 0.0
1	2021	 16	10755	 -4.0	  4.7	0.345	 1.6	 0.0
1	2021	 17	11768	 -5.5	  7.1	0.216	 3.4	 0.0
1	2021	 18	11815	 -4.4	 10.8	0.253	 2.3	 0.0
1	2021	 19	11292	 -3.1	  6.6	0.375	 3.0	 0.0
1	2021	 20	11154	 -4.9	  7.1	0.411	 1.6	 0.0
1	2021	 21	 9763	 -2.5	  8.5	0.488	 1.4	 0.0
1	2021	 22	 9496	 -2.3	  7.9	0.453	 3.2	 0.0
1	2021	 23	11794	 -2.9	  7.7	0.435	 2.0	 0.0
1	2021	 24	 6949	 -2.1	  8.6	0.525	 2.0	 0.3
1	2021	 25	 5723	  1.2	  6.8	0.608	 1.8	 0.4
1	2021	 26	10648	 -3.5	  9.7	0.562	 1.5	 0.0
1	2021	 27	 9377	 -0.3	 11.0	0.535	 3.8	 0.0
1	2021	 28	13121	 -0.9	  6.8	0.165	 3.2	 0.0
1	2021	 29	12834	 -2.6	 13.0	0.296	 3.5	 0.0
1	2021	 30	12295	 -3.1	 13.8	0.330	 2.2	 0.0
1	2021	 31	11560	 -0.7	 13.7	0.315	 2.9	 0.0
1	2021	 32	12997	 -0.2	 13.6	0.288	 3.3	 0.0
1	2021	 33	13459	 -4.8	  8.4	0.271	 2.4	 0.0
1	2021	 34	13429	  0.4	 14.8	0.350	 3.2	 0.0
1	2021	 35	12139	 -3.4	 12.4	0.376	 3.9	 0.0
1	2021	 36	13387	  3.5	 17.7	0.324	 3.7	 0.0
1	2021	 37	13690	  5.2	 20.2	0.284	 3.1	 0.0
1	2021	 38	12154	  2.4	  8.9	0.343	 5.5	 0.0
1	2021	 39	13939	 -2.3	  9.9	0.285	 2.6	 0.0
1	2021	 40	13975	  0.0	 12.3	0.444	 3.6	 0.0
1	2021	 41	14160	  0.1	 15.8	0.660	 2.0	 0.0
1	2021	 42	14431	  1.8	 16.9	0.632	 3.4	 0.0
1	2021	 43	13990	  6.0	 17.7	0.939	 2.8	 0.0
1	2021	 44	 7305	  6.5	 15.9	1.036	 2.5	 2.2
1	2021	 45	12852	  7.2	 16.9	1.086	 2.7	 8.8
1	2021	 46	13009	  1.6	  8.5	0.552	 4.1	 0.3
1	2021	 47	15372	  0.3	 11.0	0.411	 3.4	 0.0
1	2021	 48	15633	 -3.9	  8.2	0.241	 2.0	 0.0
1	2021	 49	14667	 -1.9	 13.4	0.473	 3.7	 0.0
1	2021	 50	16150	  5.2	 22.2	0.359	 4.5	 0.0
1	2021	 51	16475	  5.4	 24.1	0.277	 4.3	 0.0
1	2021	 52	16402	 10.4	 27.5	0.430	 3.5	 0.0
1	2021	 53	15839	  7.8	 15.1	0.465	 5.0	 0.0
1	2021	 54	14043	  5.5	 12.3	0.435	 3.4	 0.0
1	2021	 55	 2343	  0.4	  8.1	0.559	 3.4	20.7
1	2021	 56	 5354	  0.2	  5.5	0.684	 3.8	 6.3
1	2021	 57	13148	  2.3	 10.2	0.620	 3.1	 0.0
1	2021	 58	13641	  1.0	 12.4	0.709	 2.0	 0.0
1	2021	 59	 1290	  6.4	  8.6	0.981	 2.7	14.1
1	2021	 60	12113	  0.3	  7.4	0.655	 4.9	 2.4
1	2021	 61	17775	 -1.4	 12.8	0.712	 3.8	 0.0
1	2021	 62	16449	  5.0	 15.6	0.737	 4.9	 0.0
1	2021	 63	17830	  4.7	 19.0	0.960	 3.4	 0.0
1	2021	 64	15056	  4.8	 19.3	0.924	 4.5	 0.0
1	2021	 65	 3764	  0.4	  4.4	0.415	 5.8	 0.1
1	2021	 66	17708	 -1.6	  9.6	0.488	 1.5	 0.0
1	2021	 67	13239	  1.4	 13.0	0.719	 2.4	 0.0
1	2021	 68	17613	  2.9	 15.9	0.855	 3.0	 0.0
1	2021	 69	 9538	  4.4	 13.1	0.924	 2.3	 0.0
1	2021	 70	 7299	  6.5	 13.3	1.035	 1.6	 3.6
1	2021	 71	16264	  3.7	 16.1	0.966	 2.6	 0.0
1	2021	 72	13417	  8.0	 16.2	0.960	 1.7	 0.0
1	2021	 73	 9101	  8.3	 16.6	1.117	 3.4	 0.1
1	2021	 74	15439	 11.0	 20.3	1.228	 4.0	 2.6
1	2021	 75	20154	  5.3	 14.6	0.372	 3.2	 0.0
1	2021	 76	19405	  3.2	 15.9	0.544	 2.0	 0.0
1	2021	 77	 2944	  6.6	 11.5	0.731	 4.0	 1.0
1	2021	 78	 4121	  4.4	  9.2	0.660	 2.8	 4.1
1	2021	 79	16997	  1.5	 15.0	0.784	 1.9	 0.0
1	2021	 80	21796	  3.1	 12.7	0.354	 3.2	 0.0
1	2021	 81	22048	  1.3	 17.4	0.411	 3.3	 0.0
1	2021	 82	20607	  7.0	 21.4	0.702	 5.4	 0.0
1	2021	 83	20438	  7.7	 21.2	0.965	 3.0	 0.0
1	2021	 84	17973	  6.6	 22.0	0.954	 2.6	 0.0
1	2021	 85	 5381	 10.1	 17.1	1.255	 1.9	 6.5
1	2021	 86	15851	  8.7	 20.4	1.384	 2.3	 0.3
1	2021	 87	21681	 12.2	 24.2	1.092	 3.5	 0.0
1	2021	 88	 7233	  9.4	 17.6	0.659	 3.2	 1.2
1	2021	 89	21892	  5.8	 21.2	0.736	 2.3	 0.0
1	2021	 90	11042	  8.9	 18.0	0.885	 1.9	 0.0
1	2021	 91	 7220	 12.2	 18.7	0.923	 2.4	 0.0
1	2021	 92	 2524	  8.9	 13.7	0.888	 4.2	 2.8
1	2021	 93	 7222	  5.8	 13.0	1.008	 4.8	 1.8
1	2021	 94	23088	  3.3	 17.3	0.750	 1.5	 0.0
1	2021	 95	13562	  4.3	 17.3	0.738	 2.8	 0.0
1	2021	 96	22318	  3.8	 19.1	0.867	 1.3	 0.0
1	2021	 97	20162	  8.6	 20.4	0.979	 1.8	 0.0
1	2021	 98	22281	  7.6	 21.0	0.979	 2.2	 0.0
1	2021	 99	20822	  9.0	 21.5	0.902	 3.5	 0.0
1	2021	100	22774	  8.6	 21.7	0.758	 3.0	 0.0
1	2021	101	10684	  9.2	 18.0	1.104	 2.6	 0.0
1	2021	102	22569	  9.4	 23.7	1.224	 2.2	 0.0
1	2021	103	23308	 10.7	 18.1	0.678	 3.7	 0.1
1	2021	104	24410	  7.6	 20.6	0.761	 2.8	 0.0
1	2021	105	21044	 11.6	 25.7	0.851	 4.6	 0.3
1	2021	106	25484	  9.3	 25.6	0.359	 4.0	 0.0
1	2021	107	26022	  8.2	 19.7	0.309	 3.0	 0.0
1	2021	108	24696	  8.8	 23.8	0.552	 4.8	 0.0
1	2021	109	24835	 12.1	 26.1	0.866	 4.1	 0.0
1	2021	110	 2739	 13.0	 16.3	1.275	 2.3	 6.7
1	2021	111	 2557	 12.0	 14.3	1.317	 3.1	 5.4
1	2021	112	15974	 11.1	 20.2	1.317	 2.8	 3.6
1	2021	113	16516	  9.9	 20.8	1.261	 4.0	 0.0
1	2021	114	 6268	 11.8	 18.1	1.189	 6.1	 0.1
1	2021	115	 3683	 12.5	 15.9	1.131	 3.7	 0.8
1	2021	116	18970	 12.0	 21.1	1.271	 2.0	 0.1
1	2021	117	26121	 11.0	 24.8	0.862	 3.1	 0.0
1	2021	118	25715	 13.0	 24.8	0.507	 3.7	 0.0
1	2021	119	22744	 13.5	 28.3	0.667	 5.3	 0.0
1	2021	120	24363	 11.2	 30.6	0.783	 4.6	 0.0
1	2021	121	25926	  9.5	 26.5	0.832	 3.4	 0.0
1	2021	122	21458	 10.9	 22.0	0.588	 2.7	 0.0
1	2021	123	11752	 11.9	 17.6	1.186	 1.9	 6.4
1	2021	124	24640	 10.1	 25.9	0.906	 3.4	 0.0
1	2021	125	27709	  8.9	 27.6	0.596	 3.8	 0.0
1	2021	126	26639	 16.9	 33.1	0.878	 5.3	 0.0
1	2021	127	27771	 13.7	 27.6	0.466	 3.5	 0.0
1	2021	128	26951	 16.6	 35.6	0.879	 3.9	 0.0
1	2021	129	24644	 16.7	 31.2	1.630	 2.1	 0.0
1	2021	130	24853	 19.5	 28.1	1.293	 5.3	 0.0
1	2021	131	24065	 14.9	 26.3	1.335	 3.5	 0.0
1	2021	132	24763	 13.7	 28.8	1.576	 2.2	 0.0
1	2021	133	16342	 17.1	 28.0	1.953	 2.8	 0.1
1	2021	134	10425	 20.0	 26.1	2.174	 2.1	 1.4
1	2021	135	10779	 14.2	 25.0	1.999	 4.8	 5.1
1	2021	136	 5794	 12.0	 18.6	1.198	 4.8	 1.2
1	2021	137	24716	 11.1	 25.6	1.220	 2.8	 0.0
1	2021	138	27353	 13.4	 28.3	1.459	 3.8	 0.0
1	2021	139	14834	 15.5	 25.5	1.703	 3.5	 0.0
1	2021	140	23750	 16.4	 28.0	1.835	 3.5	 1.4
1	2021	141	25077	 16.5	 30.4	2.015	 3.1	 0.0
1	2021	142	26665	 19.1	 32.1	1.800	 3.7	 0.0
1	2021	143	16685	 19.7	 25.7	1.264	 3.9	 0.3
1	2021	144	28124	 16.4	 32.3	0.806	 4.1	 0.0
1	2021	145	25306	 14.2	 30.2	0.816	 5.4	 0.0
1	2021	146	25523	 18.9	 34.4	1.472	 5.1	 0.0
1	2021	147	28540	 15.7	 35.2	1.277	 5.2	 0.0
1	2021	148	29303	 19.6	 31.4	0.673	 3.6	 0.0
1	2021	149	27009	 21.1	 37.7	1.179	 4.9	 0.0
1	2021	150	27023	 17.7	 31.2	1.245	 2.7	 0.0
1	2021	151	26631	 19.3	 35.0	1.668	 2.7	 0.0
1	2021	152	17106	 21.2	 29.7	2.000	 3.2	 0.0
1	2021	153	25658	 21.0	 35.6	2.016	 2.4	 0.9
1	2021	154	15000	 19.9	 27.2	1.345	 3.0	 0.0
1	2021	155	29017	 15.1	 34.9	0.787	 3.4	 0.0
1	2021	156	27817	 19.0	 34.6	0.929	 2.8	 0.0
1	2021	157	28456	 19.9	 38.1	1.428	 3.3	 0.0
1	2021	158	21175	 27.1	 38.3	1.715	 3.3	 0.1
1	2021	159	25537	 22.8	 35.9	1.579	 3.1	 0.0
1	2021	160	15579	 23.8	 32.6	1.913	 2.2	 0.2
1	2021	161	22670	 22.4	 31.4	2.105	 2.8	 0.2
1	2021	162	25500	 21.6	 34.6	1.836	 1.5	 0.0
1	2021	163	21285	 25.8	 36.4	2.170	 3.4	 0.0
1	2021	164	14699	 24.9	 32.2	2.743	 3.6	 1.1
1	2021	165	 9054	 24.5	 30.3	3.121	 2.7	25.7
1	2021	166	18147	 23.9	 31.7	2.668	 4.4	 0.1
1	2021	167	10438	 22.4	 27.6	2.450	 2.0	 3.6
1	2021	168	14643	 22.8	 30.0	2.281	 2.7	 3.5
1	2021	169	24846	 21.9	 31.9	1.838	 3.5	 0.0
1	2021	170	25948	 19.3	 33.2	1.823	 3.4	 0.0
1	2021	171	27807	 22.0	 34.2	1.834	 2.6	 0.0
1	2021	172	27962	 21.9	 35.8	1.677	 3.1	 0.0
1	2021	173	27878	 23.0	 34.5	1.759	 1.9	 0.0
1	2021	174	26812	 22.9	 36.7	1.518	 2.3	 0.0
1	2021	175	23671	 22.0	 34.7	1.750	 2.6	 0.0
1	2021	176	12576	 25.7	 31.0	2.227	 2.5	 0.0
1	2021	177	25207	 23.1	 35.8	2.414	 3.6	 0.0
1	2021	178	26676	 23.1	 35.7	2.489	 1.9	 0.0
1	2021	179	24570	 25.2	 37.4	2.309	 2.0	 0.0
1	2021	180	17215	 28.2	 34.2	2.415	 2.5	 1.7
1	2021	181	24602	 26.7	 37.5	2.348	 2.7	 1.7
1	2021	182	14397	 24.4	 32.1	2.326	 1.9	 0.8
1	2021	183	16669	 23.2	 32.4	2.580	 2.9	10.8
1	2021	184	21093	 22.6	 31.0	2.538	 1.9	 0.9
1	2021	185	23452	 24.4	 34.7	2.472	 3.4	 0.0
1	2021	186	26075	 22.9	 33.1	2.259	 2.7	 0.0
1	2021	187	21339	 22.8	 33.4	2.623	 2.0	 0.0
1	2021	188	19725	 24.7	 32.9	2.830	 1.5	 0.1
1	2021	189	25418	 24.8	 35.7	2.504	 1.8	 0.8
1	2021	190	26594	 25.2	 38.3	2.757	 3.3	 0.1
1	2021	191	24020	 26.9	 37.8	3.112	 3.6	 0.0
1	2021	192	 6343	 26.4	 32.0	3.179	 4.5	27.9
1	2021	193	22047	 25.5	 33.0	3.087	 4.7	26.5
1	2021	194	25441	 26.8	 35.0	3.059	 3.9	 0.0
1	2021	195	23711	 27.6	 35.2	3.232	 2.7	 2.8
1	2021	196	15192	 25.9	 31.5	3.126	 1.4	 4.3
1	2021	197	18603	 25.1	 31.0	3.148	 2.9	 1.9
1	2021	198	14495	 24.4	 29.5	2.888	 3.5	 2.3
1	2021	199	11150	 23.9	 29.0	2.968	 3.4	15.1
1	2021	200	11684	 23.5	 29.8	2.966	 2.7	 5.0
1	2021	201	 4159	 23.5	 26.4	2.976	 3.1	30.8
1	2021	202	 5528	 23.6	 27.4	3.083	 4.4	46.3
1	2021	203	 8888	 24.0	 28.1	2.912	 3.4	 7.4
1	2021	204	16934	 22.1	 29.2	2.948	 2.1	 4.7
1	2021	205	22085	 23.7	 31.3	2.996	 1.5	 0.7
1	2021	206	23792	 23.3	 31.8	2.914	 1.8	 0.0
1	2021	207	25597	 23.8	 32.5	2.939	 2.0	 0.0
1	2021	208	11492	 24.5	 29.9	3.106	 2.5	 1.6
1	2021	209	 7994	 23.2	 25.9	2.728	 6.1	31.3
1	2021	210	16407	 21.7	 26.7	2.325	 6.1	31.2
1	2021	211	24320	 20.2	 31.0	2.841	 1.9	 0.0
1	2021	212	25524	 24.7	 34.1	3.431	 3.6	 0.0
1	2021	213	17153	 25.4	 30.6	3.031	 3.0	 0.8
1	2021	214	25046	 23.1	 30.6	2.523	 2.8	 0.0
1	2021	215	23941	 22.1	 31.2	2.758	 1.8	 0.0
1	2021	216	20784	 24.0	 31.9	3.045	 2.0	 0.0
1	2021	217	15069	 25.1	 30.9	2.970	 1.9	 2.6
1	2021	218	21839	 22.5	 32.2	3.023	 1.4	 0.1
1	2021	219	20134	 24.8	 31.7	3.095	 1.2	 3.1
1	2021	220	21350	 23.7	 31.6	2.996	 1.2	 0.3
1	2021	221	20616	 24.7	 31.6	3.003	 1.7	 0.7
1	2021	222	17854	 23.7	 31.4	2.635	 2.8	 0.0
1	2021	223	22679	 21.8	 31.7	2.777	 1.8	 0.0
1	2021	224	12333	 24.6	 30.1	2.897	 2.7	 3.2
1	2021	225	10379	 22.4	 27.6	2.707	 1.4	 3.2
1	2021	226	20923	 20.7	 29.1	2.494	 2.3	 0.2
1	2021	227	22467	 20.2	 29.9	2.361	 1.7	 0.0
1	2021	228	20697	 21.5	 30.6	2.576	 1.5	 0.1
1	2021	229	20374	 22.1	 30.8	2.768	 1.4	 0.4
1	2021	230	19850	 23.4	 30.9	2.671	 2.3	 0.4
1	2021	231	17115	 23.9	 31.5	2.681	 3.3	 0.1
1	2021	232	14906	 22.3	 28.9	2.590	 4.4	11.9
1	2021	233	14762	 21.0	 29.7	2.768	 1.8	 0.0
1	2021	234	 6220	 22.1	 27.9	2.703	 2.3	28.4
1	2021	235	20040	 21.1	 28.9	2.320	 3.5	 5.6
1	2021	236	23059	 20.4	 30.8	2.050	 2.6	 0.0
1	2021	237	23712	 20.9	 30.3	1.716	 3.2	 0.0
1	2021	238	13551	 19.5	 28.5	2.091	 3.3	 0.1
1	2021	239	17992	 18.8	 25.7	1.998	 3.9	 0.0
1	2021	240	 8223	 17.7	 24.7	2.242	 1.5	11.4
1	2021	241	 1922	 20.2	 21.3	2.362	 2.2	74.9
1	2021	242	 5345	 20.1	 23.4	2.512	 3.4	22.6
1	2021	243	 3376	 20.4	 22.6	2.432	 5.0	21.1
1	2021	244	 6104	 19.0	 23.0	2.299	 2.7	16.2
1	2021	245	19445	 17.8	 27.0	2.314	 1.4	 0.0
1	2021	246	14753	 19.2	 28.0	2.489	 2.3	 0.3
1	2021	247	 2199	 19.4	 23.2	2.200	 4.5	50.4
1	2021	248	11661	 19.3	 24.4	2.204	 4.6	 0.6
1	2021	249	 7879	 19.8	 24.6	2.316	 3.8	 6.5
1	2021	250	21783	 17.1	 26.3	2.024	 2.3	 0.0
1	2021	251	22103	 18.7	 28.0	2.230	 4.0	 0.0
1	2021	252	21663	 20.1	 29.9	2.487	 4.3	 0.0
1	2021	253	19718	 20.5	 30.4	2.812	 1.5	 0.0
1	2021	254	21451	 22.3	 31.1	2.636	 2.8	 0.0
1	2021	255	21015	 20.7	 30.7	2.596	 1.8	 0.0
1	2021	256	19863	 20.7	 29.8	2.668	 2.0	 0.3
1	2021	257	18577	 21.7	 29.3	2.609	 2.6	 0.3
1	2021	258	19941	 19.8	 27.8	2.040	 2.3	 0.0
1	2021	259	16758	 17.6	 27.8	1.955	 3.2	 0.0
1	2021	260	 5908	 20.0	 24.2	2.287	 3.2	 3.9
1	2021	261	 1535	 17.7	 20.4	2.218	 3.7	22.7
1	2021	262	 1279	 16.2	 17.3	1.748	 5.9	61.9
1	2021	263	14965	 17.2	 25.2	1.858	 3.5	 0.0
1	2021	264	20572	 18.3	 29.6	1.928	 3.0	 0.0
1	2021	265	17994	 17.6	 27.9	2.248	 2.3	 0.0
1	2021	266	14024	 21.3	 29.0	2.505	 2.9	 1.1
1	2021	267	 3915	 20.0	 24.2	2.544	 3.2	42.3
1	2021	268	 2089	 19.3	 22.1	2.150	 4.4	39.2
1	2021	269	 2192	 18.2	 20.2	2.080	 5.0	21.3
1	2021	270	 7493	 18.4	 23.4	2.162	 3.1	 4.2
1	2021	271	 1656	 14.3	 20.2	1.898	 2.3	25.1
1	2021	272	18732	 13.6	 26.5	2.000	 2.6	 0.0
1	2021	273	18648	 18.1	 27.3	2.020	 4.4	 0.0
1	2021	274	15936	 18.4	 25.7	2.118	 2.9	 0.0
1	2021	275	15729	 16.5	 28.7	2.300	 2.4	 0.0
1	2021	276	 8536	 21.2	 28.6	2.425	 3.4	 4.0
1	2021	277	 3157	 12.7	 20.9	1.607	 7.0	11.6
1	2021	278	 1757	 11.5	 12.9	1.270	 7.1	 6.2
1	2021	279	 1321	 10.8	 12.1	1.260	 5.9	 5.9
1	2021	280	 6309	 10.4	 15.6	1.236	 3.3	 2.7
1	2021	281	 3459	 12.3	 16.1	1.400	 2.5	 3.7
1	2021	282	 7659	 14.4	 19.3	1.618	 1.8	 4.8
1	2021	283	 9509	 14.2	 18.0	1.052	 4.0	 0.0
1	2021	284	13757	 10.6	 18.4	0.856	 2.5	 0.0
1	2021	285	15319	 11.2	 19.2	0.959	 2.3	 0.0
1	2021	286	15224	 11.9	 21.3	1.101	 1.2	 0.0
1	2021	287	 8166	 13.2	 19.0	1.506	 2.6	 3.5
1	2021	288	 5398	 13.7	 19.6	1.528	 2.1	 0.1
1	2021	289	13712	  5.8	 15.3	0.469	 4.7	 0.0
1	2021	290	16407	  3.3	 14.1	0.509	 2.9	 0.0
1	2021	291	15209	  8.5	 18.4	0.902	 3.4	 0.0
1	2021	292	 6751	  9.8	 14.4	0.930	 4.1	 0.0
1	2021	293	11313	  8.6	 15.0	1.005	 2.6	 0.0
1	2021	294	14601	  6.7	 17.3	1.019	 2.3	 0.2
1	2021	295	14683	  5.4	 17.4	0.848	 2.4	 0.0
1	2021	296	13991	  6.3	 18.0	0.884	 1.4	 0.0
1	2021	297	14514	  7.3	 18.6	0.940	 2.4	 0.0
1	2021	298	13841	  8.7	 20.0	1.057	 3.1	 0.0
1	2021	299	 8527	 11.4	 19.8	1.205	 2.5	 0.0
1	2021	300	12354	  8.9	 19.4	0.937	 2.0	 0.0
1	2021	301	13614	  8.8	 20.8	0.925	 2.3	 0.0
1	2021	302	11583	 10.2	 20.9	1.243	 2.4	 0.0
1	2021	303	13575	  9.0	 22.4	1.285	 2.0	 0.0
1	2021	304	10985	 10.3	 20.1	1.158	 3.1	 0.0
1	2021	305	 7988	  9.6	 16.5	1.084	 2.9	 0.1
1	2021	306	 6244	  9.8	 17.8	1.287	 2.3	 0.6
1	2021	307	10105	  9.6	 19.9	1.168	 2.3	 0.0
1	2021	308	11708	  9.9	 20.7	1.231	 2.7	 0.2
1	2021	309	 5825	 12.1	 18.9	1.445	 2.2	 0.3
1	2021	310	 6471	 13.5	 18.7	1.561	 2.5	 2.6
1	2021	311	 5088	 -0.3	 14.9	0.618	 5.6	24.5
1	2021	312	13183	 -1.4	  9.3	0.381	 2.3	 0.0
1	2021	313	12635	  0.6	 13.4	0.502	 2.9	 0.0
1	2021	314	12273	  1.9	 14.6	0.562	 2.3	 0.0
1	2021	315	12202	  3.3	 14.5	0.584	 1.9	 0.0
1	2021	316	12138	  3.0	 14.7	0.585	 2.0	 0.0
1	2021	317	12126	  2.8	 16.6	0.621	 2.4	 0.0
1	2021	318	11867	  2.4	 17.2	0.610	 2.1	 0.0
1	2021	319	11123	  7.1	 15.2	0.749	 3.1	 0.2
1	2021	320	11112	  5.0	 14.2	0.849	 2.8	 0.0
1	2021	321	 9884	  6.1	 18.1	0.892	 3.7	 0.0
1	2021	322	11140	  7.9	 18.7	0.923	 3.7	 0.0
1	2021	323	 9915	  6.7	 14.1	0.853	 3.5	 0.0
1	2021	324	 4773	  7.5	 11.1	0.806	 4.0	 0.5
1	2021	325	 8949	  3.1	 13.0	0.555	 3.7	 0.0
1	2021	326	11405	 -0.7	  6.5	0.201	 2.6	 0.0
1	2021	327	11051	 -2.5	 10.0	0.356	 2.6	 0.0
1	2021	328	10936	  1.3	 14.7	0.466	 2.3	 0.0
1	2021	329	10709	  0.1	 15.0	0.568	 1.9	 0.0
1	2021	330	10326	  2.1	 13.9	0.599	 2.4	 0.0
1	2021	331	 9525	  0.2	 13.7	0.694	 2.2	 0.0
1	2021	332	 8305	  5.0	 13.1	0.866	 2.1	 0.0
1	2021	333	 4854	  2.9	 12.1	0.933	 2.2	 5.0
1	2021	334	10446	 -0.1	  8.1	0.426	 3.2	 0.0
1	2021	335	10225	 -2.5	  8.6	0.376	 2.3	 0.0
1	2021	336	10252	 -1.3	 12.1	0.389	 2.8	 0.0
1	2021	337	10050	 -1.9	 12.4	0.404	 1.9	 0.0
1	2021	338	 9785	  0.1	 13.1	0.479	 2.3	 0.0
1	2021	339	 9907	  1.1	 13.4	0.514	 3.0	 0.0
1	2021	340	 9876	  1.2	 11.8	0.434	 4.2	 0.0
1	2021	341	 7913	  0.9	  9.4	0.495	 2.3	 0.0
1	2021	342	 5696	  0.6	  9.6	0.646	 1.7	 0.0
1	2021	343	 9301	  1.5	 11.8	0.717	 2.1	 0.0
1	2021	344	 4095	 -0.2	 10.2	0.830	 1.6	 1.2
1	2021	345	 6350	  4.1	 11.6	0.935	 2.1	 0.9
1	2021	346	 9192	 -0.7	  6.5	0.442	 3.4	 0.0
1	2021	347	 9370	 -2.5	  8.2	0.470	 3.4	 0.0
1	2021	348	 9357	  2.3	 12.4	0.672	 3.2	 0.0
1	2021	349	 9021	 -0.5	 11.4	0.691	 1.7	 0.0
1	2021	350	 5939	 -1.0	 10.6	0.475	 2.7	 0.0
1	2021	351	 9144	 -3.4	  2.0	0.255	 3.2	 0.0
1	2021	352	 7843	 -3.1	  8.8	0.300	 3.7	 0.0
1	2021	353	 9471	 -0.6	 11.5	0.358	 3.2	 0.0
1	2021	354	 9452	  0.4	 13.5	0.422	 2.5	 0.0
1	2021	355	 9482	 -1.9	 12.9	0.511	 1.6	 0.0
1	2021	356	 9277	 -0.7	  8.0	0.585	 3.2	 0.0
1	2021	357	 6883	 -1.6	  5.8	0.600	 4.1	 0.0
1	2021	358	 5759	 -5.0	  2.7	0.418	 5.6	 2.4
1	2021	359	 9156	 -6.9	 -2.7	0.196	 2.9	 0.0
1	2021	360	 9985	 -8.5	 -0.5	0.228	 1.8	 0.0
1	2021	361	 9979	 -6.4	  4.1	0.240	 3.3	 0.0
1	2021	362	 9718	 -3.2	  6.8	0.324	 3.4	 0.0
1	2021	363	10012	 -4.8	  6.9	0.253	 2.4	 0.0
1	2021	364	 9913	 -5.2	  8.9	0.332	 1.5	 0.0
1	2021	365	 6806	 -3.8	  6.9	0.371	 2.9	 0.0
