*------------------------------------------------------------*
*   Country: China
*   Station: 114.6_35.5
*      Year: 2021
*    Origin: AgERA5 dataset
*    Author: Huang Hai, CAU
* Longitude: 114.60 E
*  Latitude: 35.50 N
* Elevation: 59.00 m
*   Columns: 
*   ======== 
*  station number
*  year
*  day
*  irradiation (kJ路m-2路d-1)
*  minimum temperature (degrees Celsius)
*  maximum temperature (degrees Celsius)
*  vapour pressure (kPa)
*  mean wind speed (m路s-1)
*  precipitation (mm路d-1)
** WCCDESCRIPTION=114.6_35.5, China
** WCCFORMAT=2
** WCCYEARNR=2021
*------------------------------------------------------------*
114.60  35.50  59.00  -0.18  -0.55
1	2021	  1	10341	 -7.4	  6.1	0.213	 2.2	 0.0
1	2021	  2	10026	 -5.6	  6.0	0.310	 2.4	 0.0
1	2021	  3	 7634	 -4.8	  3.4	0.307	 2.9	 0.0
1	2021	  4	 9643	 -6.1	  4.0	0.335	 2.9	 0.0
1	2021	  5	 9988	 -5.0	  1.8	0.258	 2.9	 0.0
1	2021	  6	10710	 -9.9	  1.4	0.164	 3.8	 0.0
1	2021	  7	11043	-13.9	 -4.2	0.066	 2.3	 0.0
1	2021	  8	11007	-10.9	  1.3	0.112	 2.3	 0.0
1	2021	  9	11029	 -9.0	  2.7	0.143	 1.8	 0.0
1	2021	 10	10570	 -6.4	  3.8	0.172	 2.5	 0.0
1	2021	 11	11081	 -4.3	  4.7	0.177	 3.3	 0.0
1	2021	 12	11064	 -3.1	 10.6	0.201	 4.7	 0.0
1	2021	 13	11165	 -0.7	 14.2	0.320	 2.5	 0.0
1	2021	 14	11192	 -3.5	 13.3	0.399	 2.1	 0.0
1	2021	 15	 9689	 -2.9	  9.5	0.328	 2.8	 0.0
1	2021	 16	10846	 -4.3	  4.8	0.340	 1.8	 0.0
1	2021	 17	11873	 -5.7	  7.7	0.195	 3.5	 0.0
1	2021	 18	11910	 -4.4	 11.1	0.235	 2.2	 0.0
1	2021	 19	11390	 -3.3	  5.7	0.330	 3.8	 0.0
1	2021	 20	11295	 -5.1	  6.9	0.384	 1.8	 0.0
1	2021	 21	10167	 -2.7	  8.7	0.461	 1.5	 0.0
1	2021	 22	 9554	 -2.5	  7.8	0.430	 3.5	 0.0
1	2021	 23	11942	 -2.9	  7.8	0.399	 2.1	 0.0
1	2021	 24	 6760	 -2.4	  8.4	0.505	 2.2	 0.5
1	2021	 25	 6856	  0.9	  7.4	0.604	 1.7	 0.4
1	2021	 26	10708	 -3.7	  9.8	0.545	 1.5	 0.0
1	2021	 27	 9390	 -0.6	 11.2	0.511	 3.7	 0.0
1	2021	 28	13210	 -2.5	  7.3	0.164	 2.7	 0.0
1	2021	 29	12916	 -2.7	 13.2	0.266	 3.4	 0.0
1	2021	 30	12411	 -3.2	 13.8	0.292	 2.2	 0.0
1	2021	 31	11606	 -0.9	 14.1	0.293	 3.0	 0.0
1	2021	 32	13043	 -0.6	 13.9	0.271	 3.1	 0.0
1	2021	 33	13577	 -4.7	  8.6	0.252	 2.6	 0.0
1	2021	 34	13521	  0.6	 15.0	0.319	 2.9	 0.0
1	2021	 35	12265	 -3.1	 12.6	0.335	 3.7	 0.0
1	2021	 36	13489	  3.2	 17.9	0.287	 3.7	 0.0
1	2021	 37	13693	  4.9	 20.2	0.255	 3.1	 0.0
1	2021	 38	12347	  2.1	  8.8	0.323	 5.8	 0.0
1	2021	 39	14060	 -2.7	 10.0	0.270	 2.6	 0.0
1	2021	 40	14106	 -0.3	 12.4	0.427	 3.6	 0.0
1	2021	 41	14292	 -0.2	 16.0	0.631	 1.9	 0.0
1	2021	 42	14528	  1.6	 17.0	0.604	 3.4	 0.0
1	2021	 43	14187	  5.5	 17.8	0.894	 2.5	 0.0
1	2021	 44	 7354	  6.6	 15.6	1.045	 2.3	 3.6
1	2021	 45	13761	  6.2	 17.2	1.041	 2.7	 7.7
1	2021	 46	12427	  1.7	  8.4	0.553	 4.1	 0.0
1	2021	 47	15483	  0.2	 11.2	0.390	 3.4	 0.0
1	2021	 48	15725	 -4.2	  8.5	0.239	 2.0	 0.0
1	2021	 49	14645	 -2.5	 13.9	0.460	 3.6	 0.0
1	2021	 50	16267	  5.0	 22.5	0.322	 4.4	 0.0
1	2021	 51	16612	  5.0	 24.5	0.227	 4.3	 0.0
1	2021	 52	16551	 10.5	 27.8	0.340	 3.5	 0.0
1	2021	 53	15921	  7.6	 14.8	0.440	 5.2	 0.0
1	2021	 54	14486	  5.6	 12.4	0.422	 3.1	 0.0
1	2021	 55	 2644	  0.1	  8.4	0.540	 3.7	21.9
1	2021	 56	 6313	  0.0	  5.6	0.655	 4.0	 4.3
1	2021	 57	13880	  2.7	 10.3	0.593	 3.3	 0.0
1	2021	 58	13320	  1.5	 12.1	0.700	 1.9	 0.0
1	2021	 59	 1513	  6.3	  8.2	0.963	 2.8	14.3
1	2021	 60	12470	  0.7	  7.7	0.640	 5.0	 2.1
1	2021	 61	17896	 -1.5	 13.1	0.707	 3.7	 0.0
1	2021	 62	16798	  4.9	 15.8	0.747	 4.7	 0.0
1	2021	 63	17934	  4.4	 19.2	0.957	 3.2	 0.0
1	2021	 64	15170	  3.6	 19.4	0.917	 4.7	 0.0
1	2021	 65	 4218	 -0.1	  3.7	0.413	 6.2	 0.1
1	2021	 66	17769	 -2.6	  9.6	0.483	 1.6	 0.0
1	2021	 67	12918	  1.0	 12.9	0.719	 2.6	 0.0
1	2021	 68	18231	  2.9	 16.1	0.850	 3.1	 0.0
1	2021	 69	10148	  4.3	 12.8	0.907	 2.5	 0.1
1	2021	 70	 8829	  6.2	 13.6	1.012	 1.6	 2.4
1	2021	 71	15047	  3.5	 16.0	0.983	 2.6	 0.0
1	2021	 72	11779	  7.8	 15.5	0.971	 1.8	 0.0
1	2021	 73	 8012	  7.4	 16.3	1.109	 3.1	 0.1
1	2021	 74	17678	 10.5	 20.2	1.203	 4.1	 3.2
1	2021	 75	20172	  5.6	 14.5	0.327	 3.5	 0.0
1	2021	 76	19380	  2.7	 16.0	0.523	 1.9	 0.0
1	2021	 77	 2988	  6.3	 11.5	0.712	 4.5	 0.5
1	2021	 78	 4654	  4.0	  9.4	0.661	 2.8	 4.0
1	2021	 79	17148	  1.6	 15.3	0.792	 1.7	 0.0
1	2021	 80	21865	  3.3	 13.1	0.341	 3.0	 0.0
1	2021	 81	22123	  1.2	 17.6	0.388	 3.3	 0.0
1	2021	 82	20770	  6.7	 21.8	0.665	 5.2	 0.0
1	2021	 83	20570	  7.3	 21.5	0.910	 3.1	 0.0
1	2021	 84	18129	  6.9	 22.1	0.892	 2.6	 0.0
1	2021	 85	 6002	  9.9	 17.5	1.273	 1.9	 6.5
1	2021	 86	16639	  8.7	 20.6	1.403	 2.3	 0.2
1	2021	 87	21709	 12.0	 24.5	1.051	 3.4	 0.0
1	2021	 88	 7266	  9.5	 17.6	0.629	 3.6	 0.6
1	2021	 89	21919	  6.0	 21.1	0.715	 2.3	 0.0
1	2021	 90	11998	  8.7	 18.5	0.886	 2.0	 0.0
1	2021	 91	 7258	 12.3	 18.5	0.897	 2.4	 0.0
1	2021	 92	 3068	  8.9	 13.9	0.848	 4.6	 2.3
1	2021	 93	 7638	  6.0	 12.9	1.029	 4.8	 1.5
1	2021	 94	23000	  2.5	 17.3	0.749	 1.7	 0.0
1	2021	 95	13468	  4.4	 17.0	0.705	 2.8	 0.0
1	2021	 96	22446	  3.4	 19.2	0.838	 1.4	 0.0
1	2021	 97	20522	  8.2	 20.6	0.956	 1.9	 0.0
1	2021	 98	22670	  7.1	 21.2	0.946	 2.4	 0.0
1	2021	 99	20635	  8.8	 21.4	0.883	 3.5	 0.0
1	2021	100	22739	  8.1	 21.7	0.750	 2.9	 0.0
1	2021	101	11209	  8.4	 18.1	1.077	 2.2	 0.0
1	2021	102	22284	  9.0	 23.9	1.184	 2.4	 0.0
1	2021	103	23273	 10.6	 18.1	0.649	 3.9	 0.1
1	2021	104	24618	  6.9	 20.7	0.753	 2.6	 0.0
1	2021	105	21086	 11.6	 26.3	0.802	 4.5	 0.1
1	2021	106	25517	  9.3	 26.4	0.332	 4.1	 0.0
1	2021	107	26055	  8.4	 20.2	0.280	 2.9	 0.0
1	2021	108	24366	  8.8	 24.1	0.567	 4.7	 0.0
1	2021	109	24873	 12.1	 26.3	0.874	 4.1	 0.0
1	2021	110	 2983	 12.8	 16.7	1.313	 2.2	 7.7
1	2021	111	 3054	 11.9	 14.3	1.317	 3.4	 5.4
1	2021	112	18150	 10.7	 21.0	1.300	 2.7	 3.1
1	2021	113	16155	 10.2	 20.5	1.265	 4.0	 0.2
1	2021	114	 6285	 11.7	 17.9	1.182	 6.4	 0.1
1	2021	115	 4407	 12.7	 15.9	1.116	 3.9	 0.1
1	2021	116	20199	 11.9	 21.6	1.277	 2.1	 0.1
1	2021	117	26047	 10.5	 25.3	0.825	 3.0	 0.0
1	2021	118	25821	 12.2	 25.2	0.493	 3.6	 0.0
1	2021	119	23002	 13.9	 28.8	0.632	 5.1	 0.0
1	2021	120	24789	 11.7	 31.5	0.743	 4.7	 0.0
1	2021	121	26099	  9.9	 27.3	0.807	 3.6	 0.0
1	2021	122	20958	 11.0	 22.0	0.585	 2.7	 0.0
1	2021	123	14142	 12.1	 18.7	1.184	 1.9	 4.4
1	2021	124	25099	 10.5	 26.6	0.856	 3.0	 0.0
1	2021	125	27744	  9.3	 28.0	0.536	 3.8	 0.0
1	2021	126	26807	 16.6	 33.5	0.798	 5.0	 0.0
1	2021	127	27812	 14.2	 28.3	0.422	 3.3	 0.0
1	2021	128	27032	 16.6	 36.1	0.772	 4.0	 0.0
1	2021	129	25107	 16.8	 31.0	1.478	 2.9	 0.0
1	2021	130	25067	 19.6	 28.2	1.213	 5.8	 0.0
1	2021	131	24034	 14.8	 26.9	1.258	 3.9	 0.0
1	2021	132	24587	 13.6	 29.3	1.540	 2.3	 0.0
1	2021	133	15831	 17.4	 28.2	1.958	 2.7	 0.1
1	2021	134	10782	 19.9	 26.3	2.155	 2.0	 1.1
1	2021	135	11036	 14.3	 25.6	2.016	 5.0	 4.9
1	2021	136	 6230	 11.9	 18.8	1.168	 5.0	 0.9
1	2021	137	24891	 10.7	 26.0	1.213	 2.6	 0.0
1	2021	138	27211	 13.1	 29.0	1.472	 3.6	 0.0
1	2021	139	14516	 15.6	 26.0	1.733	 3.4	 0.0
1	2021	140	24036	 16.0	 28.9	1.830	 3.3	 0.8
1	2021	141	25017	 16.0	 30.9	1.993	 2.8	 0.0
1	2021	142	26763	 18.9	 32.6	1.742	 3.6	 0.0
1	2021	143	16944	 20.1	 26.1	1.208	 3.9	 0.1
1	2021	144	28243	 16.7	 32.6	0.766	 4.1	 0.0
1	2021	145	25064	 14.5	 30.5	0.788	 5.4	 0.0
1	2021	146	25727	 20.3	 35.5	1.402	 5.0	 0.0
1	2021	147	28613	 15.6	 35.8	1.129	 5.1	 0.0
1	2021	148	29279	 19.4	 32.2	0.664	 3.3	 0.0
1	2021	149	27004	 21.0	 38.4	1.081	 5.0	 0.0
1	2021	150	27135	 18.1	 31.8	1.182	 3.0	 0.0
1	2021	151	26435	 19.8	 35.3	1.575	 3.0	 0.0
1	2021	152	17383	 21.3	 29.7	1.935	 3.3	 0.0
1	2021	153	25339	 20.6	 35.8	1.995	 2.3	 0.5
1	2021	154	15831	 20.4	 28.1	1.256	 2.8	 0.0
1	2021	155	28970	 15.1	 35.4	0.729	 3.3	 0.0
1	2021	156	27424	 19.3	 35.0	0.879	 2.8	 0.0
1	2021	157	28579	 20.3	 38.5	1.317	 2.8	 0.0
1	2021	158	21482	 27.1	 38.6	1.798	 2.8	 0.2
1	2021	159	25456	 22.7	 35.6	1.601	 3.6	 0.0
1	2021	160	15845	 24.2	 32.4	1.945	 3.2	 0.2
1	2021	161	22642	 22.1	 31.6	2.065	 2.9	 0.2
1	2021	162	24519	 21.9	 34.7	1.832	 1.5	 0.0
1	2021	163	21476	 25.5	 36.5	2.202	 3.2	 0.0
1	2021	164	13473	 24.8	 31.8	2.780	 3.6	 5.2
1	2021	165	 9484	 24.4	 30.3	3.087	 2.7	17.0
1	2021	166	17612	 23.8	 31.8	2.637	 4.5	 0.1
1	2021	167	11411	 22.0	 27.7	2.445	 2.2	 4.0
1	2021	168	15288	 22.8	 30.5	2.272	 2.7	 3.5
1	2021	169	25199	 21.9	 32.2	1.819	 3.3	 0.0
1	2021	170	25580	 19.3	 33.4	1.825	 3.1	 0.0
1	2021	171	27928	 22.0	 35.0	1.732	 2.9	 0.0
1	2021	172	27669	 21.9	 36.4	1.656	 3.0	 0.0
1	2021	173	27732	 22.8	 34.9	1.655	 2.0	 0.0
1	2021	174	26057	 23.3	 36.9	1.457	 2.4	 0.0
1	2021	175	22715	 22.0	 34.6	1.720	 2.8	 0.0
1	2021	176	13306	 25.7	 31.3	2.186	 2.3	 0.0
1	2021	177	25081	 23.2	 36.3	2.392	 3.5	 0.0
1	2021	178	26731	 23.2	 36.0	2.472	 1.9	 0.0
1	2021	179	24289	 25.2	 37.6	2.246	 1.9	 0.0
1	2021	180	17427	 27.9	 34.7	2.382	 2.3	 1.8
1	2021	181	24330	 26.8	 37.8	2.343	 2.3	 1.8
1	2021	182	13455	 24.6	 31.7	2.315	 2.0	 1.9
1	2021	183	16327	 22.7	 31.9	2.544	 2.9	14.5
1	2021	184	21631	 22.2	 31.3	2.520	 1.9	 1.2
1	2021	185	23707	 24.2	 34.5	2.489	 3.4	 0.0
1	2021	186	26193	 22.5	 32.9	2.248	 2.7	 0.0
1	2021	187	21637	 22.5	 33.2	2.612	 1.9	 0.0
1	2021	188	20168	 24.5	 33.0	2.805	 1.4	 0.1
1	2021	189	25310	 24.7	 35.7	2.503	 1.5	 1.0
1	2021	190	26547	 25.0	 38.4	2.738	 3.1	 0.2
1	2021	191	23488	 26.7	 37.8	3.104	 3.4	 0.0
1	2021	192	 5905	 26.7	 31.3	3.197	 4.1	32.6
1	2021	193	23727	 26.2	 33.3	2.990	 4.4	15.2
1	2021	194	25639	 26.7	 35.4	3.023	 3.5	 0.0
1	2021	195	23643	 27.6	 35.4	3.204	 2.4	 3.2
1	2021	196	15663	 25.7	 31.7	3.119	 1.6	 7.4
1	2021	197	19776	 25.0	 31.7	3.133	 3.1	 3.7
1	2021	198	14811	 24.5	 29.8	2.886	 3.6	 2.1
1	2021	199	10483	 23.6	 28.7	2.971	 3.3	23.0
1	2021	200	 9968	 23.4	 29.4	2.963	 3.0	 7.2
1	2021	201	 3487	 23.1	 25.8	2.902	 3.7	46.5
1	2021	202	 5372	 22.8	 27.5	3.046	 3.8	62.7
1	2021	203	 9439	 23.6	 28.1	2.908	 3.5	 8.8
1	2021	204	16405	 21.6	 29.0	2.876	 2.3	 5.3
1	2021	205	21757	 23.2	 31.0	2.994	 1.4	 1.2
1	2021	206	23781	 22.6	 31.6	2.901	 1.7	 0.0
1	2021	207	25429	 23.7	 32.3	2.980	 1.9	 0.0
1	2021	208	13887	 23.9	 30.2	3.099	 2.6	 1.0
1	2021	209	10162	 23.4	 26.5	2.730	 6.0	12.8
1	2021	210	19518	 22.1	 27.3	2.350	 5.5	14.2
1	2021	211	24333	 20.3	 31.1	2.874	 1.9	 0.0
1	2021	212	25526	 24.5	 34.2	3.419	 3.5	 0.0
1	2021	213	18302	 25.7	 30.4	2.999	 3.7	 1.2
1	2021	214	24840	 23.4	 30.5	2.513	 2.9	 0.0
1	2021	215	24123	 22.2	 31.1	2.738	 1.9	 0.0
1	2021	216	20690	 23.6	 31.9	3.041	 1.8	 0.0
1	2021	217	14647	 24.2	 30.7	2.901	 1.9	 4.6
1	2021	218	22532	 21.9	 31.9	2.963	 1.5	 0.0
1	2021	219	19881	 24.7	 31.4	3.077	 1.2	 2.5
1	2021	220	21017	 23.8	 31.7	3.006	 1.3	 0.3
1	2021	221	20965	 24.5	 31.8	2.990	 1.6	 0.8
1	2021	222	17773	 23.6	 31.4	2.640	 2.8	 0.0
1	2021	223	23061	 21.7	 31.6	2.746	 1.9	 0.0
1	2021	224	12070	 24.6	 29.8	2.824	 3.0	 2.6
1	2021	225	10261	 22.2	 27.7	2.685	 1.6	 4.0
1	2021	226	21151	 20.6	 29.1	2.481	 2.4	 0.2
1	2021	227	22328	 20.2	 29.8	2.377	 1.5	 0.0
1	2021	228	21467	 21.0	 30.8	2.537	 1.6	 0.1
1	2021	229	20359	 21.8	 30.8	2.757	 1.5	 0.3
1	2021	230	19097	 23.4	 30.8	2.725	 2.3	 0.5
1	2021	231	17176	 23.7	 31.5	2.726	 3.0	 0.2
1	2021	232	15456	 22.4	 29.1	2.558	 4.4	 9.2
1	2021	233	14791	 21.2	 29.5	2.752	 1.8	 0.1
1	2021	234	 5708	 21.7	 27.3	2.668	 2.2	31.5
1	2021	235	21396	 20.8	 28.9	2.315	 3.2	 0.3
1	2021	236	23380	 19.7	 30.8	2.035	 2.8	 0.0
1	2021	237	23578	 20.6	 30.2	1.713	 3.3	 0.0
1	2021	238	13769	 18.9	 28.5	2.100	 3.0	 0.0
1	2021	239	19491	 18.7	 26.3	2.004	 3.9	 0.0
1	2021	240	 8859	 17.5	 24.8	2.251	 1.6	11.3
1	2021	241	 2324	 20.0	 21.2	2.353	 2.2	78.5
1	2021	242	 5063	 19.9	 22.9	2.460	 3.8	19.5
1	2021	243	 3859	 19.9	 22.4	2.364	 5.3	28.2
1	2021	244	 6275	 18.5	 23.1	2.247	 2.6	14.7
1	2021	245	20928	 17.2	 27.3	2.326	 1.3	 0.0
1	2021	246	14402	 19.0	 28.0	2.529	 2.1	 0.6
1	2021	247	 2491	 19.5	 23.3	2.197	 4.5	47.3
1	2021	248	12821	 19.1	 24.5	2.159	 4.7	 0.5
1	2021	249	 9277	 19.7	 25.0	2.293	 3.6	 6.3
1	2021	250	21439	 17.0	 26.4	2.060	 2.4	 0.0
1	2021	251	22242	 18.5	 28.1	2.238	 3.8	 0.0
1	2021	252	21681	 19.7	 30.1	2.495	 4.0	 0.0
1	2021	253	19704	 20.3	 30.3	2.782	 1.7	 0.0
1	2021	254	21404	 22.0	 31.1	2.647	 2.5	 0.0
1	2021	255	21004	 20.1	 30.6	2.561	 1.6	 0.0
1	2021	256	19692	 20.5	 29.8	2.638	 2.0	 0.3
1	2021	257	18224	 22.0	 29.1	2.575	 3.0	 0.4
1	2021	258	19365	 19.6	 27.8	2.106	 2.5	 0.0
1	2021	259	15450	 17.7	 27.5	1.934	 3.2	 0.0
1	2021	260	 4899	 19.7	 23.4	2.240	 3.4	 5.2
1	2021	261	 1764	 16.9	 20.3	2.156	 4.2	24.8
1	2021	262	 1472	 15.7	 17.4	1.722	 6.1	70.2
1	2021	263	16754	 17.5	 25.5	1.898	 3.0	 0.0
1	2021	264	20572	 17.7	 29.8	1.923	 3.0	 0.0
1	2021	265	17760	 17.2	 27.6	2.148	 2.7	 0.0
1	2021	266	13553	 21.2	 28.2	2.392	 3.9	 1.2
1	2021	267	 3850	 19.3	 22.8	2.452	 4.0	44.3
1	2021	268	 2794	 18.9	 21.6	2.099	 5.1	32.0
1	2021	269	 2610	 17.9	 20.4	2.033	 5.2	21.2
1	2021	270	 8384	 18.1	 23.5	2.133	 2.8	 3.8
1	2021	271	 1767	 14.4	 20.3	1.904	 2.4	26.5
1	2021	272	18738	 13.7	 26.6	1.991	 2.6	 0.0
1	2021	273	18582	 17.9	 27.4	2.059	 4.2	 0.0
1	2021	274	16494	 18.3	 25.5	2.078	 2.9	 0.0
1	2021	275	15656	 16.2	 28.3	2.276	 2.1	 0.0
1	2021	276	 8515	 20.8	 28.3	2.414	 3.2	 5.0
1	2021	277	 3543	 12.2	 20.5	1.533	 7.6	13.0
1	2021	278	 1973	 10.9	 12.9	1.244	 7.7	 7.1
1	2021	279	 1516	 10.3	 12.1	1.224	 6.1	 6.1
1	2021	280	 8286	 10.0	 16.1	1.197	 3.4	 1.7
1	2021	281	 3808	 12.1	 16.2	1.360	 2.6	 1.9
1	2021	282	 8128	 14.2	 19.3	1.592	 1.6	 4.2
1	2021	283	10172	 13.9	 18.1	1.026	 3.8	 0.0
1	2021	284	13573	 10.5	 18.5	0.852	 2.4	 0.0
1	2021	285	14754	 11.2	 19.1	0.935	 2.5	 0.0
1	2021	286	15112	 12.1	 21.2	1.055	 1.4	 0.0
1	2021	287	 8043	 13.2	 18.6	1.494	 2.3	 2.4
1	2021	288	 5522	 13.7	 20.0	1.492	 2.2	 0.1
1	2021	289	14030	  5.6	 15.4	0.487	 4.7	 0.0
1	2021	290	16328	  3.5	 14.1	0.515	 2.8	 0.0
1	2021	291	15217	  8.0	 18.8	0.914	 3.3	 0.0
1	2021	292	 6354	  9.6	 13.9	0.904	 4.5	 0.0
1	2021	293	11209	  8.4	 14.8	1.008	 2.8	 0.2
1	2021	294	14647	  6.5	 17.4	0.997	 2.2	 0.2
1	2021	295	14596	  5.6	 17.3	0.830	 2.4	 0.0
1	2021	296	13822	  5.9	 17.9	0.872	 1.3	 0.0
1	2021	297	14555	  7.1	 18.6	0.934	 2.4	 0.0
1	2021	298	13890	  8.3	 20.2	1.078	 3.0	 0.0
1	2021	299	 8407	 11.2	 20.1	1.178	 2.5	 0.0
1	2021	300	12144	  9.6	 19.5	0.865	 2.2	 0.0
1	2021	301	13532	  9.0	 20.8	0.916	 2.2	 0.0
1	2021	302	11662	 10.0	 20.9	1.230	 2.2	 0.0
1	2021	303	13563	  8.5	 22.4	1.249	 1.8	 0.0
1	2021	304	10993	 10.4	 19.9	1.119	 3.3	 0.0
1	2021	305	 7598	  9.7	 16.1	1.040	 3.2	 0.1
1	2021	306	 6696	  9.8	 17.9	1.234	 2.3	 0.5
1	2021	307	10004	  9.1	 19.8	1.127	 2.2	 0.0
1	2021	308	11744	  9.4	 20.7	1.223	 2.6	 0.1
1	2021	309	 5961	 12.0	 18.5	1.408	 2.3	 0.2
1	2021	310	 6725	 13.3	 18.8	1.475	 2.7	 1.3
1	2021	311	 5779	 -0.4	 14.7	0.571	 4.9	19.1
1	2021	312	13182	 -1.7	  9.7	0.377	 2.2	 0.0
1	2021	313	12665	  0.4	 13.9	0.474	 3.0	 0.0
1	2021	314	12314	  1.6	 14.8	0.559	 2.1	 0.0
1	2021	315	12199	  2.8	 14.6	0.591	 1.9	 0.0
1	2021	316	12167	  2.4	 14.9	0.577	 1.9	 0.0
1	2021	317	12170	  2.3	 17.0	0.581	 2.3	 0.0
1	2021	318	11945	  2.3	 17.2	0.579	 2.1	 0.0
1	2021	319	11246	  7.4	 15.3	0.700	 3.5	 0.1
1	2021	320	11148	  5.3	 14.4	0.820	 2.8	 0.0
1	2021	321	10211	  6.2	 18.4	0.871	 3.7	 0.0
1	2021	322	11199	  7.4	 18.6	0.909	 3.4	 0.0
1	2021	323	 9515	  7.0	 13.8	0.799	 4.1	 0.0
1	2021	324	 4065	  7.4	 10.6	0.791	 4.1	 0.6
1	2021	325	 8961	  2.7	 13.4	0.553	 3.0	 0.0
1	2021	326	11431	 -2.2	  6.8	0.207	 2.0	 0.0
1	2021	327	11103	 -2.8	 10.6	0.344	 2.5	 0.0
1	2021	328	10994	  0.8	 15.2	0.432	 2.2	 0.0
1	2021	329	10783	 -0.4	 15.2	0.526	 1.9	 0.0
1	2021	330	10377	  2.2	 14.1	0.560	 2.6	 0.0
1	2021	331	 9403	  0.0	 13.6	0.675	 1.9	 0.0
1	2021	332	 8802	  4.5	 13.2	0.848	 2.0	 0.0
1	2021	333	 4643	  3.0	 11.6	0.907	 1.8	 5.0
1	2021	334	10507	 -0.1	  8.7	0.387	 2.9	 0.0
1	2021	335	10286	 -2.7	  8.7	0.359	 2.2	 0.0
1	2021	336	10310	 -1.5	 12.5	0.364	 2.8	 0.0
1	2021	337	10111	 -1.7	 12.6	0.390	 1.9	 0.0
1	2021	338	 9873	  0.0	 13.2	0.466	 2.2	 0.0
1	2021	339	10006	  0.3	 13.4	0.487	 2.8	 0.0
1	2021	340	 9947	  0.5	 12.0	0.395	 4.3	 0.0
1	2021	341	 8088	  1.2	  9.5	0.460	 2.4	 0.0
1	2021	342	 5387	  0.8	  9.3	0.599	 1.6	 0.0
1	2021	343	 9399	  1.1	 11.9	0.687	 2.1	 0.0
1	2021	344	 3864	  0.0	 10.0	0.806	 1.9	 1.7
1	2021	345	 6888	  3.8	 11.6	0.918	 2.2	 1.1
1	2021	346	 9200	 -1.3	  6.6	0.453	 3.5	 0.0
1	2021	347	 9419	 -3.0	  8.3	0.483	 3.4	 0.0
1	2021	348	 9473	  1.8	 12.7	0.640	 3.1	 0.0
1	2021	349	 9126	 -1.3	 11.3	0.644	 1.9	 0.0
1	2021	350	 6197	 -1.6	 10.8	0.458	 2.3	 0.0
1	2021	351	 9101	 -3.6	  2.1	0.238	 3.3	 0.0
1	2021	352	 7675	 -3.3	  9.1	0.288	 3.7	 0.0
1	2021	353	 9572	 -0.6	 11.9	0.339	 3.3	 0.0
1	2021	354	 9554	  0.2	 14.0	0.397	 2.5	 0.0
1	2021	355	 9588	 -2.2	 13.1	0.466	 1.5	 0.0
1	2021	356	 9387	 -0.5	  8.1	0.555	 3.6	 0.0
1	2021	357	 7879	 -1.3	  6.3	0.574	 4.5	 0.0
1	2021	358	 5983	 -5.2	  2.3	0.406	 5.9	 2.1
1	2021	359	 9090	 -7.3	 -2.6	0.190	 3.0	 0.0
1	2021	360	10032	 -8.9	 -0.2	0.217	 1.8	 0.0
1	2021	361	10046	 -6.7	  4.1	0.223	 3.3	 0.0
1	2021	362	 9822	 -3.8	  7.2	0.293	 3.4	 0.0
1	2021	363	10083	 -5.4	  7.2	0.246	 2.1	 0.0
1	2021	364	10003	 -5.5	  8.9	0.314	 1.6	 0.0
1	2021	365	 6710	 -3.9	  6.9	0.356	 2.8	 0.0
