*------------------------------------------------------------*
*   Country: China
*   Station: 114.4_35.9
*      Year: 2020
*    Origin: AgERA5 dataset
*    Author: Huang Hai, CAU
* Longitude: 114.40 E
*  Latitude: 35.90 N
* Elevation: 80.00 m
*   Columns: 
*   ======== 
*  station number
*  year
*  day
*  irradiation (kJ路m-2路d-1)
*  minimum temperature (degrees Celsius)
*  maximum temperature (degrees Celsius)
*  vapour pressure (kPa)
*  mean wind speed (m路s-1)
*  precipitation (mm路d-1)
** WCCDESCRIPTION=114.4_35.9, China
** WCCFORMAT=2
** WCCYEARNR=2020
*------------------------------------------------------------*
114.40  35.90  80.00  -0.18  -0.55
1	2020	  1	 9136	 -4.1	  3.9	0.223	 2.0	 0.0
1	2020	  2	 9486	 -5.0	  5.9	0.299	 1.4	 0.0
1	2020	  3	 8502	 -2.9	  7.4	0.410	 1.6	 0.0
1	2020	  4	 7634	 -1.7	  9.2	0.541	 1.9	 0.0
1	2020	  5	  830	  0.0	  2.7	0.600	 4.1	10.8
1	2020	  6	 5020	 -2.1	  1.9	0.582	 3.5	 0.5
1	2020	  7	 2731	 -6.0	  0.9	0.574	 4.8	 9.6
1	2020	  8	 8413	-10.0	  3.3	0.466	 2.0	 0.0
1	2020	  9	10006	 -4.6	  6.0	0.423	 1.9	 0.1
1	2020	 10	 8478	 -2.7	  6.3	0.516	 1.6	 0.0
1	2020	 11	 5845	 -3.8	  3.1	0.448	 2.2	 0.1
1	2020	 12	 8185	 -6.0	  3.3	0.412	 1.2	 0.0
1	2020	 13	 9152	 -5.7	  3.7	0.435	 1.9	 0.0
1	2020	 14	 7321	 -6.1	  2.6	0.370	 1.6	 0.0
1	2020	 15	 7866	 -5.4	  3.2	0.365	 1.0	 0.1
1	2020	 16	 6651	 -4.3	  2.4	0.466	 1.1	 0.3
1	2020	 17	10400	 -4.8	  6.2	0.496	 1.9	 0.0
1	2020	 18	 9529	 -5.4	  7.9	0.483	 2.8	 0.0
1	2020	 19	11685	 -4.9	  8.0	0.339	 2.7	 0.0
1	2020	 20	11242	 -3.3	  6.5	0.326	 2.9	 0.0
1	2020	 21	 8993	 -3.8	  7.8	0.463	 2.1	 0.0
1	2020	 22	 9005	 -2.6	  8.1	0.574	 1.7	 0.0
1	2020	 23	 9759	 -3.1	  9.1	0.620	 2.1	 0.0
1	2020	 24	 9785	 -0.1	  5.2	0.498	 4.0	 0.0
1	2020	 25	10672	 -2.1	  7.8	0.466	 1.5	 0.0
1	2020	 26	 4875	 -0.2	  4.6	0.463	 3.3	 0.5
1	2020	 27	11165	 -1.4	  6.9	0.452	 1.9	 0.1
1	2020	 28	11722	 -3.2	  8.5	0.480	 1.0	 0.0
1	2020	 29	11006	 -2.6	  7.9	0.525	 2.2	 0.0
1	2020	 30	12339	 -3.9	  9.2	0.502	 1.9	 0.0
1	2020	 31	12843	 -2.6	 13.0	0.507	 2.2	 0.0
1	2020	 32	 9446	 -0.8	  7.2	0.398	 3.7	 0.0
1	2020	 33	12616	 -1.7	 10.4	0.412	 2.3	 0.0
1	2020	 34	12374	 -2.8	  8.6	0.438	 3.6	 0.0
1	2020	 35	13145	 -2.6	  6.2	0.427	 4.3	 0.0
1	2020	 36	 3455	 -4.0	  0.6	0.368	 3.2	 0.8
1	2020	 37	 6463	 -2.4	  2.9	0.462	 2.2	 2.0
1	2020	 38	13504	 -3.0	  9.1	0.562	 2.7	 0.0
1	2020	 39	13104	 -3.3	 10.9	0.610	 1.8	 0.0
1	2020	 40	14267	 -2.5	 16.2	0.498	 2.6	 0.0
1	2020	 41	14535	 -2.9	 16.0	0.455	 2.1	 0.0
1	2020	 42	13457	  1.5	 15.2	0.698	 2.5	 0.0
1	2020	 43	14351	  1.4	 17.4	0.785	 3.2	 0.0
1	2020	 44	13057	  5.1	 16.7	0.977	 3.6	 0.0
1	2020	 45	 4430	  1.2	 10.1	0.753	 5.6	 0.8
1	2020	 46	11034	 -3.5	  6.0	0.351	 4.0	 0.5
1	2020	 47	15615	 -5.4	  6.9	0.205	 2.3	 0.0
1	2020	 48	15842	 -4.7	 10.6	0.250	 2.4	 0.0
1	2020	 49	15436	 -1.9	 14.8	0.301	 3.9	 0.0
1	2020	 50	13640	  0.3	 13.1	0.445	 1.7	 0.0
1	2020	 51	11703	  0.3	 11.4	0.582	 2.4	 0.0
1	2020	 52	15638	  3.2	 16.2	0.438	 3.0	 0.1
1	2020	 53	16518	  0.3	 13.0	0.284	 3.0	 0.0
1	2020	 54	15967	  4.2	 18.0	0.614	 5.0	 0.0
1	2020	 55	 4957	  6.6	 11.2	0.775	 3.4	 1.6
1	2020	 56	11758	  4.0	 11.6	0.788	 3.7	 0.0
1	2020	 57	 4510	  4.1	  7.9	0.694	 3.5	 0.1
1	2020	 58	 5149	  1.0	  6.9	0.548	 1.9	 5.5
1	2020	 59	14416	 -0.2	 10.0	0.684	 3.0	 3.6
1	2020	 60	16497	  0.9	 14.3	0.805	 2.8	 0.0
1	2020	 61	12869	  2.9	 12.2	0.677	 3.1	 0.0
1	2020	 62	11725	  2.3	 12.1	0.591	 5.3	 0.0
1	2020	 63	18367	  1.9	 12.5	0.371	 3.0	 0.0
1	2020	 64	18437	 -0.7	  8.8	0.280	 2.9	 0.0
1	2020	 65	17854	 -1.9	 13.3	0.459	 4.2	 0.0
1	2020	 66	17139	  4.4	 16.9	0.719	 4.4	 0.0
1	2020	 67	18792	  4.1	 16.6	0.707	 2.6	 0.0
1	2020	 68	11278	  4.8	 17.1	0.882	 2.2	 0.1
1	2020	 69	10410	  5.3	 13.7	0.870	 4.6	 0.8
1	2020	 70	19689	  2.0	 15.0	0.442	 1.9	 0.0
1	2020	 71	19676	 -0.5	 19.6	0.504	 4.1	 0.0
1	2020	 72	15555	  7.3	 21.6	0.645	 4.9	 0.1
1	2020	 73	19385	  4.3	 12.9	0.393	 3.7	 0.0
1	2020	 74	20556	  2.6	 17.9	0.289	 3.6	 0.0
1	2020	 75	20429	  5.9	 20.7	0.326	 2.5	 0.0
1	2020	 76	17811	  6.6	 21.0	0.519	 3.8	 0.0
1	2020	 77	20782	  8.5	 22.8	0.417	 3.3	 0.0
1	2020	 78	21279	  8.2	 27.8	0.318	 4.3	 0.0
1	2020	 79	21362	  6.6	 20.2	0.311	 4.0	 0.0
1	2020	 80	20622	 10.8	 28.3	0.551	 5.0	 0.0
1	2020	 81	16496	 10.3	 24.0	0.633	 4.2	 0.0
1	2020	 82	21091	  7.9	 20.8	0.511	 3.3	 0.0
1	2020	 83	21343	  9.2	 24.5	0.617	 4.2	 0.0
1	2020	 84	18805	 11.9	 23.1	0.780	 3.1	 0.1
1	2020	 85	15937	 12.5	 22.5	1.254	 3.0	 1.6
1	2020	 86	 4376	  5.3	 15.9	1.023	 5.9	 3.5
1	2020	 87	19818	  4.9	 13.1	0.427	 3.0	 0.0
1	2020	 88	21277	  1.7	 14.7	0.404	 2.2	 0.0
1	2020	 89	19065	  7.4	 14.6	0.601	 4.7	 0.0
1	2020	 90	22153	  4.5	 17.0	0.755	 4.7	 0.0
1	2020	 91	16895	  7.6	 17.2	0.886	 3.9	 0.0
1	2020	 92	 6181	  6.1	 11.6	0.750	 3.3	 1.9
1	2020	 93	17350	  5.3	 15.7	0.824	 1.4	 0.9
1	2020	 94	22360	  2.9	 21.0	0.688	 1.8	 0.0
1	2020	 95	22922	  5.5	 18.9	0.644	 3.7	 0.0
1	2020	 96	22125	  5.3	 20.5	0.723	 3.7	 0.0
1	2020	 97	23257	 10.9	 23.3	0.754	 4.1	 0.0
1	2020	 98	21794	  9.6	 23.5	0.851	 2.8	 0.2
1	2020	 99	22097	 10.0	 19.4	0.748	 3.3	 0.3
1	2020	100	14264	  7.7	 12.5	0.694	 6.1	 0.2
1	2020	101	 5090	  4.9	  8.4	0.786	 4.7	12.8
1	2020	102	23101	  3.8	 16.9	0.658	 3.1	 0.1
1	2020	103	25089	  7.0	 22.1	0.473	 4.4	 0.0
1	2020	104	24658	  6.0	 24.5	0.681	 2.7	 0.0
1	2020	105	21052	 11.0	 23.9	0.724	 4.1	 0.0
1	2020	106	23628	  9.4	 26.9	1.000	 3.9	 0.0
1	2020	107	24924	 14.6	 25.8	0.829	 3.3	 0.0
1	2020	108	25177	  9.9	 23.2	0.630	 3.2	 0.0
1	2020	109	14009	  9.7	 20.6	0.932	 1.7	 1.8
1	2020	110	24005	 10.4	 23.8	1.069	 3.0	 0.1
1	2020	111	23143	 13.1	 21.7	0.489	 3.6	 0.0
1	2020	112	24774	  8.9	 20.9	0.469	 2.6	 0.0
1	2020	113	26325	  6.6	 17.2	0.300	 2.6	 0.0
1	2020	114	26607	  5.5	 18.8	0.336	 2.4	 0.0
1	2020	115	26967	  6.2	 26.1	0.368	 3.8	 0.0
1	2020	116	26401	 13.0	 23.3	0.468	 4.5	 0.0
1	2020	117	25551	  9.2	 23.3	0.686	 2.6	 0.0
1	2020	118	26032	 12.3	 23.6	0.709	 3.5	 0.3
1	2020	119	26216	 13.0	 27.5	0.726	 6.1	 0.0
1	2020	120	25304	 14.2	 31.8	0.999	 4.0	 0.0
1	2020	121	25892	 15.7	 35.1	1.293	 3.0	 0.0
1	2020	122	25892	 18.4	 33.7	1.697	 4.9	 0.0
1	2020	123	25542	 18.2	 33.3	2.160	 3.3	 0.0
1	2020	124	25926	 17.6	 35.0	2.078	 3.1	 0.0
1	2020	125	 7090	 13.1	 24.8	1.274	 6.6	 4.7
1	2020	126	25751	 11.5	 24.2	1.379	 2.1	 7.0
1	2020	127	20214	 12.8	 25.3	1.509	 2.6	 0.0
1	2020	128	 5097	 16.9	 19.6	1.754	 2.8	 7.5
1	2020	129	 5208	 13.0	 17.2	1.575	 6.2	14.1
1	2020	130	11847	 10.3	 18.5	1.430	 1.9	 1.4
1	2020	131	26642	  9.6	 28.3	1.312	 2.8	 0.0
1	2020	132	23679	 16.2	 25.8	0.869	 4.6	 0.1
1	2020	133	27372	 16.5	 26.2	0.854	 3.5	 0.0
1	2020	134	22772	 14.7	 30.2	1.165	 3.8	 0.0
1	2020	135	21965	 17.7	 27.7	1.401	 2.1	 0.0
1	2020	136	26095	 14.4	 30.6	1.608	 2.8	 0.0
1	2020	137	23945	 19.3	 34.1	1.832	 4.1	 0.1
1	2020	138	26021	 15.7	 31.3	1.371	 4.3	 0.0
1	2020	139	26504	 13.0	 25.8	0.851	 3.7	 0.0
1	2020	140	27844	 14.0	 29.9	0.863	 2.4	 0.0
1	2020	141	25945	 16.0	 32.5	1.090	 3.8	 0.0
1	2020	142	26759	 19.9	 33.9	1.204	 4.3	 0.0
1	2020	143	27880	 17.6	 32.7	1.276	 3.0	 0.0
1	2020	144	23990	 21.3	 29.0	1.259	 4.2	 0.0
1	2020	145	19411	 17.8	 29.0	1.364	 1.8	 0.0
1	2020	146	25560	 19.0	 32.4	1.142	 3.4	 0.0
1	2020	147	26097	 16.6	 28.8	1.299	 3.2	 0.0
1	2020	148	26588	 18.3	 32.8	0.893	 3.0	 0.0
1	2020	149	28058	 17.2	 34.8	0.920	 2.7	 0.0
1	2020	150	24981	 22.3	 32.5	1.278	 4.8	 0.2
1	2020	151	21530	 20.1	 29.1	1.587	 3.3	 0.0
1	2020	152	26941	 18.0	 33.1	1.435	 2.5	 0.0
1	2020	153	24490	 19.3	 35.0	1.328	 3.2	 0.6
1	2020	154	22065	 18.4	 34.1	0.993	 2.7	 0.0
1	2020	155	28846	 21.0	 39.3	0.782	 3.4	 0.0
1	2020	156	27197	 22.7	 37.0	1.146	 3.1	 0.0
1	2020	157	25233	 21.4	 33.3	1.372	 3.7	 0.0
1	2020	158	27165	 22.2	 36.1	1.524	 3.4	 0.0
1	2020	159	27627	 25.2	 37.0	1.234	 4.2	 0.0
1	2020	160	24097	 22.7	 35.4	1.353	 2.4	 0.0
1	2020	161	18005	 24.4	 32.1	1.813	 2.3	 0.4
1	2020	162	26334	 21.1	 34.6	1.698	 1.6	 0.0
1	2020	163	17381	 22.7	 34.3	2.171	 1.9	 7.5
1	2020	164	17538	 20.5	 28.3	2.140	 1.9	10.6
1	2020	165	24629	 19.9	 32.5	2.268	 2.4	 0.0
1	2020	166	27969	 22.1	 32.3	1.448	 3.5	 0.0
1	2020	167	12354	 20.7	 32.0	1.726	 1.6	 0.6
1	2020	168	 6091	 19.6	 24.5	2.001	 2.1	19.7
1	2020	169	 4768	 18.1	 20.9	2.049	 1.2	17.1
1	2020	170	21041	 16.1	 27.3	1.935	 2.1	 0.0
1	2020	171	22388	 17.4	 28.5	1.945	 3.2	 0.0
1	2020	172	25684	 20.8	 30.0	2.060	 4.1	 0.0
1	2020	173	23496	 20.3	 30.7	2.149	 3.0	 0.0
1	2020	174	14705	 20.9	 28.2	2.259	 2.5	 1.5
1	2020	175	11828	 20.5	 27.8	2.269	 1.5	 0.1
1	2020	176	25907	 20.5	 32.4	2.221	 2.2	 1.6
1	2020	177	24805	 20.4	 32.2	2.378	 2.9	 8.9
1	2020	178	18338	 24.2	 30.6	2.189	 2.6	 0.0
1	2020	179	25701	 22.4	 33.8	2.312	 1.5	 1.1
1	2020	180	14877	 24.0	 29.5	2.684	 1.7	 1.9
1	2020	181	19821	 22.1	 30.6	2.587	 2.5	 2.5
1	2020	182	22477	 21.3	 28.8	2.330	 3.5	 1.9
1	2020	183	24241	 20.3	 31.7	2.076	 2.6	 0.0
1	2020	184	19373	 22.4	 30.7	2.439	 2.5	13.8
1	2020	185	13179	 21.2	 27.0	2.475	 2.8	 1.0
1	2020	186	13915	 21.9	 29.0	2.618	 2.3	 3.3
1	2020	187	25673	 21.7	 32.8	2.428	 1.9	 2.9
1	2020	188	26709	 22.4	 33.9	2.452	 2.3	 0.0
1	2020	189	24844	 24.2	 33.9	2.553	 2.4	 0.2
1	2020	190	20884	 25.1	 32.5	2.619	 1.5	 0.4
1	2020	191	20789	 25.3	 32.4	2.392	 2.3	 0.6
1	2020	192	13923	 22.5	 29.7	2.447	 1.8	 0.0
1	2020	193	 7866	 23.1	 27.5	2.629	 2.3	 4.9
1	2020	194	10846	 21.3	 25.9	2.323	 4.5	 8.5
1	2020	195	23284	 19.6	 29.2	2.260	 2.2	 0.0
1	2020	196	15374	 21.6	 29.0	2.408	 2.7	 0.1
1	2020	197	22493	 20.7	 30.6	2.332	 2.8	 0.0
1	2020	198	24574	 22.5	 31.8	2.354	 4.0	 0.0
1	2020	199	18792	 22.6	 29.3	2.239	 3.5	 0.3
1	2020	200	19790	 19.7	 29.7	2.154	 1.9	 0.0
1	2020	201	19765	 22.7	 30.4	2.180	 3.0	 0.0
1	2020	202	26500	 20.0	 34.8	2.125	 3.0	 0.0
1	2020	203	21223	 24.2	 32.8	2.325	 4.2	 0.0
1	2020	204	13568	 23.0	 27.8	2.336	 3.7	 1.6
1	2020	205	24129	 21.6	 31.7	2.153	 3.2	 0.1
1	2020	206	26210	 21.5	 33.1	2.128	 2.1	 0.0
1	2020	207	18916	 22.8	 34.3	2.119	 1.9	 0.2
1	2020	208	13376	 21.5	 28.5	2.319	 3.5	 4.7
1	2020	209	14900	 20.5	 29.0	2.289	 2.9	 0.1
1	2020	210	18509	 21.6	 31.3	2.525	 3.1	 0.0
1	2020	211	21172	 24.0	 33.1	2.702	 3.4	 0.0
1	2020	212	22453	 23.5	 33.7	2.778	 3.4	 0.0
1	2020	213	20090	 24.8	 32.9	2.985	 3.6	 0.7
1	2020	214	17150	 25.6	 35.1	3.111	 3.1	 0.2
1	2020	215	19656	 25.0	 33.6	3.161	 3.4	18.1
1	2020	216	16540	 26.5	 34.9	3.479	 1.9	 1.2
1	2020	217	14122	 25.1	 31.8	3.174	 2.4	 8.7
1	2020	218	 3926	 23.0	 25.5	2.941	 2.6	25.9
1	2020	219	 2836	 21.6	 23.2	2.505	 3.3	47.5
1	2020	220	 4689	 22.3	 25.7	2.857	 4.5	 4.3
1	2020	221	19401	 22.4	 30.1	2.882	 2.1	 0.0
1	2020	222	22951	 23.2	 32.3	3.117	 1.9	 0.0
1	2020	223	18907	 24.6	 32.5	3.251	 2.2	 0.2
1	2020	224	17501	 25.4	 32.3	3.379	 2.6	 0.1
1	2020	225	 7469	 24.7	 30.1	3.286	 2.4	 9.7
1	2020	226	15769	 25.1	 31.7	3.303	 2.8	 1.5
1	2020	227	22939	 23.9	 32.9	3.179	 2.5	 0.2
1	2020	228	 6830	 20.7	 27.2	2.424	 3.4	19.2
1	2020	229	11467	 21.4	 26.7	2.524	 2.9	 1.3
1	2020	230	20882	 22.1	 31.9	3.065	 2.5	 1.7
1	2020	231	21300	 24.7	 32.2	3.090	 3.5	 0.3
1	2020	232	10888	 20.6	 25.9	2.230	 4.2	 2.3
1	2020	233	 3930	 19.6	 22.8	2.321	 3.7	26.8
1	2020	234	14979	 18.4	 24.9	2.081	 3.1	 0.0
1	2020	235	15321	 20.1	 26.8	2.253	 1.8	 0.4
1	2020	236	16476	 21.8	 29.3	2.822	 4.2	 0.1
1	2020	237	10688	 22.5	 26.8	2.741	 3.1	 5.2
1	2020	238	17332	 19.8	 31.2	2.642	 1.3	 0.0
1	2020	239	22318	 20.0	 30.3	2.520	 2.4	 0.2
1	2020	240	22277	 20.2	 30.4	2.365	 2.4	 0.0
1	2020	241	21461	 21.1	 30.6	2.523	 1.9	 0.0
1	2020	242	22747	 22.1	 31.6	2.514	 2.4	 0.0
1	2020	243	21577	 20.5	 31.3	2.626	 1.2	 0.0
1	2020	244	19779	 22.4	 31.1	2.638	 2.3	 1.5
1	2020	245	22945	 20.4	 31.8	2.051	 1.7	 0.0
1	2020	246	20631	 19.9	 29.0	1.606	 3.1	 0.3
1	2020	247	23075	 18.2	 29.4	1.377	 2.4	 0.0
1	2020	248	22634	 17.1	 31.2	1.469	 2.2	 0.0
1	2020	249	20348	 19.5	 34.1	1.336	 3.4	 0.0
1	2020	250	21319	 21.6	 33.2	1.623	 2.0	 0.0
1	2020	251	21510	 19.9	 32.5	1.971	 1.9	 0.1
1	2020	252	19595	 20.7	 30.8	1.960	 2.0	 0.0
1	2020	253	14516	 20.4	 30.0	2.127	 1.2	 0.8
1	2020	254	18216	 21.2	 30.9	1.789	 2.7	 0.1
1	2020	255	19435	 18.5	 27.4	1.583	 3.4	 0.0
1	2020	256	14989	 18.9	 26.5	1.722	 4.1	 0.0
1	2020	257	15062	 18.9	 26.9	1.913	 2.7	 0.1
1	2020	258	13932	 19.3	 28.0	2.086	 1.6	 0.5
1	2020	259	16856	 20.7	 29.8	2.090	 3.1	 0.5
1	2020	260	20713	 17.3	 29.4	1.011	 2.7	 0.0
1	2020	261	19994	 18.0	 27.7	0.933	 2.5	 0.0
1	2020	262	21281	 14.8	 31.8	0.884	 2.5	 0.0
1	2020	263	20766	 15.5	 31.7	1.029	 2.6	 0.0
1	2020	264	20185	 18.3	 30.8	1.214	 2.6	 0.0
1	2020	265	 9837	 17.6	 27.4	1.444	 1.7	 0.0
1	2020	266	13642	 17.9	 27.8	1.415	 1.8	 0.0
1	2020	267	10645	 18.4	 25.8	1.840	 2.3	 2.8
1	2020	268	13696	 16.6	 24.7	1.830	 2.1	 0.7
1	2020	269	14027	 16.4	 25.7	1.685	 2.4	 0.0
1	2020	270	14293	 16.1	 25.8	1.647	 2.5	 0.1
1	2020	271	11499	 17.5	 25.0	1.686	 1.5	 0.3
1	2020	272	13852	 16.0	 26.3	1.448	 2.5	 0.4
1	2020	273	12135	 15.8	 26.9	1.561	 3.6	 0.0
1	2020	274	 7356	 15.8	 21.3	1.477	 2.0	 0.0
1	2020	275	12546	 16.1	 28.0	1.692	 3.0	 0.2
1	2020	276	 4491	 17.5	 21.0	1.003	 2.4	 0.0
1	2020	277	 7650	 15.7	 21.9	1.085	 2.5	 0.1
1	2020	278	15678	  9.8	 18.9	0.512	 4.6	 0.0
1	2020	279	10338	  8.4	 18.7	0.597	 2.8	 0.0
1	2020	280	 7563	 10.1	 19.2	0.835	 2.7	 0.0
1	2020	281	16327	 12.3	 22.5	0.789	 3.1	 0.0
1	2020	282	12550	  9.6	 22.2	1.009	 2.0	 0.0
1	2020	283	13822	 12.1	 23.8	1.128	 2.0	 0.0
1	2020	284	 3489	 13.5	 19.2	1.337	 1.6	 0.2
1	2020	285	11657	 14.2	 24.2	1.351	 2.3	 0.0
1	2020	286	12203	 14.8	 20.5	0.720	 3.3	 0.0
1	2020	287	 6716	 14.6	 21.2	1.242	 2.7	 1.0
1	2020	288	 4675	 11.8	 15.4	1.252	 2.9	10.1
1	2020	289	10000	 11.2	 18.9	1.268	 3.6	 0.0
1	2020	290	13316	  9.3	 19.3	0.968	 3.4	 0.0
1	2020	291	16153	  7.5	 21.9	0.822	 3.2	 0.0
1	2020	292	14899	  7.7	 22.2	0.892	 2.4	 0.0
1	2020	293	15541	  9.5	 22.1	0.972	 2.6	 0.0
1	2020	294	11797	 11.3	 21.9	1.007	 4.8	 0.0
1	2020	295	15737	 10.4	 21.2	0.616	 2.9	 0.0
1	2020	296	15320	  7.2	 19.6	0.467	 2.4	 0.0
1	2020	297	15167	  4.7	 17.1	0.468	 1.8	 0.0
1	2020	298	14676	  4.9	 19.6	0.526	 3.6	 0.0
1	2020	299	13773	 10.7	 22.1	0.694	 3.4	 0.0
1	2020	300	13890	 10.0	 24.4	0.942	 1.5	 0.0
1	2020	301	 4901	 12.7	 16.0	0.610	 4.3	 0.0
1	2020	302	 6962	 12.1	 17.1	0.601	 1.8	 0.0
1	2020	303	 8117	 10.4	 17.4	0.691	 1.4	 0.0
1	2020	304	13446	  6.9	 18.4	0.819	 1.8	 0.0
1	2020	305	11360	 11.9	 22.5	0.970	 2.5	 0.0
1	2020	306	 9958	  9.7	 19.5	0.507	 2.4	 0.0
1	2020	307	13459	  7.1	 17.8	0.412	 3.1	 0.0
1	2020	308	13168	  4.0	 17.6	0.401	 2.4	 0.0
1	2020	309	12598	  8.0	 19.2	0.501	 4.9	 0.0
1	2020	310	 6014	 12.0	 19.2	0.730	 3.0	 0.0
1	2020	311	12618	  9.4	 22.6	0.598	 2.6	 0.0
1	2020	312	12763	  7.4	 21.6	0.392	 2.9	 0.0
1	2020	313	12666	  6.9	 15.7	0.300	 2.8	 0.0
1	2020	314	12143	  4.5	 18.8	0.399	 1.9	 0.0
1	2020	315	11736	  4.7	 19.4	0.565	 1.8	 0.0
1	2020	316	11396	  8.0	 19.8	0.691	 3.9	 0.0
1	2020	317	10692	 10.3	 21.4	0.819	 3.0	 0.0
1	2020	318	11518	  9.5	 18.0	0.585	 3.2	 0.0
1	2020	319	10411	  7.5	 18.8	0.858	 2.2	 0.0
1	2020	320	10530	  8.0	 18.9	1.035	 1.6	 0.0
1	2020	321	 4362	 10.5	 16.1	1.159	 1.8	 0.1
1	2020	322	  498	 10.9	 12.4	1.218	 3.6	10.2
1	2020	323	 4274	  8.6	 14.9	1.193	 3.6	 2.9
1	2020	324	10037	  6.2	 15.2	0.783	 2.9	 0.0
1	2020	325	 9342	  3.5	 10.5	0.629	 2.9	 0.0
1	2020	326	 5075	  1.9	  7.1	0.704	 2.9	 3.5
1	2020	327	 5535	  1.9	  6.0	0.591	 3.1	 0.1
1	2020	328	 5299	 -0.3	  6.5	0.599	 2.1	 0.7
1	2020	329	 7280	  0.8	  7.7	0.669	 2.6	 0.0
1	2020	330	 8811	 -0.3	  9.7	0.667	 1.8	 0.0
1	2020	331	 8652	  1.4	  8.7	0.538	 2.9	 0.0
1	2020	332	 8882	 -0.6	  8.5	0.540	 2.6	 0.0
1	2020	333	 5618	 -1.0	  5.4	0.445	 2.1	 0.1
1	2020	334	 9486	 -2.4	  7.2	0.505	 2.1	 0.0
1	2020	335	 4466	 -3.1	  4.8	0.544	 1.5	 0.3
1	2020	336	 5013	 -0.5	  5.6	0.595	 1.6	 0.9
1	2020	337	 3745	 -0.6	  4.3	0.626	 1.4	 0.3
1	2020	338	 5128	 -0.4	  4.1	0.473	 1.5	 0.1
1	2020	339	 8575	 -3.7	  6.3	0.464	 1.5	 0.0
1	2020	340	 9402	 -2.9	  8.0	0.472	 2.2	 0.0
1	2020	341	 9081	 -2.0	  9.9	0.556	 2.1	 0.0
1	2020	342	 6899	 -2.1	  4.0	0.383	 2.8	 0.0
1	2020	343	 8731	 -4.2	  5.5	0.318	 2.4	 0.0
1	2020	344	 7621	 -0.5	  9.0	0.511	 2.3	 0.0
1	2020	345	 9078	 -3.5	 10.0	0.474	 1.8	 0.0
1	2020	346	 6117	 -2.5	  8.6	0.442	 2.2	 0.0
1	2020	347	 7805	 -2.7	 10.8	0.464	 2.2	 0.0
1	2020	348	 9439	 -3.9	  3.9	0.179	 5.4	 0.0
1	2020	349	 9636	 -7.3	  1.7	0.182	 2.7	 0.0
1	2020	350	 9446	 -6.7	  2.9	0.245	 1.5	 0.0
1	2020	351	 9414	 -6.8	  3.6	0.268	 1.9	 0.0
1	2020	352	 8051	 -5.2	  5.8	0.331	 2.1	 0.0
1	2020	353	 9365	 -4.9	  3.3	0.259	 3.0	 0.0
1	2020	354	 8696	 -6.4	  4.6	0.251	 2.3	 0.0
1	2020	355	 9415	 -5.3	  6.2	0.302	 2.0	 0.0
1	2020	356	 9441	 -5.9	  7.1	0.316	 1.8	 0.0
1	2020	357	 9523	 -5.4	  9.0	0.391	 2.1	 0.0
1	2020	358	 8769	 -1.5	  9.8	0.369	 2.3	 0.0
1	2020	359	 9574	 -3.8	  8.8	0.284	 2.0	 0.0
1	2020	360	 9372	 -4.8	  9.8	0.320	 2.0	 0.0
1	2020	361	 8720	 -2.6	 10.1	0.423	 1.4	 0.0
1	2020	362	 9401	 -3.1	  9.0	0.462	 1.8	 0.0
1	2020	363	 7056	 -0.9	  5.0	0.490	 5.2	 0.7
1	2020	364	 6560	 -8.2	  0.3	0.203	 4.8	 1.3
1	2020	365	10309	 -9.3	 -1.0	0.106	 2.9	 0.0
1	2020	366	10264	 -8.6	  2.5	0.145	 2.6	 0.0
