*------------------------------------------------------------*
*   Country: China
*   Station: 114.8_35.3
*      Year: 2020
*    Origin: AgERA5 dataset
*    Author: Huang Hai, CAU
* Longitude: 114.80 E
*  Latitude: 35.30 N
* Elevation: 61.00 m
*   Columns: 
*   ======== 
*  station number
*  year
*  day
*  irradiation (kJ路m-2路d-1)
*  minimum temperature (degrees Celsius)
*  maximum temperature (degrees Celsius)
*  vapour pressure (kPa)
*  mean wind speed (m路s-1)
*  precipitation (mm路d-1)
** WCCDESCRIPTION=114.8_35.3, China
** WCCFORMAT=2
** WCCYEARNR=2020
*------------------------------------------------------------*
114.80  35.30  61.00  -0.18  -0.55
1	2020	  1	 9364	 -3.5	  4.9	0.261	 2.1	 0.0
1	2020	  2	 8785	 -3.8	  6.5	0.360	 1.1	 0.0
1	2020	  3	 7764	 -2.8	  8.1	0.452	 1.4	 0.0
1	2020	  4	 7672	 -1.0	 10.5	0.594	 1.8	 0.0
1	2020	  5	   82	  0.7	  3.8	0.668	 3.9	17.4
1	2020	  6	 2553	 -0.9	  2.3	0.633	 4.3	 2.8
1	2020	  7	 2281	 -5.8	  0.8	0.608	 4.9	13.3
1	2020	  8	 7484	 -7.3	  4.6	0.481	 1.4	 0.0
1	2020	  9	 9753	 -4.1	  5.8	0.471	 1.6	 0.0
1	2020	 10	 8081	 -3.0	  6.6	0.573	 1.7	 0.0
1	2020	 11	 6439	 -4.3	  3.8	0.510	 2.3	 0.1
1	2020	 12	 7327	 -5.0	  3.8	0.471	 0.9	 0.0
1	2020	 13	 7044	 -4.3	  4.2	0.492	 2.1	 0.0
1	2020	 14	10702	 -5.9	  3.6	0.400	 1.6	 0.0
1	2020	 15	 7370	 -4.6	  3.3	0.407	 1.3	 0.1
1	2020	 16	 7599	 -2.6	  3.3	0.505	 1.1	 0.1
1	2020	 17	10284	 -3.5	  6.5	0.553	 2.0	 0.0
1	2020	 18	 9862	 -4.2	  7.9	0.565	 2.6	 0.0
1	2020	 19	11757	 -3.7	  8.1	0.389	 2.3	 0.0
1	2020	 20	10996	 -2.2	  7.4	0.402	 2.8	 0.0
1	2020	 21	 8757	 -4.2	  8.1	0.541	 1.8	 0.0
1	2020	 22	 8380	 -2.9	  8.2	0.612	 1.8	 0.0
1	2020	 23	 9221	 -2.3	  9.6	0.665	 2.0	 0.0
1	2020	 24	 8343	  1.5	  5.6	0.569	 4.1	 0.0
1	2020	 25	 8713	  0.1	  7.7	0.500	 1.6	 0.0
1	2020	 26	 4054	  1.2	  4.3	0.514	 3.3	 1.2
1	2020	 27	11376	 -0.9	  7.0	0.467	 2.3	 0.1
1	2020	 28	11953	 -4.1	  8.5	0.515	 1.4	 0.0
1	2020	 29	11402	 -3.2	  8.2	0.533	 2.2	 0.0
1	2020	 30	12450	 -3.3	  9.3	0.528	 1.7	 0.0
1	2020	 31	12835	 -0.8	 12.4	0.592	 2.9	 0.0
1	2020	 32	 9365	 -1.0	  8.5	0.519	 2.8	 0.0
1	2020	 33	12561	 -2.2	 10.5	0.439	 2.2	 0.0
1	2020	 34	12829	 -2.7	  8.8	0.471	 2.8	 0.0
1	2020	 35	12813	 -0.3	  7.8	0.531	 4.0	 0.0
1	2020	 36	 2376	 -2.4	  0.5	0.412	 3.7	 1.3
1	2020	 37	 4531	 -1.7	  2.8	0.520	 2.3	 3.9
1	2020	 38	12772	 -2.1	  8.8	0.608	 2.6	 0.0
1	2020	 39	12813	 -2.2	 10.6	0.667	 1.9	 0.0
1	2020	 40	14294	 -0.2	 15.4	0.571	 3.2	 0.0
1	2020	 41	14474	  1.1	 15.9	0.565	 2.9	 0.0
1	2020	 42	13829	  3.7	 15.4	0.758	 2.9	 0.0
1	2020	 43	14271	  3.4	 17.1	0.902	 3.3	 0.0
1	2020	 44	11985	  6.7	 17.4	1.085	 3.8	 0.0
1	2020	 45	 4022	  1.3	 11.5	0.840	 5.3	 0.6
1	2020	 46	 7067	 -2.6	  4.8	0.378	 3.8	 0.8
1	2020	 47	15736	 -5.4	  6.2	0.245	 2.0	 0.0
1	2020	 48	15944	 -4.3	  9.2	0.274	 2.2	 0.0
1	2020	 49	15633	 -0.4	 14.2	0.344	 4.5	 0.0
1	2020	 50	12428	  3.1	 13.5	0.526	 2.6	 0.0
1	2020	 51	12797	 -0.6	 13.0	0.656	 1.9	 0.0
1	2020	 52	15924	  4.5	 15.5	0.542	 2.8	 0.3
1	2020	 53	16500	  1.6	 13.1	0.315	 2.6	 0.0
1	2020	 54	15971	  4.1	 18.1	0.653	 4.2	 0.0
1	2020	 55	 4145	  7.2	 14.2	0.906	 3.0	 3.3
1	2020	 56	12539	  4.8	 12.6	0.847	 3.8	 0.0
1	2020	 57	 5158	  5.1	  9.8	0.760	 3.7	 0.0
1	2020	 58	 4793	  1.1	  7.5	0.555	 2.2	 5.7
1	2020	 59	13108	 -0.4	  9.3	0.696	 2.0	 4.8
1	2020	 60	16409	  1.1	 14.0	0.815	 2.6	 0.0
1	2020	 61	12064	  4.3	 12.2	0.756	 2.6	 0.0
1	2020	 62	10553	  3.1	 11.6	0.630	 4.1	 0.0
1	2020	 63	17183	  0.4	 12.3	0.401	 3.0	 0.0
1	2020	 64	18373	 -1.1	 10.2	0.339	 2.7	 0.0
1	2020	 65	17801	 -0.8	 13.7	0.503	 3.7	 0.0
1	2020	 66	15232	  4.4	 16.8	0.755	 4.0	 0.0
1	2020	 67	18844	  4.9	 16.9	0.779	 2.7	 0.0
1	2020	 68	11861	  6.3	 17.6	0.936	 2.6	 0.6
1	2020	 69	 7135	  6.3	 13.0	0.881	 4.2	 0.3
1	2020	 70	19493	  3.0	 14.6	0.560	 2.0	 0.0
1	2020	 71	19680	  0.7	 19.3	0.590	 4.2	 0.0
1	2020	 72	17895	  9.0	 21.0	0.722	 5.1	 0.0
1	2020	 73	18718	  5.1	 13.5	0.464	 3.9	 0.0
1	2020	 74	20671	  3.2	 17.9	0.426	 3.3	 0.0
1	2020	 75	20444	  4.7	 20.6	0.366	 2.2	 0.0
1	2020	 76	16480	  7.8	 19.8	0.626	 4.2	 0.0
1	2020	 77	20827	  6.2	 22.9	0.557	 2.7	 0.0
1	2020	 78	21219	 10.3	 27.2	0.377	 5.1	 0.0
1	2020	 79	21515	  6.5	 19.8	0.320	 3.5	 0.0
1	2020	 80	20805	 10.3	 26.8	0.601	 5.6	 0.0
1	2020	 81	15978	 14.2	 25.7	0.914	 4.3	 0.0
1	2020	 82	20818	  9.0	 21.1	0.579	 3.4	 0.0
1	2020	 83	21303	  9.0	 24.1	0.688	 3.5	 0.0
1	2020	 84	18633	 11.2	 23.5	0.790	 3.3	 0.0
1	2020	 85	10539	 12.6	 20.3	1.328	 2.8	 6.0
1	2020	 86	 5096	  5.8	 16.3	1.050	 5.7	 2.2
1	2020	 87	19616	  5.4	 13.4	0.427	 3.9	 0.0
1	2020	 88	22059	  2.2	 14.9	0.431	 2.1	 0.0
1	2020	 89	14863	  6.8	 12.9	0.671	 3.6	 0.0
1	2020	 90	21638	  4.1	 16.0	0.780	 3.6	 0.0
1	2020	 91	12781	  7.3	 14.9	0.882	 3.3	 0.0
1	2020	 92	 8068	  5.8	 14.6	0.825	 2.9	 0.8
1	2020	 93	 9745	  5.7	 14.1	0.904	 1.7	 2.0
1	2020	 94	21492	  2.8	 19.8	0.760	 1.9	 0.0
1	2020	 95	22583	  5.5	 20.9	0.710	 2.9	 0.0
1	2020	 96	21423	  6.3	 20.0	0.758	 3.2	 0.0
1	2020	 97	23022	 10.9	 22.7	0.723	 3.8	 0.0
1	2020	 98	22774	 10.1	 24.7	0.898	 2.9	 0.0
1	2020	 99	21369	 10.7	 21.5	0.874	 2.6	 0.2
1	2020	100	16306	  8.0	 14.7	0.802	 6.0	 1.4
1	2020	101	 2559	  5.8	  8.1	0.831	 4.7	13.4
1	2020	102	22946	  3.3	 16.2	0.723	 2.9	 0.2
1	2020	103	25156	  5.9	 21.8	0.563	 4.1	 0.0
1	2020	104	24673	  7.2	 23.8	0.745	 3.2	 0.0
1	2020	105	17586	 12.3	 23.0	0.750	 3.9	 0.0
1	2020	106	23987	 10.3	 26.5	1.071	 3.7	 0.0
1	2020	107	23865	 13.9	 24.8	1.041	 3.3	 0.4
1	2020	108	25313	  9.4	 23.4	0.700	 3.2	 0.0
1	2020	109	13526	  9.3	 20.5	0.978	 2.2	 3.0
1	2020	110	21558	 10.5	 22.3	1.103	 2.8	 0.4
1	2020	111	23389	 13.0	 21.0	0.560	 3.6	 0.0
1	2020	112	23306	  9.2	 20.6	0.630	 2.3	 0.0
1	2020	113	25966	  7.8	 17.2	0.335	 2.8	 0.0
1	2020	114	26457	  5.6	 19.1	0.401	 2.0	 0.0
1	2020	115	26942	  5.9	 24.7	0.409	 4.6	 0.0
1	2020	116	26566	 13.4	 24.0	0.508	 4.4	 0.0
1	2020	117	25834	  9.6	 23.8	0.738	 2.7	 0.0
1	2020	118	25547	 11.0	 22.6	0.763	 2.8	 2.1
1	2020	119	26301	 12.7	 26.7	0.756	 5.4	 0.0
1	2020	120	25440	 14.3	 31.2	1.115	 4.1	 0.0
1	2020	121	25744	 17.6	 34.4	1.556	 3.7	 0.0
1	2020	122	24991	 19.6	 32.7	1.852	 5.1	 0.0
1	2020	123	25433	 18.3	 33.2	2.234	 3.1	 0.0
1	2020	124	26250	 18.1	 35.8	1.900	 2.1	 0.0
1	2020	125	 8145	 13.2	 25.8	1.315	 6.4	 5.8
1	2020	126	25108	 12.1	 23.7	1.423	 2.3	 5.8
1	2020	127	21585	 12.6	 25.4	1.483	 2.8	 0.0
1	2020	128	 5156	 16.7	 20.0	1.751	 3.1	 8.3
1	2020	129	 5039	 13.5	 17.6	1.598	 5.8	10.9
1	2020	130	12998	 10.5	 18.5	1.399	 2.5	 1.9
1	2020	131	27112	 11.7	 27.7	1.438	 2.9	 0.0
1	2020	132	23893	 16.8	 25.4	0.924	 4.6	 0.0
1	2020	133	27502	 14.1	 26.4	0.948	 3.1	 0.0
1	2020	134	23791	 15.7	 30.1	1.197	 3.6	 0.1
1	2020	135	19479	 17.5	 27.0	1.484	 2.1	 0.0
1	2020	136	26590	 14.1	 30.4	1.642	 2.7	 0.0
1	2020	137	23407	 19.7	 32.9	1.801	 4.6	 0.6
1	2020	138	26720	 16.2	 32.0	1.528	 4.1	 0.2
1	2020	139	27087	 12.3	 26.3	0.851	 3.5	 0.0
1	2020	140	27941	 14.6	 30.3	0.826	 2.5	 0.0
1	2020	141	23917	 17.1	 32.2	1.055	 3.5	 0.0
1	2020	142	27052	 19.6	 33.9	1.221	 3.9	 0.0
1	2020	143	28191	 18.8	 33.4	1.135	 2.8	 0.0
1	2020	144	25078	 21.4	 30.4	1.317	 4.2	 0.0
1	2020	145	15623	 17.8	 29.4	1.341	 1.7	 0.0
1	2020	146	24825	 21.3	 32.1	1.078	 4.2	 0.0
1	2020	147	26472	 17.0	 29.3	1.285	 3.5	 0.0
1	2020	148	26724	 18.4	 33.5	0.906	 3.3	 0.0
1	2020	149	27651	 16.8	 35.0	0.946	 2.7	 0.0
1	2020	150	22480	 23.9	 32.5	1.330	 4.8	 0.0
1	2020	151	20812	 20.0	 29.0	1.566	 3.4	 0.0
1	2020	152	26135	 17.8	 33.2	1.601	 2.5	 0.0
1	2020	153	24895	 20.9	 35.4	1.519	 4.0	 0.1
1	2020	154	19913	 19.6	 33.9	1.110	 2.3	 0.0
1	2020	155	29045	 22.0	 38.8	0.802	 3.7	 0.0
1	2020	156	26514	 23.6	 39.3	1.196	 2.7	 0.0
1	2020	157	22421	 22.4	 34.2	1.493	 3.3	 0.0
1	2020	158	27571	 22.3	 36.2	1.600	 2.7	 0.0
1	2020	159	27555	 24.7	 37.1	1.345	 3.9	 0.0
1	2020	160	26510	 23.0	 35.8	1.415	 3.0	 0.0
1	2020	161	16614	 23.8	 31.4	1.961	 1.7	 2.1
1	2020	162	23897	 21.3	 33.8	1.944	 1.4	 0.0
1	2020	163	16834	 22.4	 33.7	2.424	 1.9	 6.9
1	2020	164	16667	 20.4	 27.2	2.069	 2.7	 7.9
1	2020	165	26076	 19.8	 32.1	2.246	 2.0	 0.0
1	2020	166	26069	 22.7	 33.1	1.625	 3.4	 0.0
1	2020	167	12281	 21.9	 32.3	2.081	 1.7	 0.3
1	2020	168	 4756	 20.1	 25.1	2.065	 1.9	20.0
1	2020	169	 3172	 18.9	 20.3	2.027	 2.6	28.6
1	2020	170	17720	 16.8	 26.2	1.992	 2.3	 0.1
1	2020	171	20508	 16.7	 28.3	2.006	 2.4	 0.0
1	2020	172	21688	 20.4	 29.4	2.077	 3.0	 0.0
1	2020	173	21788	 19.9	 29.6	2.201	 2.4	 0.3
1	2020	174	13099	 21.1	 27.4	2.290	 2.4	 3.0
1	2020	175	10604	 21.1	 27.0	2.373	 1.9	 0.6
1	2020	176	26905	 20.1	 31.9	2.234	 1.9	 0.0
1	2020	177	25877	 20.6	 32.3	2.439	 2.7	 6.2
1	2020	178	17765	 25.6	 31.2	2.596	 2.0	 0.0
1	2020	179	22563	 23.8	 34.0	2.573	 1.8	 0.1
1	2020	180	17966	 23.6	 30.2	2.504	 2.5	 0.8
1	2020	181	23319	 22.3	 31.3	2.401	 1.9	 1.3
1	2020	182	22818	 21.4	 29.5	2.347	 3.4	 4.9
1	2020	183	24898	 20.7	 31.2	2.092	 2.2	 0.0
1	2020	184	17750	 22.7	 30.9	2.477	 1.9	 8.0
1	2020	185	16497	 21.6	 27.7	2.536	 2.4	 0.7
1	2020	186	16688	 22.0	 29.6	2.630	 2.1	 2.8
1	2020	187	23621	 23.2	 32.4	2.627	 2.3	 1.0
1	2020	188	27037	 23.1	 34.7	2.487	 2.0	 0.0
1	2020	189	25403	 24.7	 34.6	2.510	 2.7	 0.0
1	2020	190	22231	 25.6	 33.3	2.394	 1.7	 0.1
1	2020	191	20176	 25.3	 32.3	2.254	 2.3	 0.1
1	2020	192	15422	 22.6	 30.6	2.424	 1.3	 0.1
1	2020	193	 7964	 22.5	 27.9	2.428	 3.3	 5.8
1	2020	194	 8176	 20.5	 25.1	2.156	 4.7	 8.5
1	2020	195	21265	 20.0	 29.0	2.283	 2.5	 0.0
1	2020	196	10899	 21.5	 27.7	2.461	 2.2	 0.1
1	2020	197	24755	 20.2	 30.4	2.348	 2.8	 0.0
1	2020	198	25173	 21.9	 31.2	2.404	 3.1	 0.0
1	2020	199	11774	 22.2	 27.4	2.348	 2.3	 2.3
1	2020	200	21230	 20.0	 29.8	2.229	 2.3	 0.0
1	2020	201	19041	 23.1	 30.4	2.273	 3.0	 0.3
1	2020	202	26088	 20.8	 33.4	2.297	 3.0	 0.0
1	2020	203	20622	 23.5	 31.8	2.413	 3.7	 0.0
1	2020	204	 8543	 21.3	 25.3	2.376	 4.1	20.3
1	2020	205	24613	 21.5	 30.5	2.309	 3.1	 0.0
1	2020	206	25481	 21.2	 31.4	2.312	 2.1	 0.0
1	2020	207	19261	 21.0	 31.6	2.411	 1.8	 0.7
1	2020	208	 9987	 22.0	 26.0	2.455	 2.5	10.1
1	2020	209	15986	 19.6	 27.8	2.372	 2.2	 0.1
1	2020	210	16796	 22.0	 29.8	2.682	 2.2	 0.1
1	2020	211	18840	 23.4	 31.0	2.816	 2.5	 0.0
1	2020	212	20041	 22.5	 31.4	2.956	 2.5	 1.2
1	2020	213	19100	 24.6	 31.3	3.127	 3.2	 2.1
1	2020	214	17571	 25.6	 33.4	3.298	 3.2	 3.1
1	2020	215	15783	 24.8	 31.8	3.263	 3.7	39.2
1	2020	216	14054	 26.5	 33.1	3.525	 2.9	 0.4
1	2020	217	15448	 24.8	 31.5	3.267	 2.3	20.1
1	2020	218	 7121	 24.7	 28.4	3.177	 2.7	 8.3
1	2020	219	 3541	 22.7	 24.7	2.694	 3.2	35.6
1	2020	220	 4454	 22.5	 25.3	2.903	 3.9	16.9
1	2020	221	19113	 23.1	 30.0	2.883	 2.2	 0.0
1	2020	222	21689	 23.4	 32.3	3.134	 1.8	 0.1
1	2020	223	19940	 24.8	 32.5	3.332	 2.3	 0.6
1	2020	224	18304	 25.6	 32.1	3.370	 2.5	 0.1
1	2020	225	10190	 24.9	 31.2	3.362	 2.9	 9.6
1	2020	226	16394	 25.5	 31.2	3.294	 3.9	11.5
1	2020	227	20030	 25.3	 32.3	3.323	 3.4	 1.7
1	2020	228	11085	 22.4	 27.3	2.646	 3.3	10.8
1	2020	229	16397	 21.7	 29.7	2.771	 2.9	 1.5
1	2020	230	21165	 22.8	 32.4	3.137	 2.2	 0.1
1	2020	231	22163	 25.2	 32.1	3.179	 3.1	 0.1
1	2020	232	15347	 21.8	 27.2	2.437	 4.3	 2.3
1	2020	233	 2407	 20.1	 22.0	2.375	 4.1	12.6
1	2020	234	13754	 19.0	 25.4	2.164	 3.3	 0.0
1	2020	235	14431	 20.8	 27.3	2.418	 1.5	 1.1
1	2020	236	15777	 21.9	 29.4	2.929	 2.9	 0.5
1	2020	237	11091	 22.3	 26.5	2.772	 3.3	 1.9
1	2020	238	16122	 20.3	 30.1	2.549	 1.3	 0.0
1	2020	239	22197	 21.0	 30.3	2.437	 2.8	 0.1
1	2020	240	23048	 18.8	 29.6	2.225	 2.4	 0.0
1	2020	241	22655	 21.1	 30.9	2.501	 2.2	 0.0
1	2020	242	22862	 21.2	 31.4	2.533	 1.9	 0.0
1	2020	243	21426	 21.1	 31.2	2.696	 1.2	 0.0
1	2020	244	20274	 23.3	 31.9	2.616	 2.5	 0.3
1	2020	245	22539	 22.0	 31.8	2.190	 1.8	 0.0
1	2020	246	20596	 19.9	 29.7	1.647	 3.0	 0.2
1	2020	247	23007	 18.8	 29.8	1.419	 2.3	 0.0
1	2020	248	22943	 18.6	 31.3	1.547	 2.4	 0.0
1	2020	249	21211	 22.1	 33.4	1.586	 4.2	 0.0
1	2020	250	20992	 22.1	 33.2	1.832	 2.5	 0.0
1	2020	251	22109	 19.9	 33.3	1.806	 1.8	 0.0
1	2020	252	19487	 21.2	 31.6	2.046	 2.0	 0.0
1	2020	253	16867	 21.1	 31.1	2.157	 1.2	 5.7
1	2020	254	16949	 21.5	 29.7	2.041	 1.6	 3.2
1	2020	255	20424	 18.7	 27.5	1.614	 3.5	 0.0
1	2020	256	16212	 18.8	 26.7	1.777	 3.7	 0.0
1	2020	257	15357	 19.3	 26.9	2.026	 2.5	 0.2
1	2020	258	16602	 19.2	 28.5	2.203	 1.9	 0.6
1	2020	259	17951	 21.1	 29.9	2.136	 3.4	 0.4
1	2020	260	19470	 16.8	 29.5	1.200	 2.5	 0.0
1	2020	261	17676	 17.5	 27.7	1.096	 2.1	 0.0
1	2020	262	21436	 16.3	 31.3	1.106	 3.2	 0.0
1	2020	263	20977	 17.9	 31.3	1.202	 3.1	 0.0
1	2020	264	19983	 18.2	 30.2	1.325	 2.6	 0.0
1	2020	265	 7093	 19.7	 26.7	1.452	 2.6	 0.0
1	2020	266	12750	 18.7	 27.3	1.487	 1.7	 0.0
1	2020	267	12944	 19.0	 26.7	1.788	 1.2	 1.7
1	2020	268	15134	 17.1	 25.6	1.846	 1.7	 0.2
1	2020	269	14152	 16.6	 25.9	1.709	 2.4	 0.0
1	2020	270	14320	 16.2	 25.8	1.701	 2.4	 0.4
1	2020	271	12618	 18.6	 25.9	1.595	 1.5	 0.5
1	2020	272	13871	 16.0	 26.1	1.451	 2.3	 0.2
1	2020	273	12473	 16.8	 27.1	1.594	 2.8	 0.0
1	2020	274	 8889	 16.3	 23.3	1.514	 2.4	 0.0
1	2020	275	13233	 18.2	 27.6	1.734	 3.2	 0.0
1	2020	276	 3803	 18.2	 21.8	1.021	 2.9	 0.9
1	2020	277	 2755	 15.9	 19.6	1.127	 2.0	 0.0
1	2020	278	13084	  9.6	 18.3	0.570	 4.7	 0.0
1	2020	279	 7232	  8.5	 17.4	0.616	 2.3	 0.0
1	2020	280	 6931	 10.1	 17.3	0.786	 2.9	 0.0
1	2020	281	14869	 12.1	 21.3	0.768	 2.8	 0.0
1	2020	282	13337	  9.0	 22.2	1.059	 1.8	 0.0
1	2020	283	13015	 13.5	 23.3	1.207	 1.8	 0.0
1	2020	284	 2545	 13.6	 19.3	1.456	 1.2	 0.4
1	2020	285	 6110	 15.4	 21.4	1.593	 1.9	 0.2
1	2020	286	10837	 14.2	 21.2	0.930	 3.3	 0.1
1	2020	287	 4832	 13.9	 19.3	1.378	 2.0	 4.7
1	2020	288	 2154	 11.8	 15.4	1.357	 2.5	13.8
1	2020	289	 7683	 11.4	 17.3	1.311	 2.8	 0.0
1	2020	290	12574	 10.1	 19.4	1.082	 3.1	 0.0
1	2020	291	15900	  7.9	 20.8	0.955	 3.2	 0.0
1	2020	292	15081	  9.5	 21.4	1.042	 2.7	 0.0
1	2020	293	15686	  9.2	 21.3	1.015	 2.3	 0.0
1	2020	294	10848	 10.6	 20.9	1.055	 4.0	 0.0
1	2020	295	15805	  9.8	 21.3	0.714	 3.0	 0.0
1	2020	296	15497	  6.7	 20.6	0.511	 2.1	 0.0
1	2020	297	15371	  5.0	 17.3	0.500	 1.7	 0.0
1	2020	298	14931	  4.9	 19.2	0.562	 2.7	 0.0
1	2020	299	13847	 10.4	 21.3	0.717	 3.2	 0.0
1	2020	300	14060	 10.4	 23.7	1.000	 1.9	 0.0
1	2020	301	 5817	 13.4	 17.7	0.667	 4.1	 0.0
1	2020	302	 7931	 10.3	 18.1	0.640	 2.3	 0.0
1	2020	303	10194	  9.8	 18.7	0.822	 1.2	 0.0
1	2020	304	13402	  8.1	 19.1	0.928	 1.7	 0.0
1	2020	305	10939	 12.8	 21.5	1.170	 2.5	 0.2
1	2020	306	10205	  9.8	 19.6	0.666	 2.7	 0.0
1	2020	307	13617	  6.5	 17.9	0.461	 3.1	 0.0
1	2020	308	12831	  4.4	 17.1	0.450	 2.3	 0.0
1	2020	309	12566	  8.1	 18.6	0.501	 4.1	 0.0
1	2020	310	 5342	 12.0	 18.1	0.771	 2.8	 0.0
1	2020	311	12457	 11.3	 22.7	0.702	 2.7	 0.0
1	2020	312	12885	  8.4	 21.8	0.443	 2.7	 0.0
1	2020	313	12795	  6.5	 16.6	0.360	 3.2	 0.0
1	2020	314	12366	  3.9	 18.4	0.515	 2.1	 0.0
1	2020	315	11901	  5.0	 19.9	0.641	 2.2	 0.0
1	2020	316	11282	  7.6	 19.8	0.727	 3.1	 0.0
1	2020	317	10613	 10.0	 20.9	0.886	 2.7	 0.0
1	2020	318	11449	  9.1	 18.6	0.723	 3.1	 0.0
1	2020	319	10799	  7.1	 19.1	0.964	 2.1	 0.0
1	2020	320	10495	  8.0	 19.4	1.127	 1.9	 0.0
1	2020	321	 5205	 10.3	 17.5	1.174	 2.1	 0.1
1	2020	322	  402	 12.2	 13.5	1.334	 3.4	18.3
1	2020	323	 3446	  9.3	 14.5	1.252	 3.5	 7.4
1	2020	324	 9211	  6.0	 15.0	0.901	 2.6	 0.0
1	2020	325	 9889	  3.9	 11.0	0.706	 2.9	 0.0
1	2020	326	 5050	  3.4	  7.5	0.749	 3.0	 4.3
1	2020	327	 7182	  2.2	  7.0	0.637	 3.2	 0.1
1	2020	328	 5010	 -0.5	  6.1	0.606	 1.5	 0.4
1	2020	329	 7878	  0.9	  7.5	0.655	 2.2	 0.0
1	2020	330	 8474	 -0.1	  9.2	0.663	 1.5	 0.0
1	2020	331	 8269	  2.3	  9.1	0.594	 2.8	 0.0
1	2020	332	 8709	 -0.3	  8.9	0.595	 2.7	 0.0
1	2020	333	 5654	  0.4	  5.6	0.450	 1.8	 0.0
1	2020	334	 9807	 -1.2	  8.0	0.560	 1.9	 0.0
1	2020	335	 5863	 -2.1	  6.6	0.588	 1.7	 0.1
1	2020	336	 4157	  0.0	  5.2	0.608	 1.4	 1.0
1	2020	337	 4147	 -1.1	  3.8	0.639	 1.3	 0.1
1	2020	338	 7328	 -0.5	  5.0	0.524	 1.8	 0.1
1	2020	339	 9245	 -3.5	  6.5	0.506	 1.9	 0.0
1	2020	340	 9571	 -1.7	  8.3	0.537	 2.5	 0.0
1	2020	341	 8473	  0.3	  9.3	0.601	 1.8	 0.0
1	2020	342	 7340	 -0.7	  5.7	0.436	 2.9	 0.0
1	2020	343	 8942	 -3.9	  6.3	0.390	 1.9	 0.0
1	2020	344	 7413	  0.2	  9.1	0.620	 2.6	 0.0
1	2020	345	 9043	 -0.9	  9.9	0.635	 1.5	 0.0
1	2020	346	 5644	 -2.6	  8.4	0.536	 2.0	 0.0
1	2020	347	 7442	 -1.9	  9.7	0.538	 2.0	 0.0
1	2020	348	 8917	 -1.9	  4.9	0.199	 5.5	 0.0
1	2020	349	 9735	 -6.8	  1.5	0.198	 2.3	 0.0
1	2020	350	 9544	 -6.3	  3.6	0.272	 1.8	 0.0
1	2020	351	 9451	 -6.3	  4.0	0.334	 1.6	 0.0
1	2020	352	 8110	 -4.4	  5.5	0.366	 2.3	 0.0
1	2020	353	 9229	 -4.3	  4.1	0.300	 2.9	 0.0
1	2020	354	 8609	 -6.0	  4.3	0.290	 2.3	 0.0
1	2020	355	 9475	 -5.3	  6.2	0.362	 1.9	 0.0
1	2020	356	 9519	 -4.7	  7.1	0.385	 2.4	 0.0
1	2020	357	 9540	 -3.3	 10.0	0.489	 2.7	 0.0
1	2020	358	 9211	 -0.9	 10.2	0.454	 2.4	 0.0
1	2020	359	 9606	 -4.4	  9.1	0.339	 2.1	 0.0
1	2020	360	 9526	 -3.6	  9.9	0.356	 2.5	 0.0
1	2020	361	 8576	 -1.0	 11.1	0.524	 2.4	 0.0
1	2020	362	 9436	 -2.7	 10.3	0.545	 1.2	 0.0
1	2020	363	 7624	 -0.2	  6.6	0.540	 5.0	 1.2
1	2020	364	 5603	 -7.3	  0.6	0.244	 5.1	 2.7
1	2020	365	10391	 -8.9	 -2.1	0.129	 2.6	 0.0
1	2020	366	10323	 -8.6	  1.9	0.168	 2.5	 0.0
