*------------------------------------------------------------*
*   Country: China
*   Station: 114.3_35.9
*      Year: 2021
*    Origin: AgERA5 dataset
*    Author: Huang Hai, CAU
* Longitude: 114.30 E
*  Latitude: 35.90 N
* Elevation: 80.00 m
*   Columns: 
*   ======== 
*  station number
*  year
*  day
*  irradiation (kJ路m-2路d-1)
*  minimum temperature (degrees Celsius)
*  maximum temperature (degrees Celsius)
*  vapour pressure (kPa)
*  mean wind speed (m路s-1)
*  precipitation (mm路d-1)
** WCCDESCRIPTION=114.3_35.9, China
** WCCFORMAT=2
** WCCYEARNR=2021
*------------------------------------------------------------*
114.30  35.90  80.00  -0.18  -0.55
1	2021	  1	10158	 -6.9	  7.2	0.184	 2.3	 0.0
1	2021	  2	10032	 -5.0	  5.9	0.260	 2.5	 0.0
1	2021	  3	 8570	 -3.1	  3.0	0.288	 2.4	 0.0
1	2021	  4	 9639	 -5.4	  2.8	0.319	 2.6	 0.0
1	2021	  5	10002	 -5.6	  1.2	0.232	 2.8	 0.0
1	2021	  6	10646	-10.2	  0.3	0.110	 4.1	 0.0
1	2021	  7	10881	-13.3	 -2.9	0.064	 1.9	 0.0
1	2021	  8	10843	-12.2	  1.7	0.104	 2.6	 0.0
1	2021	  9	10881	 -8.3	  3.6	0.129	 2.1	 0.0
1	2021	 10	10350	 -6.2	  3.7	0.153	 2.6	 0.0
1	2021	 11	10952	 -4.2	  4.4	0.160	 3.9	 0.0
1	2021	 12	10881	 -3.8	 11.6	0.159	 4.2	 0.0
1	2021	 13	11012	 -1.0	 14.1	0.248	 2.5	 0.0
1	2021	 14	11088	 -2.2	 10.0	0.320	 2.3	 0.0
1	2021	 15	 9230	 -2.6	  8.7	0.308	 2.5	 0.0
1	2021	 16	10901	 -3.7	  4.7	0.322	 2.1	 0.0
1	2021	 17	11704	 -5.8	  8.2	0.171	 3.0	 0.0
1	2021	 18	11757	 -4.1	 11.0	0.178	 2.6	 0.0
1	2021	 19	11271	 -3.6	  3.4	0.277	 3.4	 0.0
1	2021	 20	11180	 -3.5	  6.8	0.367	 1.7	 0.0
1	2021	 21	10543	 -2.6	  8.2	0.433	 1.2	 0.0
1	2021	 22	 9264	 -2.3	  7.1	0.408	 2.8	 0.0
1	2021	 23	11808	 -2.8	  7.3	0.363	 1.9	 0.0
1	2021	 24	 7066	 -1.1	  7.2	0.475	 1.6	 0.9
1	2021	 25	 7895	  0.7	  8.1	0.625	 1.4	 0.7
1	2021	 26	10598	 -2.9	 10.4	0.473	 2.2	 0.0
1	2021	 27	 9567	 -0.1	 12.5	0.402	 3.8	 0.0
1	2021	 28	13071	 -2.8	  7.7	0.134	 2.9	 0.0
1	2021	 29	12871	 -4.5	 13.4	0.243	 2.7	 0.0
1	2021	 30	12549	 -3.4	 13.6	0.257	 2.3	 0.0
1	2021	 31	12280	 -2.8	 14.0	0.306	 2.8	 0.0
1	2021	 32	12864	  0.0	 13.4	0.287	 3.2	 0.0
1	2021	 33	13508	 -2.9	  8.7	0.236	 2.4	 0.0
1	2021	 34	13543	 -2.6	 14.1	0.261	 2.3	 0.0
1	2021	 35	11482	 -1.6	 13.4	0.256	 3.6	 0.0
1	2021	 36	11570	  1.1	 17.6	0.275	 3.1	 0.0
1	2021	 37	13116	  1.7	 19.7	0.276	 2.9	 0.0
1	2021	 38	11652	  1.5	  7.5	0.331	 5.3	 0.0
1	2021	 39	13970	 -1.9	 10.0	0.279	 3.6	 0.0
1	2021	 40	14095	 -0.5	 13.5	0.386	 3.4	 0.0
1	2021	 41	14366	 -0.7	 15.7	0.490	 2.2	 0.0
1	2021	 42	13891	  2.0	 17.8	0.516	 4.1	 0.0
1	2021	 43	14320	  3.4	 16.8	0.686	 1.8	 0.0
1	2021	 44	 7826	  5.3	 15.8	0.947	 2.4	 6.4
1	2021	 45	13540	  5.3	 16.9	0.942	 3.0	 3.2
1	2021	 46	10519	  1.8	  9.8	0.561	 4.1	 0.8
1	2021	 47	15290	 -0.6	  9.9	0.378	 3.3	 0.0
1	2021	 48	15601	 -4.5	  7.3	0.227	 2.2	 0.0
1	2021	 49	14779	 -2.3	 14.9	0.365	 3.5	 0.0
1	2021	 50	16208	  3.6	 21.8	0.286	 4.1	 0.0
1	2021	 51	16390	  2.5	 24.9	0.244	 3.5	 0.0
1	2021	 52	16428	  7.5	 26.1	0.300	 3.2	 0.0
1	2021	 53	15289	  7.6	 13.2	0.426	 4.8	 0.0
1	2021	 54	15682	  3.9	 11.8	0.386	 2.8	 0.0
1	2021	 55	 5083	  0.6	  5.8	0.493	 3.4	18.1
1	2021	 56	 8528	  0.3	  6.1	0.611	 3.4	 1.8
1	2021	 57	13983	  1.5	 10.1	0.558	 2.8	 0.0
1	2021	 58	15085	 -0.1	 12.3	0.650	 2.4	 0.0
1	2021	 59	 1681	  4.8	  8.2	0.917	 3.1	14.9
1	2021	 60	11443	  0.1	  7.9	0.640	 5.0	 4.1
1	2021	 61	17926	 -2.6	 13.7	0.646	 3.9	 0.0
1	2021	 62	17255	  4.4	 16.9	0.750	 4.6	 0.0
1	2021	 63	17851	  3.1	 20.0	0.892	 3.1	 0.0
1	2021	 64	15883	  2.4	 20.7	0.863	 5.2	 0.5
1	2021	 65	 6510	 -0.7	  2.9	0.413	 5.8	 1.8
1	2021	 66	17493	 -3.0	  9.7	0.474	 2.0	 0.0
1	2021	 67	13915	  1.4	 12.9	0.682	 3.2	 0.0
1	2021	 68	18646	  2.2	 16.8	0.803	 3.4	 0.0
1	2021	 69	13949	  4.4	 14.3	0.873	 3.8	 0.0
1	2021	 70	11423	  7.3	 14.3	0.998	 2.1	 1.1
1	2021	 71	15749	  4.7	 17.0	1.009	 3.2	 0.0
1	2021	 72	12158	  7.3	 16.1	1.005	 2.3	 0.0
1	2021	 73	 9553	  7.1	 15.9	1.098	 3.6	 2.2
1	2021	 74	18803	  8.4	 19.0	1.071	 4.1	 0.8
1	2021	 75	20167	  6.1	 13.9	0.271	 2.9	 0.0
1	2021	 76	19077	  4.3	 15.8	0.481	 1.9	 0.0
1	2021	 77	 4798	  6.6	 11.7	0.691	 4.5	 0.5
1	2021	 78	 4575	  3.0	  9.3	0.685	 2.4	 3.2
1	2021	 79	17699	  2.4	 16.6	0.677	 2.2	 0.0
1	2021	 80	21802	  3.9	 13.6	0.271	 3.5	 0.0
1	2021	 81	21981	  1.2	 18.8	0.337	 3.1	 0.0
1	2021	 82	21662	  4.7	 23.5	0.508	 3.8	 0.0
1	2021	 83	20730	  5.9	 21.1	0.648	 3.7	 0.0
1	2021	 84	16552	  7.9	 21.4	0.825	 3.0	 0.0
1	2021	 85	 9022	 10.5	 18.8	1.261	 1.8	 5.2
1	2021	 86	19182	  9.3	 21.5	1.358	 2.8	 0.1
1	2021	 87	21220	 11.0	 25.4	0.808	 3.4	 0.0
1	2021	 88	 8922	 10.0	 16.4	0.611	 3.0	 0.8
1	2021	 89	21864	  6.7	 21.0	0.685	 2.6	 0.0
1	2021	 90	16266	 10.6	 20.4	0.840	 1.7	 0.0
1	2021	 91	 6777	 13.6	 17.7	0.827	 2.5	 0.0
1	2021	 92	 4092	  9.5	 14.2	0.847	 5.1	 2.6
1	2021	 93	 6705	  5.8	 12.3	1.045	 4.7	 4.5
1	2021	 94	22852	  2.9	 17.7	0.698	 2.2	 0.0
1	2021	 95	14738	  5.1	 16.9	0.619	 3.8	 0.0
1	2021	 96	22632	  3.7	 19.4	0.734	 2.0	 0.0
1	2021	 97	21491	  8.1	 21.2	0.867	 2.2	 0.0
1	2021	 98	21504	  8.5	 21.4	0.840	 3.1	 0.0
1	2021	 99	20858	  9.2	 21.9	0.779	 4.6	 0.0
1	2021	100	23022	  8.8	 21.6	0.722	 3.7	 0.0
1	2021	101	15017	  8.1	 19.6	0.963	 2.8	 0.0
1	2021	102	21590	 10.1	 24.5	1.157	 2.2	 0.5
1	2021	103	22427	 10.2	 17.6	0.561	 3.9	 0.0
1	2021	104	25091	  5.1	 21.0	0.605	 3.2	 0.0
1	2021	105	20020	 10.8	 26.8	0.644	 4.1	 0.0
1	2021	106	25496	  8.2	 26.0	0.339	 4.2	 0.0
1	2021	107	25934	  8.2	 21.2	0.294	 3.2	 0.0
1	2021	108	24678	  8.1	 24.7	0.519	 5.1	 0.0
1	2021	109	24921	 11.4	 27.3	0.852	 4.1	 0.0
1	2021	110	 4513	 13.8	 17.8	1.321	 2.2	 5.7
1	2021	111	 3269	 12.2	 14.3	1.283	 2.9	 4.8
1	2021	112	19439	 10.0	 21.4	1.268	 2.5	 1.5
1	2021	113	15875	 11.3	 21.6	1.251	 4.5	 0.0
1	2021	114	 5972	 11.8	 17.4	1.185	 6.9	 2.1
1	2021	115	 6047	 13.1	 16.4	1.115	 3.8	 0.2
1	2021	116	20962	 12.2	 22.7	1.289	 2.2	 0.1
1	2021	117	23503	 12.0	 26.7	0.627	 2.5	 0.0
1	2021	118	25046	 11.1	 24.4	0.426	 3.7	 0.0
1	2021	119	25166	 13.4	 27.6	0.571	 5.5	 0.0
1	2021	120	24639	 12.4	 30.0	0.703	 5.4	 0.0
1	2021	121	25677	 10.0	 27.3	0.812	 3.1	 0.0
1	2021	122	21151	 10.4	 21.4	0.575	 2.9	 0.1
1	2021	123	17472	 12.2	 22.0	1.208	 2.5	 4.6
1	2021	124	26106	 12.7	 25.8	0.683	 3.7	 0.0
1	2021	125	27646	  8.8	 28.3	0.473	 4.3	 0.0
1	2021	126	27202	 14.7	 33.1	0.626	 4.7	 0.0
1	2021	127	27573	 12.9	 28.5	0.471	 3.0	 0.0
1	2021	128	27072	 15.4	 35.5	0.769	 4.1	 0.0
1	2021	129	25930	 16.7	 29.2	1.191	 3.3	 0.0
1	2021	130	24479	 19.0	 26.9	0.998	 5.9	 0.0
1	2021	131	24006	 14.7	 26.4	1.144	 3.5	 0.0
1	2021	132	25378	 14.2	 29.1	1.375	 2.5	 0.0
1	2021	133	17789	 17.3	 29.2	1.888	 3.0	 0.3
1	2021	134	10886	 20.4	 26.1	2.130	 1.7	 0.8
1	2021	135	 8738	 13.9	 25.1	1.987	 5.0	11.2
1	2021	136	 6864	 11.8	 19.6	1.181	 4.9	 3.3
1	2021	137	25789	  9.4	 26.9	1.068	 2.5	 0.0
1	2021	138	27130	 12.9	 29.6	1.330	 3.6	 0.0
1	2021	139	15506	 16.2	 27.0	1.678	 3.8	 0.0
1	2021	140	23998	 15.8	 28.0	1.796	 2.8	 1.3
1	2021	141	25462	 15.5	 30.8	1.873	 2.6	 0.0
1	2021	142	26519	 17.7	 33.1	1.620	 3.6	 0.0
1	2021	143	20106	 20.4	 26.7	1.208	 3.8	 0.1
1	2021	144	28241	 15.8	 32.1	0.764	 4.2	 0.0
1	2021	145	25947	 14.6	 31.6	0.764	 5.6	 0.0
1	2021	146	26747	 19.2	 35.8	1.219	 4.0	 0.2
1	2021	147	28545	 15.0	 35.8	0.904	 4.7	 0.0
1	2021	148	29252	 17.5	 32.0	0.618	 3.0	 0.0
1	2021	149	27389	 19.6	 36.3	1.021	 4.8	 0.0
1	2021	150	26623	 17.2	 29.7	1.187	 2.7	 0.0
1	2021	151	25512	 19.0	 34.3	1.590	 2.8	 0.2
1	2021	152	20696	 20.0	 29.6	1.918	 2.8	 0.0
1	2021	153	25118	 19.8	 35.4	2.043	 2.0	 2.9
1	2021	154	17443	 19.3	 27.8	1.072	 3.1	 0.0
1	2021	155	28822	 15.4	 34.6	0.777	 3.6	 0.0
1	2021	156	27994	 19.0	 33.9	0.942	 2.8	 0.0
1	2021	157	28613	 19.3	 38.3	0.989	 3.0	 0.0
1	2021	158	20848	 23.5	 34.6	1.586	 3.0	 0.6
1	2021	159	25415	 21.3	 33.6	1.802	 3.1	 0.0
1	2021	160	16260	 23.5	 31.3	2.123	 3.8	 1.2
1	2021	161	18572	 21.2	 29.6	2.083	 2.5	 0.5
1	2021	162	26350	 19.2	 34.0	1.649	 1.5	 0.0
1	2021	163	22825	 24.1	 36.0	2.132	 3.0	 0.0
1	2021	164	15282	 24.3	 31.7	2.759	 4.1	 2.8
1	2021	165	 9589	 24.9	 29.8	2.995	 2.5	12.2
1	2021	166	16374	 23.5	 30.8	2.580	 4.3	 1.1
1	2021	167	16661	 21.1	 29.2	2.435	 2.2	 4.7
1	2021	168	13931	 22.7	 29.8	2.252	 2.6	 1.4
1	2021	169	27752	 19.7	 32.6	1.717	 2.1	 0.0
1	2021	170	27158	 19.6	 34.1	1.494	 2.6	 0.0
1	2021	171	28348	 21.5	 34.9	1.074	 3.4	 0.0
1	2021	172	26977	 21.0	 37.2	1.274	 2.7	 0.0
1	2021	173	27400	 23.0	 33.5	1.582	 2.6	 0.0
1	2021	174	25569	 23.9	 36.8	1.445	 3.0	 0.0
1	2021	175	22738	 21.8	 33.5	1.771	 2.3	 0.0
1	2021	176	17248	 26.2	 32.4	2.042	 3.3	 0.2
1	2021	177	26975	 23.1	 37.1	2.198	 3.4	 0.0
1	2021	178	26627	 23.5	 35.3	2.401	 1.6	 0.0
1	2021	179	24109	 25.7	 37.5	2.272	 2.1	 0.0
1	2021	180	19526	 27.0	 34.6	2.369	 2.3	 2.8
1	2021	181	23968	 24.5	 36.7	2.267	 2.1	 1.3
1	2021	182	10093	 24.9	 30.7	2.077	 2.0	 0.6
1	2021	183	14121	 22.0	 30.3	2.433	 1.8	19.2
1	2021	184	23515	 22.0	 31.1	2.482	 2.1	 8.1
1	2021	185	24852	 23.5	 34.6	2.495	 2.8	 0.0
1	2021	186	27345	 22.7	 33.4	2.253	 3.6	 0.0
1	2021	187	24078	 22.8	 33.1	2.521	 2.2	 0.0
1	2021	188	19600	 24.9	 32.7	2.766	 1.1	 0.4
1	2021	189	25430	 23.5	 35.0	2.551	 1.3	 0.4
1	2021	190	26457	 23.9	 38.2	2.484	 2.7	 0.1
1	2021	191	24712	 25.2	 37.7	2.861	 3.0	 0.0
1	2021	192	 5295	 26.0	 31.3	3.087	 4.2	34.7
1	2021	193	22857	 24.9	 34.1	2.859	 3.4	 0.1
1	2021	194	25049	 25.9	 35.9	3.045	 2.3	 0.2
1	2021	195	24323	 26.4	 35.5	3.118	 2.0	 3.9
1	2021	196	15902	 25.9	 32.0	3.149	 2.3	 9.5
1	2021	197	19580	 25.1	 31.9	3.071	 3.8	 6.5
1	2021	198	13137	 24.7	 29.3	2.885	 4.0	 9.3
1	2021	199	11859	 23.8	 28.6	2.938	 3.5	32.8
1	2021	200	10971	 23.1	 28.8	2.883	 2.8	 8.9
1	2021	201	 4273	 22.8	 25.6	2.764	 3.7	36.8
1	2021	202	 3554	 22.2	 25.9	2.844	 2.4	223.9
1	2021	203	 7980	 22.7	 27.3	2.825	 3.8	18.4
1	2021	204	17073	 21.5	 28.9	2.756	 1.9	 1.3
1	2021	205	22417	 22.6	 31.2	2.906	 2.0	 1.9
1	2021	206	25338	 22.4	 32.0	2.841	 2.7	 0.0
1	2021	207	25592	 23.2	 32.5	2.949	 2.4	 0.0
1	2021	208	20612	 23.9	 31.4	3.034	 2.3	 1.5
1	2021	209	10014	 24.3	 28.1	2.695	 5.9	 9.6
1	2021	210	18978	 21.8	 27.9	2.384	 5.7	 3.4
1	2021	211	24262	 20.9	 31.6	2.891	 2.2	 0.0
1	2021	212	25367	 23.9	 35.6	3.214	 3.8	 0.0
1	2021	213	21718	 25.1	 31.0	2.743	 4.2	 3.0
1	2021	214	24102	 23.7	 30.3	2.415	 2.6	 0.0
1	2021	215	23480	 22.8	 30.9	2.650	 1.9	 0.0
1	2021	216	20041	 24.8	 32.1	2.966	 2.1	 0.4
1	2021	217	14083	 24.4	 31.9	2.691	 2.0	 0.2
1	2021	218	23634	 22.1	 31.6	2.740	 1.8	 0.0
1	2021	219	17803	 24.7	 30.7	2.965	 1.5	 4.4
1	2021	220	20543	 24.0	 31.9	2.960	 1.4	 1.7
1	2021	221	20233	 24.1	 31.3	2.988	 2.1	 1.2
1	2021	222	20509	 24.2	 32.3	2.791	 2.1	 0.2
1	2021	223	21795	 22.8	 31.4	2.767	 2.1	 0.0
1	2021	224	13852	 24.6	 29.5	2.654	 2.7	 2.2
1	2021	225	14700	 23.3	 28.5	2.505	 2.2	 0.8
1	2021	226	21774	 20.7	 29.2	2.340	 2.2	 0.2
1	2021	227	21821	 20.7	 29.6	2.310	 1.9	 0.1
1	2021	228	23038	 20.7	 30.9	2.347	 1.8	 0.0
1	2021	229	21864	 21.4	 31.3	2.581	 2.1	 0.6
1	2021	230	18016	 23.9	 30.0	2.734	 2.1	 1.5
1	2021	231	15017	 23.8	 31.5	2.730	 3.3	 3.3
1	2021	232	16772	 22.8	 29.1	2.521	 4.5	 5.6
1	2021	233	14086	 21.9	 29.9	2.720	 2.4	 0.1
1	2021	234	 8447	 23.1	 28.4	2.658	 2.3	 9.9
1	2021	235	22764	 20.6	 29.3	2.224	 2.4	 0.0
1	2021	236	24593	 18.7	 31.9	1.665	 2.6	 0.0
1	2021	237	24374	 18.8	 31.3	1.547	 2.6	 0.0
1	2021	238	17551	 18.4	 31.2	1.890	 3.3	 0.0
1	2021	239	22781	 19.1	 29.3	2.042	 4.4	 0.0
1	2021	240	14222	 18.5	 27.1	2.165	 2.3	 3.6
1	2021	241	 5432	 20.4	 22.6	2.330	 1.5	26.0
1	2021	242	 7266	 19.7	 23.9	2.359	 3.7	23.2
1	2021	243	 3778	 20.1	 22.5	2.189	 5.7	30.0
1	2021	244	10383	 18.7	 24.6	2.104	 2.1	 5.3
1	2021	245	21748	 17.0	 27.8	2.296	 1.8	 0.0
1	2021	246	15660	 19.4	 28.6	2.580	 2.1	 0.7
1	2021	247	 3141	 19.8	 23.7	2.167	 3.3	36.0
1	2021	248	12642	 18.6	 24.7	2.098	 5.0	 0.4
1	2021	249	11977	 19.7	 24.8	2.226	 3.8	 4.6
1	2021	250	21730	 15.9	 27.3	2.051	 3.0	 0.0
1	2021	251	22646	 16.3	 29.1	1.981	 3.5	 0.0
1	2021	252	21713	 18.5	 31.9	2.267	 3.4	 0.0
1	2021	253	19073	 19.3	 29.8	2.541	 2.2	 0.0
1	2021	254	20688	 21.4	 31.9	2.670	 2.2	 0.0
1	2021	255	19356	 20.7	 30.5	2.503	 1.9	 0.0
1	2021	256	19033	 21.3	 29.6	2.525	 2.1	 0.7
1	2021	257	17154	 22.3	 28.4	2.490	 3.1	 1.2
1	2021	258	16270	 20.7	 27.2	2.202	 2.4	 0.3
1	2021	259	 9146	 19.1	 25.4	2.020	 2.9	 0.8
1	2021	260	 4014	 19.9	 22.3	2.191	 3.1	 4.6
1	2021	261	 1613	 17.1	 20.3	2.081	 3.7	34.5
1	2021	262	 1477	 15.8	 18.1	1.702	 6.4	78.2
1	2021	263	16403	 18.0	 26.6	1.805	 2.9	 0.1
1	2021	264	20531	 16.3	 31.2	1.663	 2.7	 0.0
1	2021	265	17600	 17.2	 27.4	1.954	 2.7	 0.0
1	2021	266	10808	 20.8	 25.7	2.203	 3.5	 2.5
1	2021	267	 3959	 19.6	 21.7	2.265	 4.3	43.4
1	2021	268	 2836	 17.7	 20.6	1.967	 6.0	33.5
1	2021	269	 1763	 17.7	 19.8	1.994	 5.0	33.1
1	2021	270	 9033	 17.7	 23.4	2.074	 2.5	 0.4
1	2021	271	 3079	 14.7	 20.3	1.838	 1.9	20.8
1	2021	272	18745	 13.5	 27.8	1.924	 2.4	 0.0
1	2021	273	18309	 17.7	 28.7	2.082	 3.8	 0.0
1	2021	274	13392	 18.3	 24.4	2.034	 2.9	 0.1
1	2021	275	16362	 15.7	 27.7	2.192	 2.5	 0.0
1	2021	276	 5569	 20.3	 26.1	2.382	 2.7	10.2
1	2021	277	 3011	 11.9	 20.2	1.398	 7.8	12.0
1	2021	278	 2621	 10.5	 12.4	1.179	 7.5	 6.9
1	2021	279	 1431	 10.1	 12.1	1.173	 5.6	11.5
1	2021	280	13920	  9.9	 17.0	1.188	 3.3	 0.1
1	2021	281	 7862	 11.0	 16.9	1.287	 2.4	 0.1
1	2021	282	 9651	 14.2	 20.0	1.597	 1.4	 1.6
1	2021	283	11579	 12.3	 18.3	1.026	 3.4	 0.1
1	2021	284	15295	  9.1	 18.1	0.847	 2.3	 0.1
1	2021	285	15297	 10.3	 18.0	0.858	 2.4	 0.1
1	2021	286	14532	 12.3	 21.5	1.058	 1.7	 0.0
1	2021	287	 4965	 13.9	 17.1	1.548	 1.9	 9.6
1	2021	288	 6844	 13.2	 20.3	1.275	 3.3	 0.0
1	2021	289	15507	  6.9	 14.4	0.482	 4.2	 0.0
1	2021	290	16076	  4.4	 15.0	0.524	 4.0	 0.0
1	2021	291	15094	  7.2	 19.7	0.943	 2.5	 0.0
1	2021	292	 4780	  8.9	 12.7	0.856	 4.5	 0.1
1	2021	293	 9784	  8.4	 15.5	1.037	 2.3	 0.1
1	2021	294	14928	  6.1	 17.1	0.905	 2.4	 0.1
1	2021	295	15061	  5.3	 16.2	0.702	 2.6	 0.0
1	2021	296	13703	  6.6	 17.4	0.793	 2.0	 0.0
1	2021	297	14573	  6.2	 18.8	0.883	 2.4	 0.0
1	2021	298	13786	  6.9	 20.7	1.050	 3.0	 0.0
1	2021	299	 6049	 10.6	 19.9	1.057	 2.5	 0.0
1	2021	300	11794	  9.4	 19.0	0.750	 2.2	 0.0
1	2021	301	12079	  8.7	 20.5	0.996	 2.1	 0.0
1	2021	302	12494	  8.9	 21.1	1.179	 1.8	 0.1
1	2021	303	13230	  7.8	 22.3	1.111	 1.8	 0.0
1	2021	304	12596	 10.8	 18.7	0.976	 3.5	 0.0
1	2021	305	 8920	  9.7	 15.2	0.977	 2.6	 0.1
1	2021	306	 7931	  9.7	 18.8	1.180	 2.4	 0.9
1	2021	307	11334	  8.3	 20.6	0.972	 2.8	 0.0
1	2021	308	12437	  7.7	 20.4	1.110	 2.9	 0.0
1	2021	309	 5561	 12.2	 17.0	1.320	 1.9	 0.2
1	2021	310	 6164	 12.7	 17.8	1.394	 2.7	 1.3
1	2021	311	 7715	  1.0	 14.4	0.450	 5.6	17.7
1	2021	312	12997	 -2.2	 10.9	0.347	 2.3	 0.0
1	2021	313	12539	  0.7	 13.6	0.393	 4.0	 0.0
1	2021	314	12211	  2.9	 15.4	0.499	 2.8	 0.0
1	2021	315	12014	  2.8	 15.0	0.561	 2.1	 0.0
1	2021	316	12068	  3.4	 15.2	0.512	 2.4	 0.0
1	2021	317	12048	  2.6	 17.6	0.488	 2.5	 0.0
1	2021	318	11854	  2.5	 17.9	0.540	 2.3	 0.0
1	2021	319	11211	  7.3	 14.3	0.629	 3.7	 0.3
1	2021	320	10870	  5.0	 13.6	0.789	 2.6	 0.0
1	2021	321	10927	  5.6	 18.9	0.825	 2.5	 0.0
1	2021	322	11154	  3.8	 19.2	0.790	 3.1	 0.0
1	2021	323	 8603	  6.7	 11.9	0.722	 4.2	 0.0
1	2021	324	 3975	  6.8	 10.3	0.799	 3.2	 2.0
1	2021	325	 8526	  1.7	 11.5	0.439	 3.8	 0.0
1	2021	326	11237	 -1.8	  7.7	0.194	 2.4	 0.0
1	2021	327	10951	 -3.6	 11.2	0.330	 2.5	 0.0
1	2021	328	10854	 -1.8	 15.7	0.403	 2.0	 0.0
1	2021	329	10670	 -0.7	 15.6	0.444	 2.2	 0.0
1	2021	330	10269	  3.4	 13.1	0.510	 2.5	 0.0
1	2021	331	 8789	  1.9	 13.0	0.606	 2.3	 0.0
1	2021	332	 9188	  5.6	 13.5	0.802	 2.6	 0.0
1	2021	333	 4211	  2.5	 11.2	0.809	 2.2	 3.3
1	2021	334	10380	 -0.9	  8.7	0.323	 3.4	 0.0
1	2021	335	10132	 -2.8	  9.0	0.341	 2.1	 0.0
1	2021	336	10155	 -1.7	 12.8	0.329	 3.3	 0.0
1	2021	337	 9959	  0.2	 12.8	0.355	 2.4	 0.0
1	2021	338	 9843	 -1.2	 13.5	0.444	 1.9	 0.0
1	2021	339	 9895	 -1.4	 13.6	0.440	 2.4	 0.0
1	2021	340	 9838	  0.5	 11.5	0.351	 4.1	 0.0
1	2021	341	 7882	  0.9	  9.2	0.376	 1.8	 0.0
1	2021	342	 5295	  0.2	  9.3	0.527	 2.5	 0.1
1	2021	343	 9284	 -0.6	 11.9	0.651	 1.8	 0.0
1	2021	344	 4860	  0.9	 10.1	0.752	 1.6	 1.9
1	2021	345	 7827	  3.8	 12.4	0.906	 1.7	 2.1
1	2021	346	 8737	 -2.0	  5.6	0.453	 3.2	 0.0
1	2021	347	 9441	 -3.1	  8.6	0.451	 3.2	 0.0
1	2021	348	 9370	 -0.7	 12.9	0.593	 2.1	 0.0
1	2021	349	 9101	 -0.6	 11.8	0.535	 1.8	 0.0
1	2021	350	 6685	 -0.4	 10.8	0.366	 2.9	 0.0
1	2021	351	 9500	 -3.3	  2.6	0.192	 3.3	 0.0
1	2021	352	 8856	 -3.8	  9.6	0.276	 2.7	 0.0
1	2021	353	 9450	 -2.7	 12.2	0.358	 2.7	 0.0
1	2021	354	 9214	 -0.7	 15.1	0.396	 2.3	 0.0
1	2021	355	 9461	 -1.4	 12.9	0.394	 1.9	 0.0
1	2021	356	 9215	 -0.4	  7.3	0.533	 2.9	 0.0
1	2021	357	 6544	 -1.1	  4.7	0.551	 4.2	 0.3
1	2021	358	 4698	 -5.9	  1.2	0.379	 5.8	 3.9
1	2021	359	 8792	 -7.6	 -3.3	0.181	 2.6	 0.0
1	2021	360	 9966	 -9.2	  0.7	0.197	 1.8	 0.0
1	2021	361	 9903	 -7.4	  5.5	0.219	 2.6	 0.0
1	2021	362	 9742	 -5.1	  7.1	0.275	 2.6	 0.0
1	2021	363	 9945	 -3.0	  7.5	0.218	 2.8	 0.0
1	2021	364	 9815	 -4.4	  9.7	0.281	 2.1	 0.0
1	2021	365	 7222	 -3.3	  7.9	0.309	 2.8	 0.0
