*------------------------------------------------------------*
*   Country: China
*   Station: 114.3_34.1
*      Year: 2020
*    Origin: AgERA5 dataset
*    Author: Huang Hai, CAU
* Longitude: 114.30 E
*  Latitude: 34.10 N
* Elevation: 54.00 m
*   Columns: 
*   ======== 
*  station number
*  year
*  day
*  irradiation (kJ路m-2路d-1)
*  minimum temperature (degrees Celsius)
*  maximum temperature (degrees Celsius)
*  vapour pressure (kPa)
*  mean wind speed (m路s-1)
*  precipitation (mm路d-1)
** WCCDESCRIPTION=114.3_34.1, China
** WCCFORMAT=2
** WCCYEARNR=2020
*------------------------------------------------------------*
114.30  34.10  54.00  -0.18  -0.55
1	2020	  1	 7148	 -3.9	  5.8	0.319	 1.4	 0.0
1	2020	  2	 3065	  2.2	  5.8	0.462	 0.9	 0.0
1	2020	  3	 7789	  1.3	  9.9	0.543	 1.2	 0.0
1	2020	  4	 9338	 -0.8	 11.9	0.652	 2.0	 0.1
1	2020	  5	  190	  2.1	  7.0	0.765	 4.5	20.2
1	2020	  6	  812	  0.4	  2.8	0.636	 4.1	17.2
1	2020	  7	 4523	 -4.5	  3.1	0.600	 4.4	 7.9
1	2020	  8	 5980	 -4.6	  5.0	0.523	 1.3	 0.0
1	2020	  9	 4540	  0.1	  5.1	0.508	 1.3	 0.0
1	2020	 10	 5461	 -0.7	  6.6	0.583	 1.3	 0.0
1	2020	 11	 5846	 -2.0	  6.1	0.594	 1.6	 0.1
1	2020	 12	 6102	 -4.2	  6.5	0.602	 1.1	 0.3
1	2020	 13	 5760	 -2.0	  6.3	0.579	 2.0	 0.0
1	2020	 14	10893	 -5.1	  5.0	0.425	 1.8	 0.0
1	2020	 15	 3109	 -3.7	  2.1	0.415	 2.4	 0.9
1	2020	 16	 9752	 -3.3	  5.0	0.507	 1.7	 0.0
1	2020	 17	10512	 -3.9	  7.5	0.560	 2.2	 0.0
1	2020	 18	 8633	 -3.3	  7.9	0.557	 2.1	 0.0
1	2020	 19	12038	 -1.0	  9.2	0.411	 2.6	 0.0
1	2020	 20	 9856	 -2.5	  8.6	0.429	 2.4	 0.0
1	2020	 21	 5563	 -3.2	  6.5	0.545	 1.5	 0.2
1	2020	 22	 8114	 -2.5	  8.4	0.610	 1.4	 0.0
1	2020	 23	 8638	 -2.3	  9.5	0.679	 1.7	 0.1
1	2020	 24	 4469	  2.6	  6.9	0.680	 3.8	 1.8
1	2020	 25	 7107	  0.3	  7.1	0.571	 2.0	 0.8
1	2020	 26	 4260	  0.7	  3.5	0.603	 3.0	 2.6
1	2020	 27	10230	 -1.4	  6.7	0.525	 2.3	 0.0
1	2020	 28	11935	 -3.6	  9.5	0.541	 1.9	 0.0
1	2020	 29	12515	 -2.8	  9.4	0.551	 2.2	 0.0
1	2020	 30	12937	 -3.6	 10.0	0.559	 1.4	 0.0
1	2020	 31	13201	 -2.1	 12.8	0.602	 2.5	 0.0
1	2020	 32	 8830	  0.9	 11.6	0.633	 1.9	 0.0
1	2020	 33	11613	  0.0	 12.0	0.590	 2.3	 0.0
1	2020	 34	13545	 -1.1	  9.8	0.559	 2.4	 0.0
1	2020	 35	13408	  0.5	 12.8	0.592	 3.3	 0.0
1	2020	 36	 4264	  0.6	  5.1	0.522	 4.4	 1.2
1	2020	 37	 4534	 -0.8	  3.5	0.540	 3.6	 2.5
1	2020	 38	12090	 -0.7	  8.0	0.615	 1.6	 0.0
1	2020	 39	13010	 -2.1	 11.0	0.657	 1.8	 0.0
1	2020	 40	14636	  0.3	 15.6	0.646	 3.5	 0.0
1	2020	 41	14392	  3.5	 16.1	0.746	 3.3	 0.0
1	2020	 42	14401	  4.1	 14.9	0.800	 2.6	 0.0
1	2020	 43	14488	  3.3	 17.0	0.958	 3.0	 0.0
1	2020	 44	 9744	  6.3	 17.0	1.107	 3.1	 0.0
1	2020	 45	 7678	  2.8	 15.0	0.896	 4.8	 0.9
1	2020	 46	 4180	 -2.6	  4.3	0.518	 3.4	 6.8
1	2020	 47	16232	 -2.6	  7.7	0.259	 3.1	 0.0
1	2020	 48	16361	 -3.5	 10.4	0.319	 2.5	 0.0
1	2020	 49	16112	 -1.3	 13.8	0.398	 3.4	 0.0
1	2020	 50	12006	  3.3	 13.5	0.565	 2.5	 0.0
1	2020	 51	12898	  1.3	 15.1	0.678	 1.5	 0.0
1	2020	 52	16399	  4.9	 15.5	0.561	 3.3	 0.1
1	2020	 53	16699	  0.9	 14.2	0.425	 2.4	 0.0
1	2020	 54	16284	  4.1	 18.3	0.762	 3.6	 0.0
1	2020	 55	 8322	  9.9	 19.0	1.072	 3.1	 0.3
1	2020	 56	15722	  5.1	 15.9	0.876	 3.5	 0.0
1	2020	 57	 3779	  7.3	 10.9	0.896	 3.7	 0.5
1	2020	 58	 3031	  2.7	  8.8	0.663	 3.2	10.8
1	2020	 59	13574	  0.5	  9.4	0.708	 1.6	 4.1
1	2020	 60	16342	  1.2	 14.0	0.843	 1.9	 0.0
1	2020	 61	 8086	  3.0	 12.2	0.817	 2.3	 0.1
1	2020	 62	10058	  3.4	 10.7	0.658	 2.1	 0.1
1	2020	 63	14133	  0.8	 12.4	0.534	 2.5	 0.0
1	2020	 64	18623	 -1.2	 12.4	0.467	 2.4	 0.0
1	2020	 65	17517	  0.7	 14.7	0.611	 3.4	 0.0
1	2020	 66	12447	  3.9	 16.3	0.842	 3.0	 0.0
1	2020	 67	19171	  6.1	 17.7	0.864	 2.9	 0.0
1	2020	 68	14303	  7.5	 17.7	1.040	 3.0	 0.0
1	2020	 69	 4539	  6.3	 13.3	0.966	 3.1	 1.7
1	2020	 70	19982	  2.3	 15.1	0.573	 2.4	 0.0
1	2020	 71	19275	  2.1	 18.8	0.738	 3.5	 0.0
1	2020	 72	15667	  7.4	 19.1	0.910	 3.1	 0.0
1	2020	 73	13511	  5.3	 12.1	0.621	 3.9	 0.0
1	2020	 74	21059	  2.5	 17.4	0.465	 3.9	 0.0
1	2020	 75	20440	  5.1	 19.9	0.439	 2.2	 0.0
1	2020	 76	12599	  7.5	 18.9	0.759	 2.8	 0.0
1	2020	 77	20836	  8.9	 23.6	0.669	 2.7	 0.0
1	2020	 78	21360	 10.2	 26.3	0.706	 4.3	 0.0
1	2020	 79	21977	  8.0	 20.2	0.356	 2.9	 0.0
1	2020	 80	21280	  8.3	 26.7	0.723	 4.0	 0.0
1	2020	 81	17596	 12.5	 27.6	1.051	 3.3	 0.1
1	2020	 82	20409	 11.6	 22.3	0.620	 4.0	 0.1
1	2020	 83	21415	  9.0	 23.9	0.694	 2.9	 0.0
1	2020	 84	20060	 12.1	 25.0	0.963	 3.0	 0.0
1	2020	 85	 7635	 15.0	 21.0	1.619	 2.5	13.2
1	2020	 86	 7959	  7.0	 20.8	1.207	 5.8	 0.8
1	2020	 87	 7712	  7.0	 11.9	0.463	 4.0	 0.0
1	2020	 88	22245	  2.6	 14.9	0.551	 2.7	 0.0
1	2020	 89	 7079	  5.7	  9.5	0.791	 1.9	 4.3
1	2020	 90	20017	  2.2	 14.2	0.800	 2.2	 0.0
1	2020	 91	10487	  7.0	 14.5	0.905	 2.2	 0.0
1	2020	 92	 9337	  4.1	 14.9	1.007	 2.4	 2.1
1	2020	 93	 7587	  6.2	 12.3	0.939	 2.6	 0.2
1	2020	 94	22580	  3.6	 19.0	0.876	 1.5	 0.0
1	2020	 95	23579	  6.0	 21.7	0.847	 2.2	 0.0
1	2020	 96	21668	  7.9	 19.4	0.856	 2.5	 0.0
1	2020	 97	21753	  9.8	 21.4	0.800	 2.0	 0.0
1	2020	 98	22937	  7.4	 23.6	0.881	 3.0	 0.0
1	2020	 99	23155	  9.2	 24.8	0.888	 2.4	 0.1
1	2020	100	22949	  9.2	 21.9	0.958	 5.1	 0.0
1	2020	101	 5489	  5.4	 10.2	0.858	 5.7	 9.5
1	2020	102	19044	  4.6	 15.7	0.763	 3.2	 0.6
1	2020	103	25458	  5.7	 22.1	0.600	 4.0	 0.0
1	2020	104	25084	  4.6	 24.2	0.676	 2.8	 0.0
1	2020	105	19542	 12.3	 24.2	0.846	 3.5	 0.0
1	2020	106	23362	 11.9	 26.8	1.151	 3.8	 0.0
1	2020	107	18821	 15.6	 26.2	1.004	 3.1	 0.2
1	2020	108	25328	 12.6	 25.5	0.713	 3.2	 0.0
1	2020	109	 6699	 11.4	 17.9	1.009	 2.6	 9.3
1	2020	110	23309	  9.1	 22.0	1.126	 2.9	 0.1
1	2020	111	17012	 13.2	 21.2	0.843	 3.2	 0.0
1	2020	112	19754	  9.1	 21.4	0.853	 1.8	 0.0
1	2020	113	24255	 10.1	 19.2	0.604	 3.2	 0.0
1	2020	114	23332	  7.5	 21.1	0.667	 1.7	 0.0
1	2020	115	27324	  6.5	 24.3	0.448	 3.6	 0.0
1	2020	116	27079	 13.0	 27.8	0.514	 4.3	 0.0
1	2020	117	26501	 11.1	 26.6	0.792	 3.0	 0.0
1	2020	118	24778	 13.0	 23.3	0.749	 3.6	 0.1
1	2020	119	26816	 11.3	 27.1	0.697	 3.6	 0.0
1	2020	120	24678	 14.6	 32.5	1.239	 3.5	 0.0
1	2020	121	22394	 18.4	 34.7	1.612	 3.8	 0.0
1	2020	122	25585	 18.8	 32.1	1.869	 3.7	 0.0
1	2020	123	26072	 19.7	 35.6	1.904	 2.4	 0.0
1	2020	124	26801	 21.7	 38.6	1.377	 3.4	 0.0
1	2020	125	21647	 17.2	 26.9	1.524	 6.0	 0.0
1	2020	126	20285	 14.1	 24.7	1.315	 3.4	 0.1
1	2020	127	20716	 13.8	 26.9	1.438	 3.4	 0.4
1	2020	128	 9540	 16.9	 22.7	1.804	 3.3	14.0
1	2020	129	 9071	 14.7	 20.5	1.689	 5.3	 7.0
1	2020	130	12102	 11.8	 18.7	1.461	 1.9	 5.9
1	2020	131	26841	 11.7	 27.5	1.438	 2.1	 0.0
1	2020	132	25914	 15.3	 25.1	0.910	 4.5	 0.0
1	2020	133	27865	 15.5	 29.6	0.964	 2.8	 0.0
1	2020	134	20680	 15.5	 29.3	1.173	 3.0	 0.2
1	2020	135	19393	 18.0	 26.5	1.422	 2.2	 0.0
1	2020	136	26969	 15.1	 31.4	1.558	 2.7	 0.0
1	2020	137	25208	 18.6	 32.8	1.836	 4.0	 0.0
1	2020	138	26606	 19.8	 35.4	1.724	 3.8	 0.5
1	2020	139	28249	 14.3	 28.4	0.823	 3.4	 0.0
1	2020	140	27871	 14.6	 32.0	0.939	 2.0	 0.0
1	2020	141	 9961	 20.8	 29.7	1.246	 2.5	 0.3
1	2020	142	27158	 19.3	 33.9	1.303	 2.4	 0.0
1	2020	143	27556	 21.5	 35.2	1.290	 2.7	 0.0
1	2020	144	26224	 23.1	 37.9	1.446	 4.3	 0.1
1	2020	145	20075	 19.8	 31.3	1.177	 1.7	 0.0
1	2020	146	20492	 22.7	 30.2	1.344	 3.4	 0.0
1	2020	147	26727	 18.7	 30.7	1.339	 3.0	 0.0
1	2020	148	27186	 18.4	 34.2	0.931	 2.7	 0.0
1	2020	149	28478	 18.1	 35.6	0.977	 2.7	 0.0
1	2020	150	12057	 24.3	 30.0	1.530	 3.7	 0.7
1	2020	151	21650	 19.9	 30.3	1.673	 2.3	 0.0
1	2020	152	23264	 19.6	 34.3	1.839	 2.1	 0.0
1	2020	153	26382	 21.7	 35.4	1.898	 3.5	 0.0
1	2020	154	19790	 24.4	 34.8	1.267	 2.5	 0.0
1	2020	155	29411	 19.8	 37.6	0.907	 2.7	 0.0
1	2020	156	25600	 23.6	 38.4	1.543	 3.5	 0.0
1	2020	157	21142	 25.3	 36.5	1.837	 2.8	 0.0
1	2020	158	28388	 21.5	 36.7	1.574	 2.8	 0.0
1	2020	159	23757	 23.0	 35.6	1.470	 4.0	 0.0
1	2020	160	25032	 23.4	 35.1	1.754	 3.3	 0.0
1	2020	161	11229	 23.1	 30.0	2.371	 2.7	 6.9
1	2020	162	23773	 21.3	 32.8	2.229	 2.1	 3.1
1	2020	163	12500	 23.2	 30.2	2.598	 1.9	 2.9
1	2020	164	12247	 23.2	 27.0	2.411	 2.9	 4.9
1	2020	165	24997	 20.9	 32.2	2.298	 1.4	 0.0
1	2020	166	24097	 24.2	 34.1	2.480	 2.5	 0.1
1	2020	167	14040	 23.7	 32.1	2.548	 2.0	 4.9
1	2020	168	 5261	 19.2	 24.1	2.211	 3.8	28.6
1	2020	169	 3291	 17.9	 19.7	2.008	 3.4	30.7
1	2020	170	21794	 16.6	 27.5	2.114	 2.2	 2.3
1	2020	171	22624	 17.5	 28.2	2.163	 2.1	 0.1
1	2020	172	14296	 20.8	 27.5	2.271	 2.3	 0.0
1	2020	173	20309	 19.0	 28.4	2.249	 2.1	 0.0
1	2020	174	 5101	 21.4	 23.9	2.393	 2.0	 1.0
1	2020	175	19831	 21.1	 29.0	2.401	 1.8	 0.9
1	2020	176	26636	 20.7	 32.0	2.440	 1.6	 0.0
1	2020	177	26566	 22.1	 33.3	2.527	 2.4	 0.5
1	2020	178	18887	 24.1	 32.4	2.716	 2.0	 0.0
1	2020	179	15113	 24.5	 31.9	2.811	 2.3	 2.5
1	2020	180	 9035	 22.0	 26.6	2.483	 4.7	22.8
1	2020	181	26776	 21.4	 30.5	2.389	 2.4	 0.0
1	2020	182	21733	 23.0	 29.7	2.556	 2.8	 0.4
1	2020	183	18976	 21.8	 29.7	2.435	 1.6	 0.0
1	2020	184	22758	 23.4	 30.4	2.411	 2.5	 0.2
1	2020	185	18765	 20.6	 28.7	2.554	 1.4	 0.9
1	2020	186	21565	 22.5	 30.9	2.672	 2.8	 0.5
1	2020	187	22437	 23.6	 32.1	2.718	 2.3	 0.2
1	2020	188	27633	 23.8	 36.1	2.609	 2.3	 0.0
1	2020	189	23524	 25.6	 35.8	2.784	 2.0	 0.3
1	2020	190	24246	 25.1	 34.1	2.504	 2.7	 0.0
1	2020	191	25176	 23.8	 33.4	2.324	 2.6	 0.0
1	2020	192	22738	 23.1	 32.6	2.419	 2.7	 0.1
1	2020	193	 5749	 21.0	 27.0	2.535	 4.6	32.6
1	2020	194	 7262	 20.3	 24.1	2.234	 4.2	 4.3
1	2020	195	19969	 19.8	 27.9	2.340	 2.3	 0.1
1	2020	196	 7986	 20.9	 26.1	2.602	 0.7	 5.1
1	2020	197	21617	 20.0	 29.0	2.553	 1.6	 0.4
1	2020	198	23253	 20.6	 29.5	2.466	 2.3	 0.0
1	2020	199	 5898	 21.5	 23.8	2.553	 2.2	35.8
1	2020	200	17151	 20.8	 28.5	2.504	 2.4	 2.8
1	2020	201	18484	 20.9	 28.8	2.468	 2.7	 4.2
1	2020	202	26718	 20.1	 30.7	2.569	 2.4	 0.0
1	2020	203	16592	 22.2	 29.5	2.685	 3.3	 8.6
1	2020	204	 4710	 20.0	 23.2	2.417	 3.3	134.9
1	2020	205	23321	 20.3	 28.8	2.522	 2.5	 0.0
1	2020	206	10056	 19.9	 25.7	2.440	 1.5	 2.3
1	2020	207	21467	 17.7	 28.4	2.510	 1.3	 1.4
1	2020	208	 6717	 20.6	 25.0	2.485	 2.2	16.9
1	2020	209	14854	 19.8	 27.3	2.585	 1.7	 0.4
1	2020	210	16918	 21.9	 29.3	2.835	 1.7	 0.3
1	2020	211	17663	 22.9	 29.9	2.931	 1.9	 0.1
1	2020	212	20705	 22.7	 30.9	3.143	 2.1	 5.6
1	2020	213	19440	 23.4	 31.0	3.146	 2.0	 1.8
1	2020	214	19934	 25.2	 32.5	3.453	 2.5	 1.8
1	2020	215	11761	 26.8	 31.5	3.479	 2.7	12.2
1	2020	216	18636	 26.1	 33.3	3.407	 2.7	14.8
1	2020	217	20537	 25.6	 33.5	3.330	 2.1	 1.2
1	2020	218	16771	 25.7	 32.7	3.526	 2.4	 3.0
1	2020	219	13519	 25.6	 32.3	3.482	 1.8	 8.4
1	2020	220	 3702	 23.5	 26.0	3.009	 2.5	29.4
1	2020	221	11376	 23.5	 29.0	2.986	 1.6	 5.3
1	2020	222	21642	 23.1	 32.2	3.185	 1.6	 0.1
1	2020	223	22473	 24.5	 32.7	3.352	 2.0	 0.1
1	2020	224	19695	 24.9	 32.1	3.336	 2.6	 0.1
1	2020	225	15847	 25.4	 31.4	3.457	 2.9	20.3
1	2020	226	15124	 25.9	 30.7	3.363	 3.2	10.1
1	2020	227	18002	 25.8	 31.8	3.386	 3.3	 1.9
1	2020	228	18976	 25.1	 32.1	3.140	 3.3	 0.6
1	2020	229	19675	 23.5	 32.2	3.216	 2.1	 0.7
1	2020	230	21883	 25.1	 33.1	3.252	 2.1	 0.3
1	2020	231	22260	 24.7	 32.0	3.156	 2.0	 2.8
1	2020	232	16973	 23.3	 29.2	2.724	 3.1	 5.9
1	2020	233	 3943	 19.8	 23.4	2.423	 3.8	32.9
1	2020	234	 5858	 20.0	 24.9	2.421	 3.4	 8.8
1	2020	235	10034	 21.4	 26.6	2.631	 2.1	 3.1
1	2020	236	16692	 22.8	 30.0	3.047	 2.3	 0.9
1	2020	237	17316	 23.2	 29.4	2.811	 3.0	 0.9
1	2020	238	13943	 20.6	 29.4	2.720	 1.2	 0.0
1	2020	239	22931	 20.5	 30.3	2.531	 2.5	 0.0
1	2020	240	23261	 18.7	 29.0	2.261	 1.8	 0.0
1	2020	241	23362	 20.1	 30.3	2.511	 2.1	 0.0
1	2020	242	23036	 20.0	 30.4	2.571	 1.7	 0.0
1	2020	243	20727	 21.1	 30.5	2.736	 1.5	 0.0
1	2020	244	20684	 23.1	 30.6	2.444	 2.4	 0.1
1	2020	245	21656	 21.9	 30.5	2.369	 2.4	 0.1
1	2020	246	21930	 20.7	 29.4	1.953	 2.6	 0.0
1	2020	247	22672	 18.0	 30.4	1.766	 2.2	 0.0
1	2020	248	23056	 17.6	 31.2	1.796	 2.4	 0.0
1	2020	249	20100	 20.9	 30.8	2.097	 2.8	 0.0
1	2020	250	18931	 20.5	 31.5	2.129	 1.5	 0.0
1	2020	251	22062	 19.1	 31.9	2.065	 1.8	 0.0
1	2020	252	21358	 20.1	 31.9	2.170	 1.7	 0.0
1	2020	253	16647	 21.7	 31.4	2.330	 1.7	 0.9
1	2020	254	10419	 20.9	 26.9	2.507	 1.3	11.9
1	2020	255	21422	 19.0	 27.4	1.968	 2.9	 0.0
1	2020	256	18997	 18.4	 27.4	1.886	 2.5	 0.0
1	2020	257	15048	 18.9	 26.2	2.087	 2.0	 0.3
1	2020	258	16027	 18.7	 27.1	2.189	 1.6	 0.2
1	2020	259	18133	 20.3	 28.7	2.182	 2.7	 0.2
1	2020	260	13912	 17.7	 29.6	1.791	 1.7	 0.0
1	2020	261	15040	 18.2	 26.7	1.518	 2.4	 0.0
1	2020	262	21432	 15.0	 29.2	1.512	 2.3	 0.0
1	2020	263	20232	 16.9	 29.2	1.514	 2.5	 0.0
1	2020	264	15428	 16.6	 26.3	1.606	 2.2	 0.5
1	2020	265	 4162	 17.9	 22.4	1.755	 1.6	10.8
1	2020	266	 8432	 16.6	 23.4	1.814	 1.6	 1.4
1	2020	267	14189	 18.3	 25.2	1.867	 1.3	 0.1
1	2020	268	16894	 16.2	 26.0	1.913	 1.1	 0.0
1	2020	269	13597	 17.0	 25.3	1.890	 2.1	 0.1
1	2020	270	12535	 17.7	 25.3	1.779	 2.2	 0.0
1	2020	271	15444	 18.0	 25.8	1.804	 2.3	 0.2
1	2020	272	13210	 16.2	 25.4	1.666	 1.8	 0.0
1	2020	273	 9644	 18.5	 24.8	1.775	 1.6	 0.0
1	2020	274	13186	 15.9	 24.1	1.772	 2.3	 0.2
1	2020	275	11368	 17.1	 25.6	1.920	 2.2	 0.0
1	2020	276	 2199	 14.1	 21.0	1.531	 3.2	13.5
1	2020	277	 3618	 14.8	 18.5	1.324	 3.0	 0.4
1	2020	278	10351	 10.8	 17.8	0.866	 3.7	 0.0
1	2020	279	 4896	  8.8	 15.1	0.844	 1.9	 0.7
1	2020	280	 6818	  8.2	 15.8	0.983	 2.0	 0.0
1	2020	281	14772	 12.3	 19.7	1.094	 1.5	 0.0
1	2020	282	13499	  9.8	 21.3	1.279	 1.8	 0.0
1	2020	283	11107	 14.7	 22.2	1.402	 1.3	 0.0
1	2020	284	 4789	 14.3	 22.4	1.587	 1.5	 0.0
1	2020	285	 5008	 16.9	 21.2	1.728	 1.5	 0.2
1	2020	286	 5369	 15.8	 19.5	1.422	 2.8	 0.2
1	2020	287	 4137	 12.7	 18.1	1.500	 2.4	 4.1
1	2020	288	 1717	 11.7	 14.9	1.450	 3.6	 9.6
1	2020	289	 7110	 10.6	 17.2	1.407	 1.1	 2.2
1	2020	290	11253	 10.3	 19.7	1.277	 2.5	 0.7
1	2020	291	14772	  7.5	 19.5	1.085	 1.8	 0.0
1	2020	292	13938	  8.7	 20.1	1.142	 1.8	 0.0
1	2020	293	15901	  8.9	 20.3	1.100	 1.9	 0.0
1	2020	294	 8583	  8.5	 18.9	1.195	 2.0	 0.0
1	2020	295	15833	 10.8	 22.6	1.064	 3.2	 0.0
1	2020	296	15628	  6.7	 20.4	0.793	 1.8	 0.0
1	2020	297	15649	  6.9	 18.1	0.623	 2.4	 0.0
1	2020	298	15004	  5.5	 18.7	0.696	 2.3	 0.0
1	2020	299	14193	  9.9	 21.1	0.884	 2.2	 0.0
1	2020	300	13868	 10.9	 22.8	1.125	 1.4	 0.1
1	2020	301	 8419	 13.8	 20.8	0.937	 3.6	 0.0
1	2020	302	10470	 11.8	 18.7	0.809	 2.9	 0.0
1	2020	303	13793	  7.8	 19.8	1.029	 1.2	 0.0
1	2020	304	10657	  8.7	 19.6	1.182	 1.8	 0.1
1	2020	305	 9296	 13.6	 20.5	1.260	 2.2	 0.5
1	2020	306	13042	 11.1	 21.1	0.835	 2.7	 0.0
1	2020	307	13103	  8.6	 20.3	0.596	 2.6	 0.0
1	2020	308	12197	  5.2	 16.7	0.580	 1.7	 0.0
1	2020	309	12442	  7.9	 18.4	0.632	 2.9	 0.0
1	2020	310	 7537	 11.4	 18.8	0.926	 1.7	 0.0
1	2020	311	12695	 11.5	 22.8	0.852	 2.9	 0.0
1	2020	312	13254	 11.2	 21.8	0.603	 3.4	 0.0
1	2020	313	13070	  7.7	 18.4	0.524	 3.1	 0.0
1	2020	314	12600	  4.6	 18.8	0.661	 1.7	 0.0
1	2020	315	12421	  6.9	 20.4	0.723	 2.4	 0.0
1	2020	316	11437	  8.7	 20.1	0.819	 2.9	 0.0
1	2020	317	11955	  8.4	 21.2	0.940	 2.0	 0.0
1	2020	318	11511	  9.5	 19.6	1.016	 2.7	 0.0
1	2020	319	11311	  7.6	 19.0	1.029	 2.1	 0.0
1	2020	320	11504	  7.4	 19.1	1.130	 1.8	 0.0
1	2020	321	 7974	  9.2	 19.1	1.273	 3.0	 0.1
1	2020	322	 1255	 14.4	 16.5	1.569	 3.4	37.8
1	2020	323	 2321	 11.3	 16.3	1.242	 3.4	20.9
1	2020	324	 8508	  9.4	 15.4	0.883	 3.1	 0.0
1	2020	325	 9940	  6.0	 12.0	0.759	 3.8	 0.4
1	2020	326	 1896	  4.6	  8.1	0.833	 3.6	 8.6
1	2020	327	 5083	  3.1	  7.8	0.699	 3.2	 0.1
1	2020	328	 3345	  0.0	  4.7	0.623	 1.4	 1.1
1	2020	329	 7709	 -1.2	  6.8	0.633	 1.3	 0.0
1	2020	330	 3273	 -0.8	  6.5	0.685	 1.0	 0.2
1	2020	331	 7884	  4.2	  9.6	0.703	 2.5	 0.0
1	2020	332	 9492	  0.6	  9.7	0.629	 2.5	 0.0
1	2020	333	 5391	  0.5	  6.4	0.541	 1.7	 0.0
1	2020	334	 9648	 -1.0	  9.9	0.653	 1.6	 0.0
1	2020	335	 6004	  0.1	  8.1	0.657	 2.2	 0.0
1	2020	336	 3315	  1.3	  4.8	0.637	 2.6	 1.1
1	2020	337	 4108	 -0.9	  5.2	0.650	 1.5	 0.3
1	2020	338	 7302	  0.0	  5.7	0.555	 2.1	 0.0
1	2020	339	 9547	 -3.4	  7.0	0.531	 1.7	 0.0
1	2020	340	 9973	 -1.9	  8.1	0.538	 2.1	 0.0
1	2020	341	 7490	 -2.1	  9.5	0.644	 1.4	 0.0
1	2020	342	 8752	  1.4	  8.4	0.611	 2.8	 0.0
1	2020	343	 9632	 -2.7	  7.6	0.516	 1.4	 0.0
1	2020	344	 6894	  2.4	  9.5	0.708	 1.8	 0.0
1	2020	345	 9260	  0.6	 10.2	0.609	 1.7	 0.0
1	2020	346	 8081	 -1.2	  9.6	0.548	 1.7	 0.0
1	2020	347	 8880	 -1.2	 11.6	0.613	 2.0	 0.0
1	2020	348	 7056	 -0.5	  6.0	0.290	 5.0	 0.0
1	2020	349	 9646	 -5.8	  2.2	0.223	 1.8	 0.0
1	2020	350	10036	 -5.4	  4.5	0.304	 2.1	 0.0
1	2020	351	 9626	 -4.8	  4.9	0.368	 1.4	 0.0
1	2020	352	 8072	 -4.2	  6.3	0.375	 1.9	 0.0
1	2020	353	 8735	 -3.3	  6.4	0.361	 3.1	 0.0
1	2020	354	 8862	 -5.7	  5.2	0.321	 1.8	 0.0
1	2020	355	10072	 -3.7	  7.7	0.363	 2.3	 0.0
1	2020	356	10003	 -5.1	  9.1	0.424	 2.4	 0.0
1	2020	357	 9687	 -1.6	 10.4	0.517	 2.4	 0.0
1	2020	358	 9685	 -0.1	 11.6	0.482	 2.6	 0.0
1	2020	359	10061	 -3.1	 10.6	0.400	 2.2	 0.0
1	2020	360	 9247	 -4.7	 10.2	0.435	 1.9	 0.0
1	2020	361	 7721	  0.0	 11.1	0.578	 1.9	 0.0
1	2020	362	 9984	 -0.9	 12.2	0.636	 1.8	 0.0
1	2020	363	 9197	  0.6	 11.4	0.646	 4.2	 2.5
1	2020	364	 5345	 -6.7	  1.8	0.343	 5.2	 4.8
1	2020	365	10918	 -7.5	 -0.4	0.173	 3.6	 0.0
1	2020	366	 9726	 -7.3	  2.5	0.177	 2.7	 0.0
