*------------------------------------------------------------*
*   Country: China
*   Station: 114.6_34.2
*      Year: 2020
*    Origin: AgERA5 dataset
*    Author: Huang Hai, CAU
* Longitude: 114.60 E
*  Latitude: 34.20 N
* Elevation: 59.00 m
*   Columns: 
*   ======== 
*  station number
*  year
*  day
*  irradiation (kJ路m-2路d-1)
*  minimum temperature (degrees Celsius)
*  maximum temperature (degrees Celsius)
*  vapour pressure (kPa)
*  mean wind speed (m路s-1)
*  precipitation (mm路d-1)
** WCCDESCRIPTION=114.6_34.2, China
** WCCFORMAT=2
** WCCYEARNR=2020
*------------------------------------------------------------*
114.60  34.20  59.00  -0.18  -0.55
1	2020	  1	 8006	 -4.0	  5.9	0.332	 1.5	 0.0
1	2020	  2	 3664	  2.2	  5.9	0.481	 1.0	 0.0
1	2020	  3	 7250	  1.2	  9.5	0.541	 1.3	 0.0
1	2020	  4	 9319	 -0.5	 11.8	0.650	 2.0	 0.0
1	2020	  5	   47	  1.9	  6.4	0.766	 4.4	19.9
1	2020	  6	  934	  0.6	  2.7	0.653	 4.1	14.3
1	2020	  7	 3261	 -4.1	  1.6	0.616	 4.7	10.5
1	2020	  8	 6566	 -4.9	  5.0	0.519	 1.3	 0.0
1	2020	  9	 5782	 -0.5	  5.5	0.514	 1.3	 0.0
1	2020	 10	 5240	 -0.3	  6.2	0.607	 1.3	 0.0
1	2020	 11	 6383	 -2.2	  5.7	0.599	 1.8	 0.0
1	2020	 12	 6480	 -4.6	  5.8	0.613	 1.2	 0.3
1	2020	 13	 5522	 -2.4	  5.7	0.586	 2.0	 0.1
1	2020	 14	11131	 -5.3	  4.7	0.426	 1.8	 0.0
1	2020	 15	 3692	 -4.1	  2.3	0.422	 2.1	 0.9
1	2020	 16	 9120	 -2.7	  4.7	0.528	 1.6	 0.1
1	2020	 17	10408	 -3.7	  7.2	0.581	 2.2	 0.0
1	2020	 18	 9083	 -3.9	  8.0	0.589	 2.2	 0.0
1	2020	 19	12032	 -1.7	  8.7	0.425	 2.4	 0.0
1	2020	 20	 9987	 -2.4	  8.5	0.450	 2.4	 0.0
1	2020	 21	 6241	 -3.6	  7.1	0.565	 1.6	 0.1
1	2020	 22	 8250	 -2.9	  8.1	0.640	 1.2	 0.0
1	2020	 23	 8574	 -2.1	  9.4	0.692	 1.7	 0.0
1	2020	 24	 4884	  2.7	  6.8	0.686	 3.7	 1.1
1	2020	 25	 7536	  0.4	  7.2	0.581	 1.8	 0.7
1	2020	 26	 4018	  0.7	  3.2	0.616	 3.0	 2.8
1	2020	 27	10663	 -1.6	  6.7	0.538	 2.4	 0.1
1	2020	 28	12235	 -3.8	  9.2	0.551	 1.7	 0.0
1	2020	 29	12317	 -3.2	  9.4	0.570	 2.0	 0.0
1	2020	 30	12857	 -3.8	  9.7	0.571	 1.5	 0.0
1	2020	 31	13164	 -1.4	 12.7	0.624	 2.7	 0.0
1	2020	 32	 9185	  0.2	 11.2	0.650	 1.9	 0.0
1	2020	 33	11840	 -0.5	 11.6	0.583	 2.3	 0.0
1	2020	 34	13473	 -1.0	  9.6	0.554	 2.5	 0.0
1	2020	 35	13312	  0.7	 12.0	0.605	 3.4	 0.0
1	2020	 36	 3531	  0.1	  4.0	0.523	 4.3	 1.0
1	2020	 37	 4717	 -0.8	  3.1	0.563	 3.2	 3.3
1	2020	 38	12404	 -1.2	  8.1	0.644	 1.6	 0.0
1	2020	 39	12733	 -1.7	 10.9	0.686	 2.0	 0.0
1	2020	 40	14582	  0.3	 15.6	0.653	 3.4	 0.0
1	2020	 41	14430	  3.2	 16.3	0.760	 3.3	 0.0
1	2020	 42	14302	  4.8	 15.0	0.817	 2.8	 0.0
1	2020	 43	14445	  3.3	 17.0	0.979	 3.0	 0.0
1	2020	 44	10631	  6.4	 17.4	1.152	 3.4	 0.0
1	2020	 45	 6299	  2.3	 14.4	0.933	 4.8	 0.6
1	2020	 46	 4039	 -1.1	  3.6	0.513	 3.3	 4.2
1	2020	 47	16132	 -3.1	  7.2	0.286	 2.8	 0.0
1	2020	 48	16304	 -3.8	  9.8	0.325	 2.4	 0.0
1	2020	 49	16060	 -1.1	 13.8	0.407	 3.7	 0.0
1	2020	 50	11829	  3.4	 13.5	0.574	 2.7	 0.0
1	2020	 51	12801	  0.7	 15.0	0.697	 1.5	 0.0
1	2020	 52	16229	  5.2	 15.4	0.580	 3.3	 0.2
1	2020	 53	16674	  1.8	 13.9	0.414	 2.2	 0.0
1	2020	 54	16268	  4.5	 18.2	0.747	 3.8	 0.0
1	2020	 55	 7450	  9.9	 18.8	1.065	 3.1	 1.3
1	2020	 56	15651	  5.3	 15.2	0.904	 3.5	 0.0
1	2020	 57	 3644	  6.9	 10.7	0.897	 3.7	 0.6
1	2020	 58	 3471	  2.2	  8.3	0.649	 3.0	 9.8
1	2020	 59	13308	  0.5	  9.3	0.723	 1.6	 4.4
1	2020	 60	16407	  1.1	 13.8	0.852	 2.1	 0.0
1	2020	 61	 9674	  4.2	 12.5	0.829	 2.5	 0.1
1	2020	 62	10193	  3.7	 10.8	0.664	 2.3	 0.1
1	2020	 63	14003	  0.1	 12.2	0.510	 2.6	 0.0
1	2020	 64	18567	 -1.2	 11.9	0.454	 2.4	 0.0
1	2020	 65	17729	  0.8	 14.8	0.601	 3.6	 0.0
1	2020	 66	12443	  3.9	 16.3	0.843	 3.3	 0.0
1	2020	 67	19132	  6.2	 17.5	0.856	 2.8	 0.0
1	2020	 68	15030	  7.8	 17.6	1.033	 3.1	 0.0
1	2020	 69	 4663	  7.0	 12.9	0.963	 3.1	 1.6
1	2020	 70	19261	  1.9	 14.7	0.616	 2.2	 0.0
1	2020	 71	19407	  2.1	 18.7	0.724	 3.6	 0.0
1	2020	 72	16736	  8.0	 19.4	0.893	 3.6	 0.0
1	2020	 73	13866	  5.5	 12.3	0.638	 4.0	 0.0
1	2020	 74	20999	  3.0	 17.1	0.482	 3.9	 0.0
1	2020	 75	20205	  5.6	 19.9	0.438	 2.2	 0.0
1	2020	 76	13246	  7.1	 19.0	0.759	 3.1	 0.0
1	2020	 77	20878	  8.9	 23.5	0.657	 2.8	 0.0
1	2020	 78	21343	 10.4	 26.5	0.639	 4.3	 0.0
1	2020	 79	21909	  7.1	 19.9	0.363	 2.9	 0.0
1	2020	 80	21236	  8.6	 26.7	0.713	 4.3	 0.0
1	2020	 81	18273	 13.4	 28.0	1.040	 3.7	 0.0
1	2020	 82	20769	 11.0	 21.9	0.632	 3.8	 0.0
1	2020	 83	21450	  8.7	 23.8	0.712	 2.9	 0.0
1	2020	 84	19849	 12.1	 24.5	0.935	 3.2	 0.0
1	2020	 85	 7134	 14.2	 19.9	1.570	 2.6	13.7
1	2020	 86	 7812	  6.8	 20.0	1.196	 5.7	 1.0
1	2020	 87	10294	  6.9	 12.2	0.466	 3.7	 0.0
1	2020	 88	22372	  3.0	 14.8	0.509	 2.7	 0.0
1	2020	 89	 7272	  5.9	  9.4	0.794	 2.3	 2.6
1	2020	 90	20323	  2.5	 14.5	0.822	 2.3	 0.0
1	2020	 91	 9494	  6.8	 14.0	0.910	 2.4	 0.0
1	2020	 92	 8645	  4.1	 14.9	1.003	 2.4	 2.7
1	2020	 93	 6122	  6.3	 11.6	0.948	 2.4	 0.4
1	2020	 94	22705	  3.3	 18.8	0.842	 1.6	 0.0
1	2020	 95	23625	  4.8	 21.8	0.852	 2.1	 0.0
1	2020	 96	22275	  7.4	 19.3	0.854	 2.7	 0.0
1	2020	 97	21914	  9.8	 21.6	0.783	 2.4	 0.0
1	2020	 98	23391	  8.0	 23.7	0.874	 3.2	 0.0
1	2020	 99	22715	  8.5	 24.2	0.916	 2.0	 0.1
1	2020	100	22246	  8.8	 20.0	0.960	 5.3	 0.4
1	2020	101	 4919	  5.4	  9.3	0.871	 5.5	 9.4
1	2020	102	20022	  4.6	 15.2	0.777	 3.0	 0.5
1	2020	103	25417	  6.4	 21.9	0.593	 4.1	 0.0
1	2020	104	24993	  5.3	 24.0	0.697	 2.9	 0.0
1	2020	105	19170	 12.5	 23.9	0.826	 3.6	 0.0
1	2020	106	23752	 11.8	 26.7	1.143	 3.7	 0.0
1	2020	107	18406	 15.7	 25.2	1.096	 3.0	 0.2
1	2020	108	25982	 11.6	 24.9	0.747	 3.3	 0.0
1	2020	109	 6972	 11.2	 18.0	0.996	 2.8	 6.7
1	2020	110	22076	  9.7	 21.9	1.134	 3.0	 0.2
1	2020	111	18521	 13.3	 20.9	0.772	 3.4	 0.0
1	2020	112	19653	  8.7	 21.1	0.825	 1.6	 0.0
1	2020	113	25319	  9.7	 18.5	0.536	 3.1	 0.0
1	2020	114	24363	  6.6	 20.5	0.594	 1.7	 0.0
1	2020	115	27212	  6.0	 24.1	0.445	 3.6	 0.0
1	2020	116	27069	 13.7	 26.2	0.503	 4.3	 0.0
1	2020	117	26390	 11.4	 25.7	0.795	 3.0	 0.0
1	2020	118	24108	 12.7	 22.7	0.747	 3.3	 0.5
1	2020	119	26742	 11.3	 26.7	0.705	 3.8	 0.0
1	2020	120	24936	 14.6	 32.2	1.213	 3.7	 0.0
1	2020	121	23279	 18.5	 34.8	1.622	 3.8	 0.0
1	2020	122	25394	 19.2	 32.0	1.908	 4.1	 0.0
1	2020	123	25869	 19.2	 34.7	2.042	 2.5	 0.0
1	2020	124	26704	 20.6	 38.7	1.388	 3.0	 0.0
1	2020	125	18401	 16.8	 26.9	1.506	 6.0	 0.1
1	2020	126	21595	 13.6	 24.5	1.329	 3.2	 0.3
1	2020	127	21967	 13.5	 26.3	1.418	 3.4	 0.6
1	2020	128	 9430	 16.5	 22.0	1.823	 3.2	13.5
1	2020	129	 7879	 14.3	 19.5	1.678	 5.3	 8.2
1	2020	130	12491	 11.2	 18.8	1.434	 2.1	 5.7
1	2020	131	27019	 11.6	 27.3	1.476	 2.2	 0.0
1	2020	132	26648	 15.1	 24.8	0.923	 4.6	 0.0
1	2020	133	27799	 15.7	 28.7	0.980	 3.0	 0.0
1	2020	134	21867	 15.5	 29.6	1.182	 3.1	 0.1
1	2020	135	19671	 18.4	 26.4	1.462	 2.3	 0.0
1	2020	136	26904	 14.7	 31.1	1.577	 2.6	 0.0
1	2020	137	24939	 18.9	 32.6	1.818	 4.2	 0.0
1	2020	138	26752	 18.1	 34.5	1.726	 3.7	 1.1
1	2020	139	28212	 13.5	 27.1	0.841	 3.3	 0.0
1	2020	140	27888	 13.5	 31.2	0.888	 2.1	 0.0
1	2020	141	12155	 20.7	 29.5	1.204	 2.6	 0.0
1	2020	142	27199	 18.7	 33.6	1.303	 2.5	 0.0
1	2020	143	27894	 20.9	 34.6	1.277	 2.7	 0.0
1	2020	144	26253	 22.8	 36.8	1.475	 4.3	 0.3
1	2020	145	17991	 19.0	 30.0	1.225	 1.8	 0.0
1	2020	146	21589	 22.8	 30.5	1.290	 3.7	 0.0
1	2020	147	26937	 18.3	 30.3	1.325	 3.0	 0.0
1	2020	148	26895	 17.8	 33.7	0.969	 2.6	 0.0
1	2020	149	28567	 17.8	 35.3	0.995	 2.4	 0.0
1	2020	150	12665	 24.2	 29.9	1.518	 3.9	 0.1
1	2020	151	22014	 19.9	 29.6	1.630	 2.8	 0.0
1	2020	152	24643	 19.2	 34.1	1.800	 2.0	 0.1
1	2020	153	26285	 21.8	 35.2	1.901	 3.6	 0.0
1	2020	154	21257	 24.1	 34.4	1.278	 2.4	 0.0
1	2020	155	29477	 20.1	 37.5	0.880	 2.8	 0.0
1	2020	156	25471	 23.6	 38.3	1.487	 3.5	 0.0
1	2020	157	21140	 25.2	 35.6	1.788	 2.7	 0.0
1	2020	158	28525	 21.8	 36.5	1.573	 2.5	 0.0
1	2020	159	25702	 22.9	 36.4	1.433	 3.9	 0.0
1	2020	160	26007	 23.3	 35.2	1.697	 3.4	 0.0
1	2020	161	11207	 22.7	 29.6	2.355	 2.2	 9.2
1	2020	162	23405	 21.0	 32.3	2.248	 1.9	 1.9
1	2020	163	14022	 22.6	 30.6	2.582	 1.9	 3.6
1	2020	164	13054	 22.3	 25.2	2.310	 3.1	 9.2
1	2020	165	24403	 20.5	 31.5	2.329	 1.3	 0.0
1	2020	166	24292	 23.9	 33.4	2.445	 2.6	 0.2
1	2020	167	12307	 23.2	 32.3	2.615	 1.5	10.3
1	2020	168	 5198	 19.1	 23.3	2.199	 3.3	43.0
1	2020	169	 2697	 17.9	 19.3	1.998	 3.3	33.4
1	2020	170	20269	 16.9	 26.3	2.110	 2.3	 2.3
1	2020	171	23200	 17.0	 28.0	2.140	 2.1	 0.1
1	2020	172	16460	 20.3	 27.7	2.242	 2.3	 0.0
1	2020	173	21178	 19.3	 28.5	2.266	 2.2	 0.1
1	2020	174	 5454	 21.6	 24.1	2.381	 2.1	 1.1
1	2020	175	16803	 20.8	 27.6	2.436	 1.9	 4.3
1	2020	176	26979	 20.2	 31.5	2.409	 1.5	 0.0
1	2020	177	26629	 21.3	 32.8	2.528	 2.5	 0.8
1	2020	178	19847	 24.2	 32.0	2.725	 2.1	 0.1
1	2020	179	18091	 24.1	 32.5	2.804	 2.2	 0.7
1	2020	180	12556	 22.9	 26.5	2.464	 4.3	 8.6
1	2020	181	26797	 21.4	 30.3	2.349	 2.3	 0.0
1	2020	182	20171	 22.6	 29.4	2.509	 2.8	 0.1
1	2020	183	20447	 21.5	 29.8	2.386	 1.6	 0.0
1	2020	184	21530	 23.3	 30.6	2.454	 2.3	 0.4
1	2020	185	19156	 20.6	 28.4	2.584	 1.7	 0.9
1	2020	186	21693	 22.1	 30.6	2.665	 2.7	 0.6
1	2020	187	22579	 23.7	 32.3	2.726	 2.4	 0.1
1	2020	188	27561	 23.7	 35.9	2.594	 1.9	 0.0
1	2020	189	23554	 25.9	 35.8	2.919	 1.6	 0.8
1	2020	190	24201	 25.0	 33.8	2.431	 2.7	 0.0
1	2020	191	24101	 23.7	 33.0	2.290	 2.5	 0.0
1	2020	192	22703	 22.8	 32.4	2.385	 2.4	 0.0
1	2020	193	 6490	 21.0	 27.1	2.517	 4.4	33.8
1	2020	194	 6470	 19.9	 23.7	2.215	 4.3	 8.1
1	2020	195	20038	 19.7	 27.9	2.331	 2.3	 0.0
1	2020	196	 8420	 20.8	 26.2	2.587	 1.0	 3.8
1	2020	197	23399	 19.4	 29.5	2.526	 1.7	 0.2
1	2020	198	24353	 20.7	 29.7	2.487	 2.3	 0.0
1	2020	199	 7210	 21.6	 24.0	2.527	 2.2	24.2
1	2020	200	17322	 20.7	 28.6	2.503	 2.4	 2.0
1	2020	201	17785	 21.6	 28.7	2.457	 2.6	 3.2
1	2020	202	26571	 20.3	 30.8	2.543	 2.5	 0.0
1	2020	203	18071	 22.1	 29.8	2.648	 3.3	 6.8
1	2020	204	 4769	 20.1	 22.9	2.372	 3.5	123.1
1	2020	205	24563	 20.6	 28.6	2.520	 2.6	 0.0
1	2020	206	12810	 20.2	 26.5	2.439	 1.8	 1.0
1	2020	207	23727	 18.0	 29.0	2.514	 1.5	 0.5
1	2020	208	 6697	 20.4	 24.8	2.452	 2.1	11.0
1	2020	209	15110	 19.8	 27.2	2.553	 1.7	 0.2
1	2020	210	18352	 21.4	 29.3	2.814	 1.8	 0.2
1	2020	211	17301	 23.1	 29.9	2.929	 1.9	 0.2
1	2020	212	19895	 22.6	 30.7	3.161	 2.3	 1.7
1	2020	213	19387	 23.6	 30.9	3.160	 2.3	 2.9
1	2020	214	19235	 25.3	 32.4	3.465	 2.6	 1.4
1	2020	215	10698	 25.8	 31.2	3.478	 2.8	15.9
1	2020	216	18017	 26.3	 33.4	3.429	 2.8	23.4
1	2020	217	19819	 25.5	 33.4	3.354	 2.1	11.1
1	2020	218	16275	 25.7	 32.6	3.498	 2.2	 5.8
1	2020	219	10761	 24.9	 31.6	3.383	 1.7	13.6
1	2020	220	 3387	 23.6	 25.7	2.990	 2.5	34.2
1	2020	221	12778	 23.5	 29.5	2.960	 1.8	 2.7
1	2020	222	21594	 23.2	 32.1	3.181	 1.6	 0.2
1	2020	223	22275	 24.5	 32.7	3.361	 2.2	 0.2
1	2020	224	20626	 24.9	 32.2	3.341	 2.6	 0.0
1	2020	225	15787	 25.1	 31.7	3.423	 3.0	17.0
1	2020	226	16701	 25.9	 31.0	3.343	 3.7	 9.6
1	2020	227	17943	 25.7	 31.7	3.435	 3.3	 2.2
1	2020	228	18766	 24.3	 31.7	3.070	 3.3	 1.0
1	2020	229	19715	 23.0	 32.5	3.179	 2.0	 1.0
1	2020	230	22203	 25.3	 33.3	3.268	 1.9	 0.1
1	2020	231	22273	 25.1	 32.1	3.200	 2.3	 1.2
1	2020	232	16602	 22.9	 29.5	2.720	 3.2	 5.4
1	2020	233	 3117	 19.9	 22.9	2.411	 3.8	27.5
1	2020	234	 6991	 19.9	 25.2	2.385	 3.5	10.2
1	2020	235	11265	 21.5	 27.3	2.610	 1.9	 0.8
1	2020	236	16773	 22.3	 30.1	3.015	 2.3	 0.9
1	2020	237	17070	 22.7	 29.8	2.841	 3.1	 0.7
1	2020	238	14778	 20.4	 29.4	2.644	 1.5	 0.0
1	2020	239	23142	 21.3	 30.4	2.479	 2.7	 0.0
1	2020	240	23303	 18.4	 29.1	2.237	 1.8	 0.0
1	2020	241	23396	 20.3	 30.4	2.505	 2.1	 0.0
1	2020	242	23134	 20.3	 30.7	2.565	 1.6	 0.0
1	2020	243	21055	 21.2	 30.6	2.730	 1.6	 0.1
1	2020	244	20833	 23.4	 31.1	2.541	 2.3	 0.1
1	2020	245	22088	 22.0	 30.7	2.366	 2.4	 0.0
1	2020	246	21438	 20.3	 29.3	1.934	 2.5	 0.2
1	2020	247	22406	 18.2	 30.2	1.747	 2.0	 0.0
1	2020	248	23220	 17.6	 31.1	1.744	 2.4	 0.0
1	2020	249	21197	 21.0	 31.4	2.026	 2.8	 0.0
1	2020	250	20137	 20.5	 31.9	2.075	 1.7	 0.0
1	2020	251	22371	 19.4	 32.3	1.996	 1.9	 0.0
1	2020	252	20980	 20.0	 32.1	2.070	 1.9	 0.0
1	2020	253	18344	 21.7	 31.6	2.296	 1.8	 1.3
1	2020	254	12121	 21.1	 27.2	2.457	 1.4	 8.7
1	2020	255	21442	 19.1	 27.4	1.887	 3.1	 0.0
1	2020	256	18766	 18.2	 27.4	1.849	 2.7	 0.0
1	2020	257	15679	 19.1	 26.6	2.076	 2.1	 0.4
1	2020	258	16976	 18.8	 27.7	2.202	 1.9	 0.6
1	2020	259	18696	 20.4	 28.8	2.187	 3.0	 0.2
1	2020	260	14534	 17.9	 29.7	1.621	 2.1	 0.0
1	2020	261	15323	 18.3	 26.9	1.436	 2.2	 0.0
1	2020	262	21553	 15.4	 29.5	1.481	 2.5	 0.0
1	2020	263	20640	 17.0	 29.7	1.450	 2.6	 0.0
1	2020	264	17681	 16.1	 27.6	1.556	 2.5	 0.2
1	2020	265	 4195	 18.2	 23.1	1.694	 1.9	 5.2
1	2020	266	10152	 16.7	 24.7	1.778	 1.8	 1.4
1	2020	267	15022	 18.7	 25.7	1.760	 1.4	 0.0
1	2020	268	16512	 16.2	 26.4	1.842	 1.2	 0.0
1	2020	269	15312	 17.1	 26.1	1.792	 2.3	 0.1
1	2020	270	14217	 17.2	 25.8	1.718	 2.3	 0.1
1	2020	271	15184	 18.4	 26.3	1.699	 2.3	 0.3
1	2020	272	13499	 16.0	 25.7	1.596	 1.9	 0.0
1	2020	273	10314	 18.2	 25.5	1.692	 1.8	 0.0
1	2020	274	12866	 16.1	 24.6	1.698	 2.4	 0.2
1	2020	275	12092	 17.7	 26.1	1.868	 2.6	 0.0
1	2020	276	 2518	 15.5	 20.9	1.434	 3.1	 8.6
1	2020	277	 3954	 15.3	 19.2	1.243	 2.8	 0.2
1	2020	278	11219	 10.4	 17.9	0.767	 4.0	 0.0
1	2020	279	 5302	  9.1	 15.5	0.761	 1.8	 0.4
1	2020	280	 7445	  8.4	 17.0	0.898	 2.2	 0.0
1	2020	281	12830	 11.8	 20.2	1.012	 1.7	 0.0
1	2020	282	13592	  9.0	 21.8	1.204	 1.8	 0.0
1	2020	283	10823	 14.1	 22.5	1.357	 1.4	 0.0
1	2020	284	 4107	 14.1	 22.3	1.545	 1.6	 0.2
1	2020	285	 4280	 16.6	 20.7	1.726	 1.2	 0.6
1	2020	286	 6334	 15.3	 20.2	1.347	 2.8	 0.0
1	2020	287	 4438	 12.8	 18.5	1.459	 2.1	 3.7
1	2020	288	 1690	 11.8	 15.3	1.426	 3.3	10.2
1	2020	289	 6610	 10.9	 17.1	1.395	 0.9	 2.2
1	2020	290	11448	  9.7	 19.8	1.237	 2.5	 0.8
1	2020	291	14999	  8.0	 19.8	1.029	 2.0	 0.0
1	2020	292	14400	  8.9	 20.5	1.088	 2.1	 0.0
1	2020	293	16065	  9.5	 20.6	1.060	 1.9	 0.0
1	2020	294	 9237	  8.5	 19.4	1.141	 2.4	 0.0
1	2020	295	15778	 10.8	 22.4	0.976	 3.1	 0.0
1	2020	296	15730	  6.2	 20.8	0.692	 1.9	 0.0
1	2020	297	15704	  6.6	 18.1	0.567	 2.2	 0.0
1	2020	298	15041	  5.6	 19.0	0.626	 2.3	 0.0
1	2020	299	14093	  9.8	 21.3	0.825	 2.4	 0.0
1	2020	300	13950	 10.7	 23.2	1.085	 1.5	 0.2
1	2020	301	 7530	 13.6	 19.9	0.878	 3.7	 0.0
1	2020	302	 9281	 11.6	 18.5	0.768	 2.7	 0.0
1	2020	303	13460	  8.4	 20.1	1.002	 1.2	 0.0
1	2020	304	11398	  8.6	 20.0	1.145	 1.8	 0.1
1	2020	305	 9456	 14.0	 20.9	1.260	 2.2	 0.2
1	2020	306	12875	 11.5	 21.4	0.795	 2.6	 0.0
1	2020	307	13364	  8.4	 20.1	0.546	 2.8	 0.0
1	2020	308	12436	  4.5	 16.9	0.529	 1.9	 0.0
1	2020	309	12509	  7.8	 18.6	0.571	 3.1	 0.0
1	2020	310	 6791	 11.3	 19.1	0.868	 2.0	 0.0
1	2020	311	12664	 11.7	 23.2	0.818	 2.9	 0.0
1	2020	312	13265	 10.5	 22.1	0.563	 3.1	 0.0
1	2020	313	13087	  7.3	 18.3	0.492	 3.0	 0.0
1	2020	314	12708	  4.0	 19.0	0.604	 1.9	 0.0
1	2020	315	12394	  6.6	 20.6	0.686	 2.5	 0.0
1	2020	316	11349	  8.6	 20.3	0.780	 3.1	 0.0
1	2020	317	11858	  9.0	 21.6	0.918	 2.2	 0.0
1	2020	318	11565	  9.3	 19.8	0.983	 2.7	 0.0
1	2020	319	11379	  8.0	 19.5	1.007	 2.3	 0.0
1	2020	320	11360	  8.0	 19.5	1.138	 2.0	 0.0
1	2020	321	 7031	  9.5	 19.3	1.249	 3.1	 0.1
1	2020	322	 1072	 14.0	 16.5	1.533	 3.5	35.8
1	2020	323	 1804	 11.1	 15.7	1.259	 3.5	20.1
1	2020	324	 8080	  8.8	 15.5	0.860	 3.1	 0.0
1	2020	325	10002	  5.8	 11.9	0.738	 3.7	 0.3
1	2020	326	 2427	  4.7	  8.1	0.815	 3.4	 8.1
1	2020	327	 5636	  2.9	  7.8	0.682	 3.3	 0.1
1	2020	328	 3278	  0.4	  4.7	0.604	 1.4	 0.8
1	2020	329	 8244	 -1.5	  7.1	0.617	 1.5	 0.0
1	2020	330	 4483	 -0.6	  7.2	0.666	 1.1	 0.1
1	2020	331	 7802	  4.0	  9.6	0.676	 2.6	 0.0
1	2020	332	 9276	  0.3	  9.8	0.617	 2.6	 0.0
1	2020	333	 5380	  0.5	  6.2	0.510	 1.7	 0.0
1	2020	334	 9690	 -0.8	  9.8	0.634	 1.7	 0.0
1	2020	335	 6199	  0.0	  8.1	0.645	 2.0	 0.0
1	2020	336	 3407	  1.1	  5.0	0.617	 2.4	 0.8
1	2020	337	 4354	 -1.6	  4.9	0.642	 1.5	 0.2
1	2020	338	 7823	  0.1	  5.6	0.534	 2.1	 0.1
1	2020	339	 9516	 -3.1	  7.0	0.521	 1.8	 0.0
1	2020	340	 9952	 -1.4	  8.2	0.529	 2.3	 0.0
1	2020	341	 7747	 -1.5	  9.7	0.633	 1.6	 0.0
1	2020	342	 8400	  1.4	  8.1	0.575	 2.8	 0.0
1	2020	343	 9698	 -2.8	  7.6	0.494	 1.5	 0.0
1	2020	344	 6755	  2.4	  9.6	0.700	 1.9	 0.0
1	2020	345	 9274	  0.2	 10.2	0.644	 1.6	 0.0
1	2020	346	 7760	 -1.5	  9.4	0.550	 1.8	 0.0
1	2020	347	 8621	 -0.9	 11.4	0.603	 1.9	 0.0
1	2020	348	 7552	 -0.5	  5.2	0.276	 5.1	 0.0
1	2020	349	 9904	 -6.1	  2.0	0.207	 1.8	 0.0
1	2020	350	10002	 -5.3	  4.3	0.289	 2.4	 0.0
1	2020	351	 9664	 -5.0	  4.8	0.356	 1.2	 0.0
1	2020	352	 7944	 -4.1	  6.1	0.361	 2.1	 0.0
1	2020	353	 8729	 -3.2	  6.1	0.357	 2.9	 0.0
1	2020	354	 8852	 -5.8	  5.2	0.318	 2.0	 0.0
1	2020	355	10013	 -4.1	  7.1	0.358	 2.2	 0.0
1	2020	356	 9982	 -4.8	  8.9	0.418	 2.4	 0.0
1	2020	357	 9863	 -1.7	 10.5	0.513	 2.6	 0.0
1	2020	358	 9884	  0.0	 11.3	0.498	 2.7	 0.0
1	2020	359	10021	 -2.7	 10.0	0.409	 2.1	 0.0
1	2020	360	 9562	 -4.2	 10.3	0.437	 2.1	 0.0
1	2020	361	 7991	 -0.5	 11.2	0.585	 2.0	 0.0
1	2020	362	 9947	 -1.0	 12.0	0.615	 1.7	 0.0
1	2020	363	 9032	  0.8	 10.8	0.641	 4.2	 2.5
1	2020	364	 4933	 -6.9	  1.4	0.331	 5.2	 4.8
1	2020	365	10839	 -8.5	 -0.9	0.181	 2.9	 0.0
1	2020	366	10068	 -7.5	  1.9	0.177	 2.6	 0.0
