*------------------------------------------------------------*
*   Country: China
*   Station: 114.5_35.8
*      Year: 2020
*    Origin: AgERA5 dataset
*    Author: Huang Hai, CAU
* Longitude: 114.50 E
*  Latitude: 35.80 N
* Elevation: 98.00 m
*   Columns: 
*   ======== 
*  station number
*  year
*  day
*  irradiation (kJ路m-2路d-1)
*  minimum temperature (degrees Celsius)
*  maximum temperature (degrees Celsius)
*  vapour pressure (kPa)
*  mean wind speed (m路s-1)
*  precipitation (mm路d-1)
** WCCDESCRIPTION=114.5_35.8, China
** WCCFORMAT=2
** WCCYEARNR=2020
*------------------------------------------------------------*
114.50  35.80  98.00  -0.18  -0.55
1	2020	  1	 9375	 -4.0	  4.4	0.221	 2.2	 0.0
1	2020	  2	 9494	 -4.9	  6.3	0.305	 1.4	 0.0
1	2020	  3	 8293	 -2.8	  7.8	0.414	 1.6	 0.0
1	2020	  4	 7624	 -1.8	  9.8	0.548	 1.9	 0.0
1	2020	  5	  794	  0.1	  3.3	0.616	 4.2	13.6
1	2020	  6	 4356	 -1.8	  1.5	0.588	 3.9	 1.1
1	2020	  7	 2928	 -6.6	  0.7	0.579	 4.9	10.7
1	2020	  8	 8097	 -8.6	  3.5	0.475	 1.8	 0.0
1	2020	  9	10058	 -4.4	  5.9	0.435	 1.7	 0.2
1	2020	 10	 8515	 -2.3	  6.6	0.529	 1.7	 0.0
1	2020	 11	 6543	 -3.5	  3.3	0.473	 2.3	 0.1
1	2020	 12	 7875	 -5.5	  3.3	0.439	 1.2	 0.0
1	2020	 13	 8592	 -4.9	  3.6	0.455	 2.1	 0.1
1	2020	 14	 8656	 -5.8	  2.8	0.384	 1.7	 0.0
1	2020	 15	 7619	 -4.9	  3.1	0.372	 1.2	 0.0
1	2020	 16	 7605	 -3.8	  2.9	0.471	 1.2	 0.1
1	2020	 17	10621	 -4.6	  6.3	0.512	 1.9	 0.0
1	2020	 18	 9793	 -4.6	  7.9	0.504	 2.7	 0.0
1	2020	 19	11812	 -4.9	  8.0	0.351	 2.5	 0.0
1	2020	 20	11278	 -2.7	  6.8	0.334	 3.0	 0.0
1	2020	 21	 9193	 -3.7	  8.1	0.475	 2.0	 0.0
1	2020	 22	 8782	 -3.3	  8.2	0.582	 1.8	 0.0
1	2020	 23	 9655	 -2.7	  9.5	0.636	 2.2	 0.0
1	2020	 24	 9490	  0.7	  5.2	0.513	 4.2	 0.0
1	2020	 25	 9863	 -1.1	  7.8	0.471	 1.6	 0.0
1	2020	 26	 4703	  1.0	  4.4	0.472	 3.5	 0.8
1	2020	 27	11364	 -1.1	  6.9	0.448	 2.2	 0.1
1	2020	 28	11856	 -4.1	  8.5	0.488	 1.1	 0.0
1	2020	 29	11357	 -2.6	  8.1	0.524	 2.2	 0.0
1	2020	 30	12492	 -3.9	  9.3	0.508	 2.0	 0.0
1	2020	 31	12961	 -1.9	 12.8	0.526	 2.5	 0.0
1	2020	 32	 9510	 -0.6	  7.5	0.428	 3.6	 0.0
1	2020	 33	12700	 -2.0	 10.5	0.408	 2.3	 0.0
1	2020	 34	12723	 -2.9	  8.6	0.447	 3.4	 0.0
1	2020	 35	13147	 -2.1	  6.8	0.446	 4.4	 0.0
1	2020	 36	 3138	 -3.4	  0.0	0.376	 3.7	 1.3
1	2020	 37	 5984	 -2.4	  2.7	0.470	 2.4	 2.9
1	2020	 38	13424	 -3.0	  9.0	0.568	 2.9	 0.0
1	2020	 39	13170	 -2.9	 10.8	0.625	 1.9	 0.0
1	2020	 40	14402	 -1.4	 16.0	0.510	 2.9	 0.0
1	2020	 41	14637	 -1.6	 16.0	0.473	 2.3	 0.0
1	2020	 42	13748	  1.7	 15.3	0.717	 2.7	 0.0
1	2020	 43	14428	  2.1	 17.4	0.822	 3.3	 0.0
1	2020	 44	12632	  5.7	 16.9	1.005	 3.7	 0.0
1	2020	 45	 4912	  1.3	 10.7	0.771	 5.4	 0.7
1	2020	 46	 9455	 -3.5	  5.8	0.355	 3.9	 0.6
1	2020	 47	15781	 -5.6	  6.7	0.199	 2.2	 0.0
1	2020	 48	15981	 -4.7	 10.1	0.249	 2.4	 0.0
1	2020	 49	15643	 -1.0	 14.7	0.302	 4.3	 0.0
1	2020	 50	13308	  1.4	 13.4	0.458	 1.6	 0.0
1	2020	 51	12351	  0.3	 12.1	0.593	 2.4	 0.0
1	2020	 52	15960	  3.2	 16.2	0.470	 2.7	 0.1
1	2020	 53	16585	  1.4	 13.1	0.280	 2.9	 0.0
1	2020	 54	16069	  4.2	 17.9	0.629	 4.7	 0.0
1	2020	 55	 4888	  6.8	 12.7	0.804	 3.3	 1.8
1	2020	 56	12900	  4.1	 12.1	0.802	 3.8	 0.0
1	2020	 57	 5034	  4.6	  8.5	0.721	 3.7	 0.1
1	2020	 58	 5115	  1.0	  7.0	0.546	 2.2	 6.8
1	2020	 59	14094	 -0.6	  9.8	0.681	 2.7	 4.2
1	2020	 60	16648	  0.8	 14.3	0.805	 2.8	 0.0
1	2020	 61	13105	  4.0	 12.1	0.704	 2.9	 0.0
1	2020	 62	10962	  2.9	 11.6	0.600	 4.9	 0.0
1	2020	 63	18127	  1.5	 12.6	0.381	 3.0	 0.0
1	2020	 64	18489	 -0.7	  9.2	0.294	 3.0	 0.0
1	2020	 65	17957	 -1.7	 13.4	0.470	 3.8	 0.0
1	2020	 66	16476	  4.2	 16.9	0.727	 4.2	 0.0
1	2020	 67	18939	  4.8	 16.8	0.710	 2.8	 0.0
1	2020	 68	11272	  5.4	 17.4	0.891	 2.2	 0.3
1	2020	 69	 9148	  5.6	 13.6	0.863	 4.5	 0.4
1	2020	 70	19777	  1.9	 15.0	0.459	 2.0	 0.0
1	2020	 71	19777	 -0.5	 19.5	0.523	 4.1	 0.0
1	2020	 72	16596	  8.2	 21.4	0.661	 5.0	 0.0
1	2020	 73	19368	  4.7	 13.1	0.407	 4.0	 0.0
1	2020	 74	20691	  2.5	 18.1	0.328	 3.4	 0.0
1	2020	 75	20529	  4.8	 20.8	0.328	 2.4	 0.0
1	2020	 76	17412	  7.2	 20.6	0.535	 4.0	 0.0
1	2020	 77	20890	  8.1	 23.0	0.443	 3.2	 0.0
1	2020	 78	21332	  9.9	 27.8	0.321	 4.6	 0.0
1	2020	 79	21513	  6.5	 20.2	0.305	 3.8	 0.0
1	2020	 80	20750	 10.7	 27.8	0.560	 5.5	 0.0
1	2020	 81	16395	 12.1	 24.7	0.703	 4.3	 0.0
1	2020	 82	21021	  8.8	 21.0	0.527	 3.6	 0.0
1	2020	 83	21372	  9.3	 24.4	0.626	 3.9	 0.0
1	2020	 84	18852	 11.5	 23.4	0.791	 3.1	 0.0
1	2020	 85	12507	 12.7	 21.2	1.297	 2.8	 3.0
1	2020	 86	 5094	  5.4	 16.4	1.036	 5.9	 3.3
1	2020	 87	20141	  5.2	 13.2	0.414	 3.5	 0.0
1	2020	 88	21670	  1.9	 14.7	0.404	 2.3	 0.0
1	2020	 89	17563	  7.1	 13.8	0.623	 4.4	 0.0
1	2020	 90	22121	  4.2	 16.6	0.759	 4.3	 0.0
1	2020	 91	15609	  7.4	 16.3	0.882	 3.7	 0.0
1	2020	 92	 7503	  5.7	 12.4	0.780	 3.5	 1.5
1	2020	 93	14157	  5.5	 15.1	0.857	 1.6	 1.4
1	2020	 94	21901	  3.0	 20.6	0.714	 1.9	 0.0
1	2020	 95	22836	  5.2	 19.6	0.659	 3.6	 0.0
1	2020	 96	21903	  5.8	 20.4	0.733	 3.5	 0.0
1	2020	 97	23263	 11.0	 23.1	0.737	 4.0	 0.0
1	2020	 98	22187	 10.0	 24.6	0.864	 2.4	 0.2
1	2020	 99	22072	 10.7	 20.3	0.792	 3.3	 0.6
1	2020	100	16077	  8.1	 13.5	0.710	 6.4	 0.1
1	2020	101	 4225	  5.2	  8.3	0.779	 4.9	12.5
1	2020	102	23398	  3.5	 16.7	0.660	 3.1	 0.1
1	2020	103	25180	  7.2	 22.1	0.478	 4.2	 0.0
1	2020	104	24708	  6.0	 24.5	0.680	 2.8	 0.0
1	2020	105	19760	 11.9	 23.7	0.724	 4.0	 0.0
1	2020	106	23874	  9.6	 26.9	1.017	 3.7	 0.0
1	2020	107	24945	 15.1	 26.0	0.856	 3.1	 0.1
1	2020	108	25298	  9.6	 23.6	0.637	 3.1	 0.0
1	2020	109	13616	  9.6	 20.6	0.934	 1.9	 2.2
1	2020	110	23256	 10.3	 23.6	1.073	 3.0	 0.1
1	2020	111	23222	 13.0	 21.5	0.501	 3.6	 0.0
1	2020	112	24303	  9.1	 21.2	0.524	 2.8	 0.0
1	2020	113	26059	  7.1	 17.3	0.301	 3.0	 0.0
1	2020	114	26610	  5.7	 19.0	0.350	 2.4	 0.0
1	2020	115	26982	  6.0	 25.9	0.376	 3.9	 0.0
1	2020	116	26504	 13.3	 23.7	0.469	 4.4	 0.0
1	2020	117	25683	  8.9	 23.7	0.700	 2.6	 0.0
1	2020	118	25878	 11.4	 23.3	0.733	 3.3	 1.1
1	2020	119	26307	 12.9	 27.2	0.722	 5.8	 0.0
1	2020	120	25363	 14.4	 31.9	1.020	 4.0	 0.0
1	2020	121	25891	 16.6	 35.1	1.349	 3.3	 0.0
1	2020	122	25509	 19.1	 33.5	1.750	 4.9	 0.0
1	2020	123	25579	 18.3	 33.5	2.181	 3.0	 0.0
1	2020	124	26143	 17.2	 35.5	1.969	 2.8	 0.0
1	2020	125	 7823	 13.2	 24.6	1.285	 6.8	 6.7
1	2020	126	25669	 11.9	 24.0	1.385	 2.3	 6.7
1	2020	127	20267	 12.4	 25.3	1.499	 2.6	 0.0
1	2020	128	 5212	 16.8	 19.7	1.743	 3.0	 5.7
1	2020	129	 5987	 13.2	 17.5	1.587	 6.2	13.3
1	2020	130	11526	 10.4	 18.0	1.421	 2.3	 1.8
1	2020	131	26924	 10.4	 28.2	1.333	 3.0	 0.0
1	2020	132	23599	 16.8	 25.8	0.871	 4.5	 0.0
1	2020	133	27445	 15.9	 26.4	0.891	 3.2	 0.0
1	2020	134	23121	 15.1	 30.1	1.174	 3.6	 0.1
1	2020	135	21912	 17.6	 27.6	1.413	 2.1	 0.0
1	2020	136	26364	 14.2	 30.7	1.605	 2.7	 0.0
1	2020	137	24049	 19.7	 33.6	1.826	 4.5	 0.5
1	2020	138	26432	 16.2	 31.5	1.446	 4.5	 0.1
1	2020	139	26810	 12.8	 26.6	0.832	 3.6	 0.0
1	2020	140	27882	 14.4	 30.2	0.832	 2.5	 0.0
1	2020	141	25334	 16.2	 32.3	1.079	 3.8	 0.0
1	2020	142	26909	 19.7	 33.9	1.202	 4.0	 0.0
1	2020	143	28030	 18.3	 33.1	1.222	 3.0	 0.0
1	2020	144	24322	 21.2	 29.7	1.254	 4.2	 0.0
1	2020	145	17393	 17.9	 29.2	1.425	 1.7	 0.0
1	2020	146	25272	 19.8	 32.4	1.094	 3.7	 0.0
1	2020	147	26045	 16.8	 28.9	1.289	 3.5	 0.0
1	2020	148	26498	 18.7	 33.2	0.875	 3.1	 0.0
1	2020	149	27851	 16.5	 35.0	0.923	 2.7	 0.0
1	2020	150	24567	 23.3	 32.6	1.307	 4.7	 0.0
1	2020	151	21199	 20.3	 29.2	1.572	 3.1	 0.0
1	2020	152	26498	 18.0	 33.5	1.493	 2.4	 0.0
1	2020	153	24529	 19.9	 35.3	1.369	 3.4	 0.8
1	2020	154	20691	 18.7	 34.1	1.000	 2.5	 0.0
1	2020	155	28947	 22.0	 39.4	0.766	 3.5	 0.0
1	2020	156	26925	 23.5	 38.8	1.127	 2.5	 0.0
1	2020	157	23894	 22.1	 34.0	1.383	 3.8	 0.0
1	2020	158	27346	 22.6	 36.5	1.527	 3.4	 0.0
1	2020	159	27590	 25.3	 37.2	1.255	 4.1	 0.0
1	2020	160	25320	 22.8	 35.6	1.363	 2.5	 0.0
1	2020	161	17592	 24.1	 31.9	1.887	 2.0	 0.8
1	2020	162	25373	 21.3	 34.7	1.761	 1.7	 0.0
1	2020	163	17160	 22.4	 34.2	2.285	 1.8	 7.2
1	2020	164	17903	 20.9	 28.1	2.113	 2.3	 8.6
1	2020	165	25315	 20.0	 32.7	2.273	 2.4	 0.0
1	2020	166	27144	 22.7	 32.7	1.477	 3.6	 0.0
1	2020	167	12360	 21.2	 32.2	1.856	 1.6	 0.8
1	2020	168	 5404	 19.8	 24.2	2.024	 2.1	24.6
1	2020	169	 4354	 18.5	 20.5	2.033	 1.9	18.3
1	2020	170	20236	 16.2	 27.1	1.944	 2.3	 0.0
1	2020	171	21447	 17.3	 28.7	1.976	 2.9	 0.0
1	2020	172	23781	 20.7	 29.8	2.071	 3.6	 0.0
1	2020	173	22695	 20.0	 30.2	2.172	 2.7	 0.1
1	2020	174	13972	 20.9	 27.7	2.288	 2.3	 2.2
1	2020	175	11755	 20.6	 27.6	2.313	 1.8	 0.1
1	2020	176	26159	 20.8	 32.5	2.256	 2.0	 0.0
1	2020	177	25478	 20.4	 32.5	2.409	 2.9	10.1
1	2020	178	18293	 24.9	 30.9	2.314	 2.5	 0.0
1	2020	179	24091	 22.9	 33.9	2.380	 1.7	 0.2
1	2020	180	16088	 24.1	 29.6	2.579	 1.8	 1.3
1	2020	181	21669	 22.3	 31.2	2.544	 2.4	 1.5
1	2020	182	23134	 21.3	 29.5	2.320	 3.6	 3.1
1	2020	183	24194	 20.7	 31.7	2.077	 2.3	 0.0
1	2020	184	18261	 22.3	 31.0	2.450	 2.2	13.5
1	2020	185	15510	 21.5	 27.6	2.481	 2.9	 0.6
1	2020	186	14739	 22.1	 29.2	2.637	 2.0	 5.9
1	2020	187	24905	 22.2	 32.8	2.481	 2.0	 0.1
1	2020	188	26775	 22.6	 34.5	2.424	 2.2	 0.0
1	2020	189	25012	 24.6	 34.5	2.503	 2.7	 0.1
1	2020	190	21246	 25.6	 33.1	2.548	 1.4	 0.3
1	2020	191	20755	 25.6	 32.4	2.322	 2.3	 0.2
1	2020	192	14316	 22.6	 30.3	2.431	 1.4	 0.0
1	2020	193	 8316	 22.9	 27.8	2.555	 2.9	 6.2
1	2020	194	10157	 21.0	 25.6	2.259	 4.7	 6.7
1	2020	195	22516	 19.8	 29.3	2.228	 2.4	 0.0
1	2020	196	13159	 21.5	 28.5	2.418	 2.6	 0.1
1	2020	197	23720	 20.5	 30.7	2.327	 3.0	 0.0
1	2020	198	24889	 22.3	 31.7	2.360	 3.7	 0.0
1	2020	199	16000	 22.3	 28.7	2.278	 2.9	 1.1
1	2020	200	20682	 19.8	 29.9	2.140	 2.1	 0.0
1	2020	201	19688	 23.1	 30.7	2.171	 3.0	 0.1
1	2020	202	26022	 20.6	 34.4	2.196	 3.0	 0.0
1	2020	203	21230	 24.0	 32.6	2.362	 4.0	 0.0
1	2020	204	12376	 22.3	 26.6	2.308	 4.1	 4.7
1	2020	205	24477	 21.9	 31.6	2.160	 3.3	 0.0
1	2020	206	26105	 21.9	 32.9	2.147	 2.4	 0.0
1	2020	207	18848	 22.3	 33.4	2.186	 1.9	 0.4
1	2020	208	12726	 22.0	 28.4	2.345	 3.0	 6.8
1	2020	209	15341	 20.3	 28.7	2.316	 2.7	 0.1
1	2020	210	17672	 22.2	 31.0	2.572	 2.8	 0.0
1	2020	211	20106	 23.9	 32.5	2.732	 3.1	 0.0
1	2020	212	21430	 23.2	 33.2	2.821	 3.0	 0.2
1	2020	213	19408	 24.7	 32.5	3.018	 3.4	 1.2
1	2020	214	17470	 25.8	 34.8	3.172	 3.2	 0.0
1	2020	215	18724	 25.2	 33.2	3.192	 3.7	19.0
1	2020	216	14993	 26.7	 34.5	3.484	 2.4	 0.0
1	2020	217	15107	 24.9	 32.1	3.203	 2.5	10.3
1	2020	218	 4817	 23.9	 26.4	3.029	 2.8	16.9
1	2020	219	 3268	 22.0	 23.9	2.535	 3.6	42.3
1	2020	220	 4779	 22.3	 25.2	2.852	 4.4	 4.4
1	2020	221	19293	 22.8	 30.2	2.882	 2.2	 0.0
1	2020	222	22409	 23.4	 32.7	3.143	 1.8	 0.0
1	2020	223	19505	 24.8	 32.8	3.294	 2.2	 0.4
1	2020	224	17752	 25.7	 32.3	3.377	 2.5	 0.1
1	2020	225	 8843	 24.8	 30.7	3.325	 2.5	11.8
1	2020	226	16269	 25.3	 31.8	3.288	 3.3	 3.8
1	2020	227	21856	 24.6	 32.9	3.199	 2.9	 0.4
1	2020	228	 8329	 21.1	 27.2	2.473	 3.6	20.8
1	2020	229	13764	 21.6	 27.9	2.578	 3.1	 1.5
1	2020	230	20912	 22.4	 32.2	3.068	 2.5	 1.4
1	2020	231	21499	 24.9	 32.2	3.098	 3.4	 0.0
1	2020	232	12954	 21.1	 26.9	2.252	 4.5	 1.6
1	2020	233	 3522	 19.7	 22.4	2.323	 4.0	22.4
1	2020	234	14821	 18.7	 25.1	2.087	 3.5	 0.0
1	2020	235	15182	 20.8	 26.9	2.279	 1.8	 0.6
1	2020	236	16044	 21.9	 29.4	2.843	 3.8	 0.3
1	2020	237	10645	 22.6	 26.7	2.752	 3.2	 3.7
1	2020	238	16859	 19.8	 31.2	2.592	 1.4	 0.0
1	2020	239	22258	 20.5	 30.6	2.460	 2.7	 0.2
1	2020	240	22515	 20.0	 30.4	2.288	 2.6	 0.0
1	2020	241	21958	 21.0	 31.0	2.490	 2.1	 0.0
1	2020	242	22798	 21.9	 31.7	2.495	 2.3	 0.0
1	2020	243	21774	 20.6	 31.6	2.614	 1.3	 0.0
1	2020	244	20226	 22.6	 31.7	2.575	 2.4	 1.1
1	2020	245	22693	 21.2	 32.1	2.019	 1.8	 0.0
1	2020	246	20752	 20.3	 29.5	1.550	 3.2	 0.4
1	2020	247	22992	 18.5	 30.2	1.341	 2.3	 0.0
1	2020	248	22673	 18.2	 31.7	1.451	 2.1	 0.0
1	2020	249	20664	 21.7	 34.2	1.353	 4.2	 0.0
1	2020	250	21049	 22.2	 33.7	1.627	 2.5	 0.0
1	2020	251	21729	 20.0	 33.3	1.801	 1.9	 0.1
1	2020	252	19422	 21.0	 31.4	1.930	 2.1	 0.0
1	2020	253	15299	 20.8	 30.9	2.140	 1.2	 2.7
1	2020	254	17787	 21.5	 30.7	1.833	 2.3	 1.4
1	2020	255	19626	 18.7	 27.7	1.560	 3.6	 0.0
1	2020	256	16190	 19.1	 26.9	1.700	 4.1	 0.0
1	2020	257	14772	 19.3	 27.3	1.905	 2.8	 0.1
1	2020	258	15238	 19.1	 28.5	2.118	 1.8	 0.8
1	2020	259	17273	 21.0	 30.2	2.095	 3.2	 0.3
1	2020	260	20213	 17.0	 29.9	1.028	 2.6	 0.0
1	2020	261	19151	 18.0	 28.2	0.923	 2.5	 0.0
1	2020	262	21311	 15.6	 31.9	0.925	 2.9	 0.0
1	2020	263	20815	 16.6	 31.9	1.041	 2.8	 0.0
1	2020	264	20098	 18.4	 30.9	1.234	 2.8	 0.0
1	2020	265	 7929	 18.6	 27.2	1.363	 2.3	 0.0
1	2020	266	13218	 18.5	 27.9	1.399	 1.9	 0.0
1	2020	267	11305	 18.4	 26.3	1.809	 2.1	 3.3
1	2020	268	14511	 16.9	 25.3	1.821	 2.1	 0.6
1	2020	269	13464	 16.7	 26.0	1.663	 2.5	 0.0
1	2020	270	14530	 16.4	 26.3	1.637	 2.6	 0.1
1	2020	271	11508	 18.1	 25.5	1.638	 1.4	 0.5
1	2020	272	13867	 16.0	 26.3	1.423	 2.4	 0.1
1	2020	273	12463	 16.1	 27.5	1.547	 3.2	 0.0
1	2020	274	 7985	 16.0	 22.3	1.478	 2.2	 0.0
1	2020	275	13100	 17.1	 28.1	1.674	 3.0	 0.0
1	2020	276	 4280	 18.1	 21.3	0.970	 2.7	 0.0
1	2020	277	 5045	 15.9	 20.8	1.121	 2.3	 0.0
1	2020	278	14422	  9.9	 18.9	0.511	 4.6	 0.0
1	2020	279	 8985	  8.8	 18.3	0.577	 2.8	 0.0
1	2020	280	 7195	 10.3	 18.4	0.804	 3.0	 0.0
1	2020	281	15700	 12.7	 22.1	0.772	 3.1	 0.0
1	2020	282	12880	  9.3	 22.4	1.014	 1.9	 0.0
1	2020	283	13561	 12.9	 23.8	1.135	 2.0	 0.0
1	2020	284	 2974	 13.8	 19.3	1.348	 1.6	 0.1
1	2020	285	 9105	 15.0	 23.2	1.415	 2.2	 0.1
1	2020	286	11403	 15.0	 20.8	0.754	 3.5	 0.0
1	2020	287	 5692	 14.9	 20.1	1.282	 2.7	 2.9
1	2020	288	 3591	 11.9	 14.7	1.273	 2.9	12.9
1	2020	289	 8840	 11.3	 18.0	1.270	 3.4	 0.0
1	2020	290	13092	  9.1	 19.4	0.988	 3.4	 0.0
1	2020	291	16086	  8.0	 21.5	0.869	 3.3	 0.0
1	2020	292	14939	  8.3	 22.0	0.929	 2.6	 0.0
1	2020	293	15613	  8.9	 21.9	0.981	 2.6	 0.0
1	2020	294	11323	 11.2	 21.5	1.017	 4.5	 0.0
1	2020	295	15747	 10.3	 21.7	0.635	 2.9	 0.0
1	2020	296	15392	  6.7	 20.4	0.451	 2.3	 0.0
1	2020	297	15255	  5.0	 17.3	0.451	 1.9	 0.0
1	2020	298	14735	  4.8	 19.4	0.526	 3.3	 0.0
1	2020	299	13820	 10.6	 21.9	0.695	 3.3	 0.0
1	2020	300	13967	 10.2	 24.5	0.952	 1.6	 0.0
1	2020	301	 5279	 12.8	 16.5	0.619	 4.5	 0.0
1	2020	302	 7437	 11.1	 17.6	0.603	 2.0	 0.0
1	2020	303	 9333	  9.9	 18.0	0.698	 1.4	 0.0
1	2020	304	13487	  7.8	 18.8	0.830	 1.8	 0.0
1	2020	305	11350	 12.7	 22.2	1.022	 2.6	 0.0
1	2020	306	 9879	  9.5	 19.7	0.504	 2.5	 0.0
1	2020	307	13535	  6.8	 18.2	0.410	 3.1	 0.0
1	2020	308	12999	  4.0	 17.6	0.397	 2.5	 0.0
1	2020	309	12577	  8.1	 18.9	0.491	 4.7	 0.0
1	2020	310	 5842	 12.1	 18.9	0.736	 2.9	 0.0
1	2020	311	12579	 10.0	 23.1	0.623	 2.4	 0.0
1	2020	312	12838	  7.6	 22.0	0.375	 2.6	 0.0
1	2020	313	12752	  7.3	 16.1	0.295	 2.9	 0.0
1	2020	314	12280	  4.3	 18.9	0.412	 2.0	 0.0
1	2020	315	11830	  5.0	 19.8	0.567	 1.9	 0.0
1	2020	316	11426	  7.7	 19.8	0.694	 3.5	 0.0
1	2020	317	10578	 10.2	 21.4	0.829	 2.9	 0.0
1	2020	318	11522	  9.9	 18.4	0.590	 3.4	 0.0
1	2020	319	10630	  7.5	 19.0	0.865	 2.2	 0.0
1	2020	320	10629	  8.4	 19.2	1.048	 1.7	 0.0
1	2020	321	 4576	 10.3	 16.2	1.156	 1.9	 0.1
1	2020	322	  619	 11.1	 12.9	1.243	 3.7	12.5
1	2020	323	 4521	  8.9	 15.0	1.206	 3.3	 3.6
1	2020	324	 9969	  5.6	 15.3	0.823	 2.5	 0.0
1	2020	325	 9477	  3.8	 10.7	0.647	 3.0	 0.0
1	2020	326	 5516	  2.3	  7.2	0.707	 3.0	 3.8
1	2020	327	 6375	  2.4	  6.1	0.598	 3.1	 0.2
1	2020	328	 5208	 -0.3	  6.2	0.599	 2.0	 0.7
1	2020	329	 7516	  0.9	  7.6	0.661	 2.6	 0.0
1	2020	330	 8711	 -0.5	  9.6	0.660	 1.7	 0.0
1	2020	331	 8599	  1.8	  8.7	0.545	 3.0	 0.0
1	2020	332	 8907	 -0.7	  8.6	0.542	 2.7	 0.0
1	2020	333	 5744	 -0.5	  5.4	0.442	 2.1	 0.1
1	2020	334	 9703	 -2.1	  7.5	0.514	 2.1	 0.0
1	2020	335	 4926	 -2.5	  5.4	0.553	 1.7	 0.2
1	2020	336	 4686	 -0.4	  5.2	0.597	 1.5	 0.9
1	2020	337	 3997	 -0.9	  4.1	0.620	 1.5	 0.1
1	2020	338	 5584	 -0.7	  4.2	0.490	 1.6	 0.1
1	2020	339	 8985	 -4.0	  6.2	0.465	 1.8	 0.0
1	2020	340	 9558	 -2.6	  8.2	0.481	 2.5	 0.0
1	2020	341	 8847	 -1.1	  9.7	0.566	 2.0	 0.0
1	2020	342	 6954	 -1.5	  4.5	0.393	 2.9	 0.0
1	2020	343	 8851	 -4.0	  5.8	0.327	 2.2	 0.0
1	2020	344	 7834	 -0.1	  8.9	0.529	 2.5	 0.0
1	2020	345	 9139	 -2.9	  9.8	0.512	 1.7	 0.0
1	2020	346	 5820	 -2.6	  8.3	0.455	 2.2	 0.0
1	2020	347	 7568	 -3.0	 10.3	0.472	 2.0	 0.0
1	2020	348	 9300	 -3.0	  4.7	0.174	 5.3	 0.0
1	2020	349	 9746	 -7.2	  1.6	0.174	 2.6	 0.0
1	2020	350	 9565	 -6.7	  3.1	0.243	 1.6	 0.0
1	2020	351	 9506	 -6.5	  3.6	0.276	 1.9	 0.0
1	2020	352	 8120	 -5.0	  5.5	0.330	 2.2	 0.0
1	2020	353	 9423	 -4.5	  3.5	0.258	 3.1	 0.0
1	2020	354	 8685	 -6.1	  4.4	0.249	 2.4	 0.0
1	2020	355	 9536	 -5.2	  6.2	0.306	 2.0	 0.0
1	2020	356	 9568	 -5.7	  7.0	0.324	 2.0	 0.0
1	2020	357	 9632	 -4.7	  9.6	0.409	 2.4	 0.0
1	2020	358	 9107	 -2.1	 10.0	0.383	 2.4	 0.0
1	2020	359	 9670	 -4.2	  9.0	0.296	 2.1	 0.0
1	2020	360	 9493	 -4.7	  9.8	0.315	 2.2	 0.0
1	2020	361	 8773	 -2.5	 10.8	0.441	 1.9	 0.0
1	2020	362	 9523	 -2.5	  9.6	0.484	 1.7	 0.0
1	2020	363	 7438	 -0.4	  5.8	0.497	 5.3	 1.0
1	2020	364	 6364	 -8.0	  0.2	0.208	 5.0	 1.7
1	2020	365	10432	 -9.4	 -1.3	0.103	 2.6	 0.0
1	2020	366	10365	 -8.6	  2.2	0.141	 2.6	 0.0
