*------------------------------------------------------------*
*   Country: China
*   Station: 114.3_35.9
*      Year: 2020
*    Origin: AgERA5 dataset
*    Author: Huang Hai, CAU
* Longitude: 114.30 E
*  Latitude: 35.90 N
* Elevation: 80.00 m
*   Columns: 
*   ======== 
*  station number
*  year
*  day
*  irradiation (kJ路m-2路d-1)
*  minimum temperature (degrees Celsius)
*  maximum temperature (degrees Celsius)
*  vapour pressure (kPa)
*  mean wind speed (m路s-1)
*  precipitation (mm路d-1)
** WCCDESCRIPTION=114.3_35.9, China
** WCCFORMAT=2
** WCCYEARNR=2020
*------------------------------------------------------------*
114.30  35.90  80.00  -0.18  -0.55
1	2020	  1	 9118	 -4.0	  4.0	0.239	 1.7	 0.0
1	2020	  2	 9460	 -3.8	  6.3	0.309	 1.4	 0.0
1	2020	  3	 8494	 -1.9	  8.0	0.433	 1.5	 0.0
1	2020	  4	 7534	 -1.5	  9.4	0.540	 2.0	 0.0
1	2020	  5	 1080	  0.0	  3.0	0.605	 4.2	11.6
1	2020	  6	 5424	 -3.0	  1.7	0.573	 3.1	 0.4
1	2020	  7	 3158	 -6.2	  1.2	0.573	 5.0	 9.2
1	2020	  8	 8547	 -9.8	  3.2	0.487	 2.0	 0.0
1	2020	  9	 9934	 -3.9	  6.1	0.455	 1.9	 0.1
1	2020	 10	 8052	 -1.4	  6.4	0.548	 1.4	 0.0
1	2020	 11	 5384	 -1.8	  2.8	0.504	 2.1	 0.3
1	2020	 12	 7760	 -4.9	  3.9	0.458	 1.3	 0.0
1	2020	 13	 9393	 -4.6	  3.7	0.461	 1.8	 0.5
1	2020	 14	 6275	 -5.4	  2.3	0.386	 1.7	 0.2
1	2020	 15	 7275	 -4.7	  2.8	0.387	 1.0	 0.2
1	2020	 16	 6840	 -4.1	  2.6	0.483	 1.3	 0.4
1	2020	 17	10387	 -4.6	  6.9	0.498	 1.7	 0.0
1	2020	 18	 9353	 -5.0	  8.4	0.450	 2.6	 0.0
1	2020	 19	11668	 -4.5	  8.4	0.336	 2.8	 0.0
1	2020	 20	11206	 -2.6	  6.2	0.315	 2.7	 0.0
1	2020	 21	 8814	 -3.1	  8.0	0.438	 2.1	 0.0
1	2020	 22	 8990	 -3.8	  8.4	0.551	 1.8	 0.0
1	2020	 23	 9840	 -3.0	  9.0	0.593	 2.1	 0.0
1	2020	 24	10138	  0.3	  5.4	0.494	 4.0	 0.0
1	2020	 25	10706	 -1.3	  7.6	0.477	 1.4	 0.0
1	2020	 26	 4876	  0.2	  4.3	0.479	 3.3	 0.8
1	2020	 27	11046	 -1.4	  6.8	0.460	 2.1	 0.1
1	2020	 28	11345	 -3.3	  8.3	0.497	 1.3	 0.2
1	2020	 29	10921	 -2.0	  7.4	0.547	 2.1	 0.1
1	2020	 30	12366	 -3.2	  9.6	0.499	 2.1	 0.0
1	2020	 31	12886	 -2.8	 13.3	0.467	 2.2	 0.0
1	2020	 32	 9506	  0.6	  6.9	0.404	 3.7	 0.0
1	2020	 33	12629	 -0.7	 11.3	0.429	 2.1	 0.0
1	2020	 34	12438	 -2.0	  8.9	0.453	 3.7	 0.0
1	2020	 35	13160	 -2.1	  6.0	0.401	 4.4	 0.0
1	2020	 36	 4031	 -3.5	  0.3	0.360	 3.4	 1.0
1	2020	 37	 7019	 -2.7	  3.0	0.447	 2.4	 1.9
1	2020	 38	13491	 -3.1	  9.3	0.561	 2.2	 0.0
1	2020	 39	13190	 -2.5	 11.4	0.607	 2.0	 0.0
1	2020	 40	14333	 -2.2	 16.1	0.471	 2.7	 0.0
1	2020	 41	14589	 -2.7	 16.3	0.416	 2.4	 0.0
1	2020	 42	13475	  0.4	 14.8	0.619	 2.4	 0.0
1	2020	 43	14422	  0.2	 17.5	0.713	 3.0	 0.0
1	2020	 44	13617	  3.2	 16.8	0.897	 3.1	 0.0
1	2020	 45	 5033	  1.4	 10.5	0.755	 5.2	 1.0
1	2020	 46	11601	 -2.6	  6.3	0.331	 4.4	 0.6
1	2020	 47	15628	 -4.9	  7.6	0.202	 2.4	 0.0
1	2020	 48	15868	 -3.5	 11.1	0.246	 2.4	 0.0
1	2020	 49	15469	 -2.3	 15.0	0.296	 3.3	 0.0
1	2020	 50	13969	 -0.1	 13.1	0.411	 2.1	 0.0
1	2020	 51	11387	  1.1	 11.4	0.577	 2.6	 0.0
1	2020	 52	15668	  2.1	 15.8	0.441	 3.1	 0.0
1	2020	 53	16502	 -0.1	 13.5	0.292	 3.0	 0.0
1	2020	 54	16024	  3.3	 18.5	0.606	 4.2	 0.0
1	2020	 55	 5138	  6.5	 11.5	0.737	 3.2	 1.2
1	2020	 56	13390	  3.9	 11.9	0.800	 3.4	 0.0
1	2020	 57	 4558	  4.3	  7.5	0.736	 3.3	 0.5
1	2020	 58	 4921	  1.5	  6.6	0.596	 2.0	 7.1
1	2020	 59	15230	 -0.5	 11.0	0.703	 2.8	 3.1
1	2020	 60	16521	  0.8	 14.8	0.813	 2.5	 0.0
1	2020	 61	13251	  3.5	 12.6	0.704	 3.2	 0.1
1	2020	 62	11408	  2.8	 12.2	0.610	 5.1	 0.1
1	2020	 63	18109	  3.0	 13.0	0.390	 2.8	 0.0
1	2020	 64	18357	 -0.2	  8.1	0.264	 3.0	 0.0
1	2020	 65	17986	 -1.3	 13.3	0.460	 4.2	 0.0
1	2020	 66	17096	  3.4	 17.5	0.723	 3.9	 0.0
1	2020	 67	18912	  3.4	 16.4	0.599	 2.8	 0.0
1	2020	 68	10281	  5.0	 16.9	0.862	 2.1	 0.3
1	2020	 69	10091	  6.2	 13.6	0.881	 4.4	 1.4
1	2020	 70	19737	  2.4	 15.3	0.361	 2.2	 0.0
1	2020	 71	19686	 -0.3	 20.1	0.455	 3.9	 0.0
1	2020	 72	14831	  6.4	 21.5	0.604	 4.7	 0.4
1	2020	 73	19122	  4.6	 12.9	0.395	 3.9	 0.0
1	2020	 74	20567	  2.2	 17.7	0.283	 3.9	 0.0
1	2020	 75	20425	  4.9	 20.4	0.306	 2.8	 0.0
1	2020	 76	17874	  6.8	 21.3	0.494	 3.8	 0.0
1	2020	 77	20828	  9.2	 23.0	0.392	 3.5	 0.0
1	2020	 78	21316	  9.0	 27.2	0.299	 4.6	 0.0
1	2020	 79	21400	  6.3	 20.7	0.315	 3.8	 0.0
1	2020	 80	20647	 10.1	 28.4	0.517	 4.2	 0.0
1	2020	 81	16695	 10.0	 24.3	0.620	 4.1	 0.0
1	2020	 82	21064	  8.8	 20.7	0.533	 3.4	 0.0
1	2020	 83	20977	  8.0	 24.2	0.620	 4.0	 0.0
1	2020	 84	18674	 11.7	 22.7	0.826	 2.9	 0.0
1	2020	 85	14880	 12.6	 22.1	1.300	 2.7	 0.8
1	2020	 86	 4351	  5.1	 15.9	1.042	 6.0	 5.1
1	2020	 87	19678	  5.1	 12.9	0.426	 3.1	 0.0
1	2020	 88	21054	  2.3	 14.4	0.394	 2.6	 0.0
1	2020	 89	19043	  7.0	 15.0	0.605	 4.5	 0.0
1	2020	 90	22171	  4.2	 17.5	0.762	 4.3	 0.0
1	2020	 91	16874	  7.8	 18.3	0.922	 3.3	 0.0
1	2020	 92	 6021	  6.5	 11.3	0.796	 3.8	 3.9
1	2020	 93	17773	  5.5	 16.0	0.829	 1.7	 0.9
1	2020	 94	22651	  3.9	 20.8	0.654	 2.2	 0.0
1	2020	 95	22976	  5.6	 18.2	0.639	 4.3	 0.0
1	2020	 96	22131	  6.5	 20.5	0.714	 3.7	 0.0
1	2020	 97	22990	 10.1	 23.2	0.768	 3.4	 0.0
1	2020	 98	21535	  8.9	 23.5	0.849	 2.6	 0.2
1	2020	 99	21920	  9.7	 19.1	0.813	 3.2	 0.8
1	2020	100	15293	  7.8	 12.6	0.676	 6.6	 0.0
1	2020	101	 5378	  4.4	  8.2	0.756	 5.2	12.6
1	2020	102	23188	  2.8	 17.0	0.635	 3.4	 0.2
1	2020	103	25118	  5.5	 22.0	0.439	 4.7	 0.0
1	2020	104	24688	  5.0	 24.7	0.619	 2.7	 0.0
1	2020	105	21262	  9.6	 24.1	0.731	 3.8	 0.0
1	2020	106	23503	  8.7	 26.9	0.996	 3.7	 0.0
1	2020	107	25222	 14.8	 25.9	0.743	 3.5	 0.0
1	2020	108	25239	 10.0	 23.6	0.618	 3.3	 0.0
1	2020	109	13154	 10.3	 20.1	0.919	 1.9	 2.3
1	2020	110	23876	 10.3	 24.3	1.072	 2.9	 0.0
1	2020	111	22867	 12.9	 21.9	0.492	 3.5	 0.0
1	2020	112	24681	  9.1	 22.2	0.475	 2.8	 0.0
1	2020	113	26329	  6.6	 18.4	0.307	 2.8	 0.0
1	2020	114	26610	  6.5	 19.8	0.333	 2.6	 0.0
1	2020	115	27000	  5.7	 26.0	0.349	 3.9	 0.0
1	2020	116	26447	 13.2	 23.0	0.448	 4.6	 0.0
1	2020	117	25530	  9.0	 23.2	0.704	 2.7	 0.0
1	2020	118	25811	 12.4	 23.7	0.732	 3.6	 0.3
1	2020	119	26241	 11.9	 27.8	0.761	 5.5	 0.0
1	2020	120	25144	 13.9	 32.0	1.013	 3.5	 0.0
1	2020	121	25907	 14.9	 35.1	1.181	 2.9	 0.0
1	2020	122	25981	 16.8	 34.1	1.548	 4.3	 0.0
1	2020	123	25648	 17.5	 33.6	2.031	 2.7	 0.0
1	2020	124	26001	 16.8	 35.2	1.823	 3.5	 0.0
1	2020	125	 8547	 13.3	 24.7	1.330	 6.8	 8.8
1	2020	126	25853	 11.8	 24.5	1.399	 2.3	 4.9
1	2020	127	19582	 12.9	 24.9	1.509	 2.7	 0.0
1	2020	128	 4673	 17.0	 19.8	1.739	 2.9	10.9
1	2020	129	 5552	 13.5	 17.9	1.609	 6.3	16.1
1	2020	130	 9731	 10.8	 18.3	1.465	 1.9	 2.3
1	2020	131	26623	 10.1	 28.6	1.232	 3.1	 0.0
1	2020	132	24391	 16.3	 25.9	0.778	 4.9	 0.1
1	2020	133	27396	 16.8	 26.2	0.886	 3.8	 0.0
1	2020	134	22215	 13.8	 29.9	1.132	 3.9	 0.0
1	2020	135	23641	 17.9	 28.1	1.368	 2.1	 0.0
1	2020	136	25933	 14.8	 30.7	1.578	 2.9	 0.0
1	2020	137	24340	 18.8	 34.6	1.667	 3.7	 0.3
1	2020	138	26176	 16.4	 32.2	1.283	 4.5	 0.0
1	2020	139	26791	 13.7	 26.8	0.829	 3.9	 0.0
1	2020	140	27829	 13.4	 29.9	0.875	 2.5	 0.0
1	2020	141	26090	 16.3	 32.3	1.106	 3.7	 0.0
1	2020	142	26596	 19.0	 33.9	1.263	 4.0	 0.0
1	2020	143	27979	 17.7	 32.8	1.263	 3.1	 0.0
1	2020	144	23774	 20.9	 29.0	1.273	 4.3	 0.0
1	2020	145	18519	 18.1	 29.1	1.398	 2.0	 0.0
1	2020	146	25663	 18.4	 32.1	1.167	 3.3	 0.0
1	2020	147	25969	 16.7	 29.1	1.290	 3.3	 0.0
1	2020	148	26354	 17.2	 32.6	0.873	 3.0	 0.0
1	2020	149	28072	 17.2	 34.6	0.896	 3.0	 0.0
1	2020	150	25411	 21.2	 33.1	1.271	 5.0	 0.0
1	2020	151	21760	 19.8	 29.1	1.596	 2.9	 0.0
1	2020	152	27080	 18.2	 33.3	1.416	 2.4	 0.0
1	2020	153	24089	 19.6	 34.7	1.309	 3.3	 0.5
1	2020	154	21546	 19.5	 33.9	0.960	 3.0	 0.0
1	2020	155	28948	 20.4	 39.1	0.776	 3.6	 0.0
1	2020	156	26911	 22.6	 36.8	1.120	 3.3	 0.0
1	2020	157	25086	 22.1	 33.0	1.340	 3.6	 0.0
1	2020	158	27126	 22.4	 36.1	1.502	 3.6	 0.0
1	2020	159	27602	 24.2	 36.7	1.179	 4.3	 0.0
1	2020	160	23738	 23.1	 34.9	1.330	 2.8	 0.0
1	2020	161	17085	 24.1	 31.6	1.849	 2.1	 0.6
1	2020	162	26255	 21.2	 34.5	1.706	 1.9	 0.0
1	2020	163	17231	 22.7	 34.0	2.128	 2.0	 4.8
1	2020	164	16736	 21.5	 28.3	2.208	 2.0	 8.9
1	2020	165	23930	 20.3	 32.8	2.353	 2.3	 0.0
1	2020	166	28262	 23.0	 32.2	1.320	 3.9	 0.0
1	2020	167	11856	 21.3	 32.2	1.650	 1.9	 0.6
1	2020	168	 5400	 19.9	 24.6	2.019	 2.2	23.4
1	2020	169	 4649	 18.1	 21.2	2.014	 1.0	15.5
1	2020	170	22270	 16.5	 27.7	1.941	 2.5	 0.0
1	2020	171	22154	 17.9	 28.9	1.961	 3.3	 0.0
1	2020	172	25301	 20.5	 30.3	2.135	 3.9	 0.0
1	2020	173	24538	 20.3	 30.8	2.161	 3.1	 0.0
1	2020	174	13828	 21.2	 28.1	2.291	 2.3	 1.5
1	2020	175	12334	 20.6	 27.9	2.288	 1.6	 0.0
1	2020	176	25276	 21.5	 32.4	2.302	 2.3	 0.3
1	2020	177	25094	 20.6	 32.6	2.404	 3.1	 6.0
1	2020	178	18159	 24.6	 31.2	2.115	 2.6	 0.1
1	2020	179	25929	 22.3	 33.7	2.194	 2.0	 0.2
1	2020	180	13718	 24.5	 29.5	2.606	 1.9	 1.8
1	2020	181	20143	 22.5	 31.0	2.597	 2.7	 1.4
1	2020	182	22433	 21.7	 29.2	2.301	 3.7	 1.3
1	2020	183	23584	 21.1	 32.1	2.084	 2.7	 0.0
1	2020	184	18468	 22.4	 30.5	2.436	 2.4	18.0
1	2020	185	13845	 21.5	 27.3	2.456	 3.2	 1.8
1	2020	186	13047	 22.1	 28.8	2.643	 2.1	11.2
1	2020	187	25564	 21.7	 33.0	2.376	 1.8	 1.2
1	2020	188	26530	 21.8	 33.8	2.385	 2.2	 0.0
1	2020	189	24597	 24.8	 33.5	2.565	 2.6	 0.1
1	2020	190	20607	 25.6	 32.1	2.636	 1.8	 0.3
1	2020	191	20743	 25.2	 32.3	2.495	 2.4	 2.1
1	2020	192	13450	 22.3	 29.8	2.489	 2.0	 0.2
1	2020	193	 7404	 23.0	 27.3	2.628	 2.5	 6.7
1	2020	194	10677	 21.2	 26.0	2.301	 5.0	 9.3
1	2020	195	23753	 19.3	 29.5	2.162	 2.2	 0.0
1	2020	196	14718	 22.0	 29.3	2.428	 2.6	 0.1
1	2020	197	21992	 21.2	 30.6	2.383	 2.5	 0.0
1	2020	198	23802	 22.5	 31.8	2.362	 4.0	 0.0
1	2020	199	20137	 22.7	 29.5	2.206	 3.6	 0.3
1	2020	200	18833	 20.0	 29.5	2.160	 2.1	 0.0
1	2020	201	19392	 23.0	 30.3	2.183	 2.8	 0.1
1	2020	202	26194	 19.9	 34.7	2.093	 3.1	 0.0
1	2020	203	21451	 24.0	 32.6	2.348	 4.2	 0.0
1	2020	204	14119	 22.8	 28.1	2.309	 3.8	 1.6
1	2020	205	24429	 22.1	 31.5	2.088	 3.5	 0.1
1	2020	206	26080	 22.1	 33.0	2.117	 2.4	 0.0
1	2020	207	18116	 22.9	 34.2	2.050	 1.7	 0.1
1	2020	208	14348	 22.4	 29.8	2.263	 3.9	 2.4
1	2020	209	14576	 21.1	 29.5	2.350	 2.8	 0.4
1	2020	210	20576	 22.1	 32.4	2.508	 3.3	 0.0
1	2020	211	20992	 24.1	 33.6	2.688	 3.3	 0.0
1	2020	212	23366	 24.2	 34.3	2.733	 3.4	 0.0
1	2020	213	19934	 24.9	 33.6	2.907	 3.2	 3.3
1	2020	214	17102	 25.7	 35.2	3.075	 2.7	 0.2
1	2020	215	20994	 25.5	 34.2	3.167	 3.1	16.6
1	2020	216	16620	 26.8	 35.4	3.346	 1.5	 3.1
1	2020	217	15719	 25.9	 32.4	3.189	 1.8	 5.8
1	2020	218	 3603	 23.4	 26.3	2.964	 2.4	20.2
1	2020	219	 2986	 22.2	 23.6	2.511	 3.4	44.3
1	2020	220	 4990	 22.8	 25.9	2.835	 4.8	 5.8
1	2020	221	19359	 22.8	 30.4	2.897	 2.1	 0.0
1	2020	222	23573	 23.5	 32.7	3.141	 2.0	 0.0
1	2020	223	20027	 24.7	 32.6	3.180	 2.3	 0.1
1	2020	224	17786	 25.2	 32.5	3.343	 2.5	 0.1
1	2020	225	 8159	 25.1	 29.9	3.264	 2.2	10.6
1	2020	226	15172	 25.6	 32.0	3.291	 2.4	 3.6
1	2020	227	22805	 23.4	 33.4	3.043	 2.2	 0.2
1	2020	228	 6480	 21.4	 27.1	2.396	 3.3	16.9
1	2020	229	11120	 22.0	 26.5	2.493	 2.8	 2.0
1	2020	230	20960	 22.8	 32.2	3.039	 2.9	 1.2
1	2020	231	20307	 24.6	 32.1	3.047	 3.1	 4.0
1	2020	232	 8612	 20.9	 26.3	2.245	 3.9	 8.1
1	2020	233	 4344	 19.9	 23.0	2.275	 4.0	24.6
1	2020	234	14473	 19.0	 24.7	2.046	 3.4	 0.2
1	2020	235	15203	 20.2	 26.8	2.190	 2.0	 0.4
1	2020	236	16507	 21.9	 29.6	2.790	 4.2	 0.1
1	2020	237	11414	 22.9	 27.2	2.776	 2.9	 9.6
1	2020	238	18433	 20.2	 32.1	2.480	 1.7	 0.0
1	2020	239	22486	 20.1	 30.5	2.383	 2.7	 0.6
1	2020	240	22162	 20.8	 30.8	2.370	 2.3	 0.1
1	2020	241	21329	 20.9	 30.6	2.521	 2.2	 0.1
1	2020	242	22940	 21.8	 31.7	2.464	 2.5	 0.0
1	2020	243	22306	 20.7	 31.4	2.536	 1.6	 0.0
1	2020	244	19721	 21.7	 31.2	2.566	 2.3	 1.6
1	2020	245	23155	 20.0	 31.8	1.884	 2.3	 0.0
1	2020	246	20850	 20.3	 28.7	1.586	 3.2	 0.6
1	2020	247	23237	 17.6	 29.9	1.330	 2.7	 0.0
1	2020	248	22647	 17.2	 31.5	1.411	 2.3	 0.0
1	2020	249	20185	 19.6	 34.1	1.264	 3.5	 0.0
1	2020	250	21341	 21.2	 33.2	1.522	 2.3	 0.0
1	2020	251	21322	 19.5	 32.7	1.859	 2.1	 0.2
1	2020	252	19863	 20.5	 30.7	1.841	 2.2	 0.0
1	2020	253	14403	 20.6	 29.8	2.117	 1.5	 0.7
1	2020	254	18745	 21.3	 30.5	1.765	 3.0	 0.2
1	2020	255	19072	 18.8	 27.1	1.562	 3.5	 0.0
1	2020	256	15481	 19.2	 26.6	1.684	 4.3	 0.0
1	2020	257	14425	 19.2	 26.8	1.848	 2.9	 0.0
1	2020	258	12631	 19.5	 27.7	2.054	 1.6	 0.6
1	2020	259	16340	 20.7	 29.8	2.057	 2.8	 0.5
1	2020	260	20857	 15.9	 30.1	0.991	 2.5	 0.0
1	2020	261	20322	 18.5	 27.9	0.878	 2.8	 0.0
1	2020	262	21413	 14.3	 31.4	0.855	 2.4	 0.0
1	2020	263	20863	 15.0	 31.5	0.963	 2.9	 0.0
1	2020	264	20357	 17.2	 30.4	1.165	 2.9	 0.0
1	2020	265	 9339	 18.2	 26.7	1.366	 1.9	 0.0
1	2020	266	13636	 18.0	 27.5	1.408	 2.0	 0.0
1	2020	267	 9985	 18.4	 25.5	1.789	 2.2	 2.2
1	2020	268	13354	 16.5	 24.5	1.832	 2.1	 0.5
1	2020	269	13118	 16.7	 25.3	1.669	 2.4	 0.0
1	2020	270	15072	 16.3	 25.8	1.600	 2.6	 0.0
1	2020	271	11540	 17.6	 24.5	1.710	 1.7	 0.4
1	2020	272	13421	 16.1	 25.9	1.483	 2.6	 0.3
1	2020	273	12113	 15.8	 26.5	1.598	 3.6	 0.3
1	2020	274	 6994	 15.8	 20.9	1.501	 2.1	 0.0
1	2020	275	12003	 16.2	 27.2	1.696	 2.5	 0.2
1	2020	276	 4338	 17.5	 20.7	0.969	 2.1	 0.0
1	2020	277	 8116	 15.4	 22.1	1.115	 2.6	 0.0
1	2020	278	16133	 10.4	 19.4	0.513	 4.2	 0.0
1	2020	279	10629	  9.3	 18.8	0.593	 2.9	 0.0
1	2020	280	 7463	  9.4	 19.3	0.860	 2.4	 0.0
1	2020	281	16306	 12.0	 22.4	0.831	 3.0	 0.0
1	2020	282	12434	 10.1	 21.9	0.973	 2.4	 0.0
1	2020	283	13877	 12.0	 23.7	1.116	 2.0	 0.0
1	2020	284	 3289	 13.6	 19.3	1.346	 1.7	 0.2
1	2020	285	11794	 13.9	 24.3	1.320	 2.6	 0.1
1	2020	286	11283	 14.9	 20.0	0.674	 3.5	 0.0
1	2020	287	 6474	 14.4	 21.2	1.201	 2.3	 1.2
1	2020	288	 4877	 12.0	 15.2	1.227	 2.8	11.0
1	2020	289	10049	 11.5	 19.1	1.235	 3.0	 0.0
1	2020	290	13602	  9.7	 19.1	0.912	 3.7	 0.0
1	2020	291	16307	  6.7	 21.9	0.752	 3.0	 0.0
1	2020	292	14773	  6.9	 22.0	0.774	 2.4	 0.0
1	2020	293	15662	  8.5	 22.0	0.893	 2.4	 0.0
1	2020	294	11770	 10.1	 22.1	0.963	 4.0	 0.0
1	2020	295	15817	 10.6	 21.4	0.591	 3.0	 0.0
1	2020	296	15413	  6.5	 19.9	0.452	 2.7	 0.0
1	2020	297	15249	  5.6	 17.0	0.432	 2.1	 0.0
1	2020	298	14633	  4.4	 19.6	0.535	 3.4	 0.0
1	2020	299	13844	 10.0	 22.4	0.729	 2.8	 0.0
1	2020	300	13956	 10.7	 24.5	0.940	 1.7	 0.0
1	2020	301	 4255	 12.3	 16.1	0.655	 4.5	 0.3
1	2020	302	 6147	 12.0	 16.5	0.683	 1.6	 0.1
1	2020	303	 8738	 11.1	 17.0	0.684	 1.8	 0.0
1	2020	304	13404	  7.7	 18.2	0.836	 2.0	 0.0
1	2020	305	11143	 12.1	 22.3	0.921	 2.3	 0.0
1	2020	306	10042	  9.7	 19.7	0.475	 2.4	 0.0
1	2020	307	13532	  6.9	 18.1	0.402	 3.1	 0.0
1	2020	308	13244	  4.3	 17.6	0.390	 2.3	 0.0
1	2020	309	12596	  6.8	 19.6	0.521	 4.2	 0.0
1	2020	310	 6056	 11.6	 19.5	0.768	 2.3	 0.0
1	2020	311	12738	  9.2	 22.2	0.604	 2.9	 0.0
1	2020	312	12850	  6.7	 21.2	0.374	 3.2	 0.0
1	2020	313	12733	  7.3	 15.6	0.277	 3.0	 0.0
1	2020	314	12230	  4.5	 18.9	0.377	 2.0	 0.0
1	2020	315	11804	  6.1	 19.3	0.526	 2.1	 0.0
1	2020	316	11458	  7.2	 19.9	0.679	 3.5	 0.0
1	2020	317	10802	  9.8	 21.8	0.817	 2.7	 0.0
1	2020	318	11542	 10.7	 17.7	0.510	 3.4	 0.0
1	2020	319	10463	  8.0	 18.4	0.799	 2.3	 0.0
1	2020	320	10693	  8.3	 18.6	0.984	 1.8	 0.0
1	2020	321	 3964	 10.8	 15.1	1.166	 1.8	 1.0
1	2020	322	  652	 11.0	 12.6	1.234	 3.7	 8.0
1	2020	323	 4432	  9.0	 15.6	1.205	 3.2	 2.4
1	2020	324	10591	  6.7	 15.9	0.753	 2.8	 0.0
1	2020	325	 8916	  4.1	  9.9	0.627	 3.1	 0.0
1	2020	326	 5121	  2.2	  7.1	0.703	 2.8	 4.2
1	2020	327	 4849	  2.3	  5.3	0.601	 2.7	 1.0
1	2020	328	 4942	  0.1	  6.2	0.604	 2.0	 1.2
1	2020	329	 7491	  0.3	  8.0	0.649	 2.4	 0.0
1	2020	330	 8683	 -0.4	  9.7	0.666	 1.9	 0.0
1	2020	331	 8082	  1.9	  8.2	0.538	 2.9	 0.1
1	2020	332	 8834	 -0.6	  8.3	0.529	 2.6	 0.0
1	2020	333	 5602	  0.1	  5.4	0.463	 2.3	 0.1
1	2020	334	 9439	 -1.8	  7.4	0.505	 2.1	 0.0
1	2020	335	 4197	 -1.7	  4.4	0.547	 1.4	 0.4
1	2020	336	 5034	 -0.1	  5.3	0.610	 1.7	 1.3
1	2020	337	 3899	  0.0	  4.9	0.647	 1.6	 0.7
1	2020	338	 4448	 -0.3	  3.6	0.510	 1.9	 2.6
1	2020	339	 8491	 -3.3	  6.5	0.449	 1.6	 0.0
1	2020	340	 9401	 -2.5	  7.9	0.438	 2.2	 0.0
1	2020	341	 9118	 -1.9	 10.2	0.539	 2.2	 0.0
1	2020	342	 6523	 -0.8	  3.9	0.400	 2.7	 0.0
1	2020	343	 8676	 -3.3	  5.7	0.312	 2.5	 0.0
1	2020	344	 7823	 -1.2	  9.4	0.500	 2.0	 0.0
1	2020	345	 9130	 -3.1	 10.2	0.459	 2.1	 0.0
1	2020	346	 6074	 -2.2	  9.2	0.422	 2.2	 0.0
1	2020	347	 7537	 -2.5	 11.2	0.434	 2.5	 0.0
1	2020	348	 9378	 -3.7	  4.0	0.170	 5.1	 0.0
1	2020	349	 9661	 -6.7	  2.3	0.179	 2.4	 0.0
1	2020	350	 9480	 -6.0	  3.5	0.237	 1.7	 0.0
1	2020	351	 9459	 -5.5	  3.9	0.257	 2.1	 0.0
1	2020	352	 7925	 -5.5	  6.2	0.281	 2.0	 0.0
1	2020	353	 9388	 -3.5	  3.0	0.235	 3.0	 0.0
1	2020	354	 8663	 -5.3	  5.2	0.242	 2.2	 0.0
1	2020	355	 9481	 -4.8	  6.6	0.269	 2.2	 0.0
1	2020	356	 9494	 -5.5	  7.6	0.283	 2.1	 0.0
1	2020	357	 9582	 -4.8	  9.6	0.339	 2.2	 0.0
1	2020	358	 8873	 -0.9	 10.4	0.335	 2.3	 0.0
1	2020	359	 9612	 -3.3	  9.5	0.269	 1.8	 0.0
1	2020	360	 9348	 -4.3	 10.6	0.296	 2.0	 0.0
1	2020	361	 8756	 -2.3	 10.4	0.383	 1.6	 0.0
1	2020	362	 9471	 -2.2	  9.7	0.448	 1.7	 0.0
1	2020	363	 7309	 -0.2	  5.5	0.492	 5.2	 0.7
1	2020	364	 6594	 -7.7	  0.2	0.212	 5.0	 1.2
1	2020	365	10342	 -8.4	 -0.8	0.095	 3.2	 0.0
1	2020	366	10293	 -8.1	  3.2	0.135	 2.6	 0.0
