*------------------------------------------------------------*
*   Country: China
*   Station: 115.4_34.5
*      Year: 2021
*    Origin: AgERA5 dataset
*    Author: Huang Hai, CAU
* Longitude: 115.40 E
*  Latitude: 34.50 N
* Elevation: 57.00 m
*   Columns: 
*   ======== 
*  station number
*  year
*  day
*  irradiation (kJ路m-2路d-1)
*  minimum temperature (degrees Celsius)
*  maximum temperature (degrees Celsius)
*  vapour pressure (kPa)
*  mean wind speed (m路s-1)
*  precipitation (mm路d-1)
** WCCDESCRIPTION=115.4_34.5, China
** WCCFORMAT=2
** WCCYEARNR=2021
*------------------------------------------------------------*
115.40  34.50  57.00  -0.18  -0.55
1	2021	  1	10657	 -5.3	  5.6	0.274	 2.8	 0.0
1	2021	  2	 9322	 -4.8	  7.5	0.476	 1.9	 0.0
1	2021	  3	 7087	 -3.7	  4.6	0.451	 2.1	 0.0
1	2021	  4	 9387	 -5.3	  6.3	0.443	 2.5	 0.0
1	2021	  5	 7066	 -4.5	  2.4	0.342	 2.6	 0.0
1	2021	  6	10820	 -7.4	  2.1	0.238	 3.7	 0.0
1	2021	  7	11359	-12.5	 -5.2	0.078	 2.5	 0.0
1	2021	  8	11342	 -9.0	  0.4	0.131	 2.9	 0.0
1	2021	  9	11326	 -7.4	  2.8	0.163	 2.1	 0.0
1	2021	 10	10110	 -6.7	  4.0	0.207	 2.3	 0.0
1	2021	 11	11386	 -3.7	  3.9	0.200	 4.0	 0.0
1	2021	 12	11372	 -3.2	 10.8	0.276	 4.0	 0.0
1	2021	 13	11408	  1.0	 14.6	0.412	 2.8	 0.0
1	2021	 14	11354	 -0.6	 15.1	0.558	 3.3	 0.0
1	2021	 15	 8394	  0.0	  9.1	0.370	 3.6	 0.0
1	2021	 16	10217	 -3.2	  4.3	0.363	 1.6	 0.0
1	2021	 17	12095	 -4.6	  6.3	0.254	 3.5	 0.0
1	2021	 18	12128	 -3.2	 10.5	0.357	 2.5	 0.0
1	2021	 19	11798	 -0.8	 10.9	0.438	 3.2	 0.0
1	2021	 20	10002	 -2.6	  9.4	0.531	 1.2	 0.0
1	2021	 21	 7087	 -0.3	  9.5	0.598	 1.4	 0.0
1	2021	 22	 9127	 -1.4	  9.3	0.586	 2.6	 0.0
1	2021	 23	11947	 -0.3	  8.8	0.565	 1.7	 0.0
1	2021	 24	 7665	 -1.4	  8.2	0.566	 2.3	 0.0
1	2021	 25	 2213	  1.4	  5.0	0.694	 2.5	 2.9
1	2021	 26	11804	 -1.5	 10.2	0.592	 2.2	 0.0
1	2021	 27	 8557	 -1.1	 10.5	0.672	 3.1	 0.0
1	2021	 28	13438	 -1.3	  7.3	0.244	 3.2	 0.0
1	2021	 29	12918	 -2.0	 12.4	0.458	 3.9	 0.0
1	2021	 30	12166	 -1.8	 14.0	0.452	 2.2	 0.0
1	2021	 31	12263	  0.5	 14.5	0.423	 2.9	 0.0
1	2021	 32	13413	  1.7	 14.1	0.370	 3.3	 0.0
1	2021	 33	13647	 -2.3	  8.7	0.364	 2.4	 0.0
1	2021	 34	13460	  0.8	 15.1	0.492	 3.2	 0.0
1	2021	 35	13311	 -1.4	 12.2	0.436	 2.8	 0.0
1	2021	 36	13768	  4.8	 16.4	0.480	 3.8	 0.0
1	2021	 37	13704	  3.8	 19.0	0.556	 3.3	 0.0
1	2021	 38	12949	  3.7	 11.0	0.511	 5.0	 0.0
1	2021	 39	13103	 -0.3	  9.1	0.326	 2.5	 0.0
1	2021	 40	14225	 -0.8	 12.1	0.514	 3.0	 0.0
1	2021	 41	14095	  1.2	 15.4	0.682	 1.9	 0.0
1	2021	 42	14639	  0.9	 16.2	0.780	 2.6	 0.0
1	2021	 43	14089	  5.6	 17.4	1.022	 2.9	 0.0
1	2021	 44	 8030	  5.9	 16.1	1.019	 2.3	 0.1
1	2021	 45	13738	  8.6	 17.7	1.161	 2.7	10.6
1	2021	 46	12235	  1.9	  8.6	0.587	 3.6	 0.1
1	2021	 47	15717	  1.9	 12.5	0.495	 3.6	 0.0
1	2021	 48	15868	 -2.3	  8.6	0.305	 2.2	 0.0
1	2021	 49	15350	 -1.4	 13.3	0.505	 3.3	 0.0
1	2021	 50	16212	  5.4	 21.6	0.515	 4.6	 0.0
1	2021	 51	16677	  6.4	 23.3	0.490	 4.5	 0.0
1	2021	 52	16365	 11.2	 26.2	0.763	 4.3	 0.0
1	2021	 53	16458	  7.4	 17.2	0.563	 4.6	 0.0
1	2021	 54	14860	  4.3	 12.5	0.454	 4.6	 0.0
1	2021	 55	 4381	  1.8	  7.3	0.615	 4.3	12.2
1	2021	 56	 3542	  0.6	  4.4	0.701	 4.4	12.5
1	2021	 57	12666	  3.1	 10.7	0.665	 3.3	 0.0
1	2021	 58	12535	  4.0	 11.8	0.709	 2.2	 0.0
1	2021	 59	 1367	  6.4	  9.5	1.044	 3.0	15.1
1	2021	 60	10791	 -0.1	  8.3	0.699	 4.9	 2.4
1	2021	 61	17872	 -2.0	 11.7	0.687	 2.9	 0.0
1	2021	 62	16431	  4.4	 14.7	0.714	 3.9	 0.0
1	2021	 63	17975	  4.2	 18.1	0.964	 3.4	 0.0
1	2021	 64	13517	  8.2	 18.2	0.963	 3.1	 0.0
1	2021	 65	 7386	  1.8	 11.3	0.449	 5.4	 0.0
1	2021	 66	16287	  0.4	  9.5	0.524	 1.4	 0.0
1	2021	 67	13609	  1.8	 12.4	0.714	 1.9	 0.3
1	2021	 68	10104	  5.0	 12.5	0.907	 1.6	 0.2
1	2021	 69	 9194	  4.6	 13.5	0.958	 1.9	 0.0
1	2021	 70	 4228	  6.6	 11.9	1.069	 1.6	 9.3
1	2021	 71	17531	  3.1	 14.9	0.933	 2.2	 0.0
1	2021	 72	15383	  7.4	 15.1	0.954	 1.9	 0.0
1	2021	 73	13865	  7.7	 17.6	1.141	 3.5	 0.2
1	2021	 74	10835	 12.5	 20.9	1.420	 3.5	 1.8
1	2021	 75	20948	  5.7	 15.4	0.516	 3.4	 0.0
1	2021	 76	18522	  4.5	 15.5	0.528	 2.6	 0.0
1	2021	 77	 4238	  8.1	 11.6	0.653	 3.5	 0.4
1	2021	 78	 3824	  5.4	  9.8	0.747	 2.6	 5.3
1	2021	 79	15287	  2.1	 13.9	0.840	 2.6	 0.1
1	2021	 80	21302	  3.2	 12.1	0.417	 3.4	 0.0
1	2021	 81	22146	  1.3	 16.5	0.485	 3.2	 0.0
1	2021	 82	18952	  6.6	 18.9	0.750	 5.1	 0.0
1	2021	 83	20980	  7.8	 21.2	0.992	 2.8	 0.0
1	2021	 84	20579	  7.4	 22.0	0.984	 3.1	 0.0
1	2021	 85	 5348	  9.9	 17.4	1.227	 1.7	 5.3
1	2021	 86	14338	  8.2	 19.7	1.338	 2.2	 0.6
1	2021	 87	21843	 11.8	 25.5	1.317	 3.7	 0.0
1	2021	 88	15802	 12.4	 18.9	0.857	 4.0	 0.2
1	2021	 89	21590	  8.4	 21.6	0.661	 3.2	 0.0
1	2021	 90	 5559	 11.0	 14.3	0.859	 3.4	 3.2
1	2021	 91	 6159	 10.8	 15.4	0.960	 3.5	 0.1
1	2021	 92	 2591	  9.2	 13.2	1.092	 3.3	 5.2
1	2021	 93	 6216	  7.7	 12.9	0.971	 5.2	 2.4
1	2021	 94	23332	  2.8	 16.6	0.604	 2.2	 0.0
1	2021	 95	13639	  4.2	 17.1	0.738	 2.5	 0.0
1	2021	 96	21693	  4.2	 18.6	0.877	 1.3	 0.0
1	2021	 97	14767	  9.2	 19.0	1.003	 1.8	 0.0
1	2021	 98	21911	  6.6	 20.4	1.038	 1.9	 0.1
1	2021	 99	20688	  7.2	 20.7	0.943	 2.8	 0.0
1	2021	100	22959	  8.9	 20.9	0.746	 3.2	 0.0
1	2021	101	 7892	 10.6	 16.7	1.174	 2.8	 0.0
1	2021	102	22216	  9.9	 22.5	1.273	 1.9	 0.0
1	2021	103	20291	 12.1	 18.4	0.886	 3.7	 0.0
1	2021	104	21818	  8.3	 20.0	0.905	 2.6	 0.0
1	2021	105	22043	 10.6	 23.9	1.152	 4.3	 0.0
1	2021	106	24015	 11.2	 22.8	0.465	 3.9	 0.0
1	2021	107	25994	  7.0	 19.4	0.395	 3.0	 0.0
1	2021	108	24148	  8.0	 22.4	0.562	 3.9	 0.0
1	2021	109	25032	  9.6	 25.3	0.801	 3.2	 0.0
1	2021	110	 3181	 13.4	 16.6	1.335	 3.1	11.1
1	2021	111	 2882	 12.0	 14.5	1.402	 3.0	 9.5
1	2021	112	10446	 11.8	 18.9	1.398	 2.8	 3.2
1	2021	113	18925	 10.1	 20.3	1.289	 3.8	 0.6
1	2021	114	 7598	 11.6	 18.1	1.215	 4.7	 0.0
1	2021	115	 4746	 11.9	 15.3	1.225	 3.4	 1.4
1	2021	116	13650	 11.3	 19.6	1.304	 1.9	 0.1
1	2021	117	25228	 11.5	 24.3	0.988	 3.1	 0.0
1	2021	118	25745	 14.4	 23.8	0.673	 3.7	 0.0
1	2021	119	22472	 14.0	 28.8	0.793	 5.4	 0.0
1	2021	120	24362	 12.4	 29.9	0.859	 4.6	 0.6
1	2021	121	26161	  9.5	 25.6	0.881	 2.8	 0.0
1	2021	122	22556	 12.2	 22.2	0.596	 3.7	 0.1
1	2021	123	 6506	 12.9	 16.1	1.183	 2.1	16.3
1	2021	124	24327	 10.9	 24.7	1.140	 3.7	 0.0
1	2021	125	27227	 10.3	 26.7	0.846	 3.3	 0.0
1	2021	126	24533	 15.5	 29.7	1.405	 5.9	 0.0
1	2021	127	26852	 16.6	 25.9	0.721	 4.0	 0.0
1	2021	128	26895	 15.0	 32.7	1.420	 3.9	 0.0
1	2021	129	25085	 19.1	 32.1	2.115	 3.3	 0.0
1	2021	130	24971	 19.4	 30.7	1.814	 4.1	 0.0
1	2021	131	22831	 17.1	 25.6	1.493	 3.1	 0.1
1	2021	132	25412	 14.5	 27.8	1.692	 2.0	 0.0
1	2021	133	13182	 16.9	 26.0	1.990	 3.0	 0.3
1	2021	134	10332	 18.7	 25.2	2.221	 2.8	 6.7
1	2021	135	10213	 16.6	 24.2	2.138	 4.1	10.9
1	2021	136	 4673	 11.4	 16.4	1.200	 5.2	 6.6
1	2021	137	22276	 11.5	 23.5	1.260	 2.4	 0.0
1	2021	138	27019	 11.6	 25.3	1.447	 2.9	 0.0
1	2021	139	11565	 14.2	 23.1	1.659	 2.7	 0.0
1	2021	140	23796	 15.5	 26.8	1.794	 3.4	 0.3
1	2021	141	24604	 16.9	 29.0	1.990	 3.1	 0.0
1	2021	142	25488	 18.6	 30.7	1.953	 2.8	 0.0
1	2021	143	10815	 17.7	 23.7	1.632	 3.3	 3.3
1	2021	144	28173	 15.3	 30.9	1.151	 4.0	 0.0
1	2021	145	23428	 16.6	 28.5	1.071	 4.4	 0.0
1	2021	146	22274	 19.6	 28.9	1.680	 4.8	 0.0
1	2021	147	27835	 15.1	 33.0	1.593	 5.0	 0.0
1	2021	148	29085	 21.8	 30.6	0.826	 3.7	 0.0
1	2021	149	27030	 20.0	 35.1	1.768	 4.0	 0.0
1	2021	150	27240	 18.2	 32.4	1.757	 1.7	 0.0
1	2021	151	26548	 20.2	 34.7	2.049	 2.6	 0.0
1	2021	152	18528	 22.4	 32.5	2.153	 2.6	 2.6
1	2021	153	24980	 22.9	 34.9	2.116	 2.8	 0.6
1	2021	154	 9609	 18.3	 26.5	1.612	 2.9	 2.6
1	2021	155	29205	 16.4	 33.6	0.950	 3.8	 0.0
1	2021	156	28115	 20.9	 36.6	1.159	 3.5	 0.4
1	2021	157	27260	 21.1	 37.7	1.664	 4.1	 0.0
1	2021	158	22052	 25.2	 39.1	1.208	 4.2	 0.0
1	2021	159	26765	 23.6	 37.0	1.411	 2.5	 0.0
1	2021	160	16027	 24.9	 33.7	1.914	 2.5	 0.0
1	2021	161	23090	 22.8	 33.6	2.114	 2.5	 0.1
1	2021	162	24050	 23.4	 34.1	2.023	 2.2	 0.0
1	2021	163	22058	 26.1	 36.4	2.236	 3.4	 0.0
1	2021	164	11370	 24.7	 30.0	2.825	 3.0	 9.0
1	2021	165	 8898	 24.0	 31.6	3.185	 2.7	43.4
1	2021	166	19255	 24.8	 31.8	2.824	 3.8	 3.4
1	2021	167	 9783	 22.6	 28.1	2.461	 2.2	 2.8
1	2021	168	 9905	 22.6	 28.4	2.474	 2.4	 3.5
1	2021	169	15634	 18.8	 27.9	1.836	 3.2	 0.1
1	2021	170	23428	 16.7	 30.9	1.845	 2.8	 0.0
1	2021	171	27180	 20.2	 32.6	1.795	 3.0	 0.0
1	2021	172	27956	 20.3	 33.4	1.835	 2.7	 0.0
1	2021	173	27782	 21.3	 34.1	1.980	 1.8	 0.0
1	2021	174	26381	 21.4	 35.0	1.714	 2.4	 0.0
1	2021	175	24094	 21.9	 34.2	1.898	 2.5	 0.0
1	2021	176	11384	 24.0	 30.1	2.406	 2.7	 0.3
1	2021	177	22471	 21.8	 33.7	2.522	 2.7	 0.0
1	2021	178	26174	 21.7	 34.4	2.568	 2.2	 0.0
1	2021	179	24829	 23.5	 35.6	2.603	 2.2	 0.0
1	2021	180	22142	 26.1	 35.5	2.471	 2.3	 0.1
1	2021	181	25901	 25.9	 36.8	2.380	 3.3	 0.1
1	2021	182	19727	 24.0	 34.5	2.351	 2.5	 0.4
1	2021	183	19592	 24.9	 33.8	2.464	 2.9	 2.2
1	2021	184	20869	 22.8	 32.0	2.355	 2.0	 2.2
1	2021	185	22453	 24.0	 34.6	2.377	 3.3	 0.0
1	2021	186	22926	 22.9	 32.8	2.330	 2.6	 0.3
1	2021	187	13572	 23.4	 31.4	2.791	 2.1	 0.3
1	2021	188	14342	 24.2	 32.1	2.842	 2.0	 0.3
1	2021	189	25636	 23.3	 35.9	2.573	 2.6	 0.2
1	2021	190	25998	 24.5	 37.3	2.861	 3.3	 0.2
1	2021	191	23079	 26.3	 37.2	3.124	 3.8	 0.6
1	2021	192	 8492	 27.6	 33.3	3.030	 5.8	 7.6
1	2021	193	19144	 26.2	 33.4	3.080	 5.5	28.0
1	2021	194	22670	 26.8	 35.7	3.022	 4.7	 0.1
1	2021	195	24019	 27.2	 35.8	3.106	 3.2	 6.0
1	2021	196	15134	 24.9	 32.3	2.883	 2.3	14.9
1	2021	197	12126	 24.9	 28.7	3.042	 1.2	26.2
1	2021	198	16030	 23.9	 29.2	2.907	 3.2	 2.2
1	2021	199	11893	 23.8	 29.9	2.942	 4.1	13.1
1	2021	200	13195	 23.7	 30.3	2.927	 4.0	 3.7
1	2021	201	 5623	 24.3	 28.5	3.074	 4.0	19.4
1	2021	202	 5610	 25.0	 28.4	3.055	 4.4	18.4
1	2021	203	11363	 24.5	 28.6	2.804	 3.4	 0.8
1	2021	204	17432	 23.8	 29.8	3.057	 2.6	 5.2
1	2021	205	22922	 24.2	 31.5	2.845	 2.3	 0.1
1	2021	206	23542	 23.4	 32.1	2.871	 1.5	 0.0
1	2021	207	23991	 23.2	 32.4	2.875	 2.6	 0.2
1	2021	208	10423	 25.2	 30.5	3.039	 3.9	 9.1
1	2021	209	 5307	 22.8	 25.3	2.650	 7.8	159.4
1	2021	210	10155	 21.4	 26.0	2.325	 6.0	27.7
1	2021	211	22949	 20.2	 31.8	2.849	 2.1	 0.0
1	2021	212	25052	 24.7	 34.2	3.391	 2.9	 0.0
1	2021	213	20707	 24.0	 33.7	3.005	 2.6	 6.3
1	2021	214	24666	 23.4	 31.2	2.611	 2.9	 0.5
1	2021	215	23346	 22.2	 31.4	2.791	 2.2	 0.1
1	2021	216	22262	 24.0	 32.3	3.061	 1.8	 0.1
1	2021	217	17208	 25.1	 31.7	3.131	 1.6	 3.3
1	2021	218	21887	 23.8	 32.3	3.034	 1.7	 0.2
1	2021	219	22411	 24.6	 32.6	2.934	 1.8	 0.0
1	2021	220	22048	 23.1	 32.2	2.875	 1.4	 0.0
1	2021	221	21572	 24.2	 32.0	2.803	 2.0	 0.1
1	2021	222	17419	 21.4	 31.0	2.644	 1.7	 0.0
1	2021	223	17267	 22.7	 31.3	2.845	 2.3	 0.0
1	2021	224	14100	 24.3	 30.6	2.845	 2.5	 0.6
1	2021	225	 7874	 21.8	 25.7	2.694	 1.3	 9.5
1	2021	226	20245	 20.3	 29.0	2.460	 2.1	 0.1
1	2021	227	22940	 20.2	 29.8	2.373	 2.1	 0.0
1	2021	228	18830	 23.0	 30.1	2.741	 1.7	 0.5
1	2021	229	20864	 22.2	 30.7	2.760	 1.2	 0.1
1	2021	230	20895	 22.9	 31.0	2.703	 2.2	 0.5
1	2021	231	20163	 23.0	 31.5	2.769	 3.4	 2.0
1	2021	232	12701	 22.4	 28.2	2.682	 3.7	22.0
1	2021	233	18203	 19.8	 29.6	2.644	 1.5	 0.0
1	2021	234	 4894	 23.2	 27.4	2.822	 3.4	34.3
1	2021	235	13153	 22.4	 28.2	2.450	 3.2	101.1
1	2021	236	20719	 21.7	 30.7	2.347	 2.6	 0.0
1	2021	237	21131	 20.1	 30.3	1.911	 3.0	 0.0
1	2021	238	 9611	 19.2	 25.8	2.030	 3.4	 4.2
1	2021	239	 8105	 17.4	 22.5	2.057	 1.8	 0.5
1	2021	240	 8858	 17.3	 24.8	2.279	 1.4	 4.6
1	2021	241	 2381	 20.7	 22.7	2.527	 2.3	27.2
1	2021	242	 5646	 20.6	 25.9	2.644	 2.5	46.2
1	2021	243	 8310	 21.6	 25.2	2.567	 3.9	 6.0
1	2021	244	 5325	 19.9	 22.3	2.319	 2.7	13.8
1	2021	245	15730	 19.3	 27.3	2.343	 1.9	 0.4
1	2021	246	17564	 18.4	 28.2	2.399	 2.4	 0.3
1	2021	247	 2042	 19.9	 23.6	2.286	 4.4	76.1
1	2021	248	 9777	 19.2	 24.7	2.197	 4.2	 0.8
1	2021	249	 3877	 20.3	 23.6	2.337	 3.5	 2.1
1	2021	250	19075	 18.1	 26.1	2.028	 1.9	 0.0
1	2021	251	21599	 17.4	 27.9	2.145	 3.0	 0.0
1	2021	252	21415	 19.5	 29.8	2.409	 3.6	 0.0
1	2021	253	21443	 20.8	 31.4	2.705	 2.5	 0.0
1	2021	254	21774	 21.3	 31.8	2.484	 2.4	 0.0
1	2021	255	21220	 21.1	 31.0	2.505	 2.3	 0.0
1	2021	256	21143	 19.5	 29.5	2.288	 2.4	 0.0
1	2021	257	20848	 18.6	 30.1	2.306	 2.2	 0.0
1	2021	258	19537	 19.5	 29.1	2.051	 2.3	 0.0
1	2021	259	18997	 18.5	 29.1	2.042	 2.7	 0.0
1	2021	260	 8259	 20.7	 26.1	2.271	 3.3	 1.0
1	2021	261	 4331	 20.7	 24.5	2.429	 3.0	11.0
1	2021	262	 4670	 16.4	 24.6	2.168	 3.8	24.0
1	2021	263	13676	 16.8	 25.6	1.852	 3.6	 0.0
1	2021	264	20501	 20.0	 29.9	2.022	 3.4	 0.0
1	2021	265	18512	 20.2	 30.5	2.440	 1.9	 0.0
1	2021	266	18184	 20.4	 31.5	2.392	 2.6	 0.0
1	2021	267	 5074	 23.1	 27.9	2.422	 3.1	38.3
1	2021	268	 2725	 20.4	 23.4	2.311	 3.6	68.2
1	2021	269	 4589	 19.9	 21.8	2.268	 3.4	10.1
1	2021	270	 5375	 19.4	 23.7	2.164	 2.8	 0.3
1	2021	271	 2650	 16.3	 20.6	1.996	 2.8	14.4
1	2021	272	18846	 12.4	 26.4	1.854	 1.8	 0.0
1	2021	273	18864	 16.8	 27.7	1.968	 3.6	 0.0
1	2021	274	16985	 18.3	 28.2	2.256	 2.3	 0.0
1	2021	275	16551	 17.9	 30.1	2.355	 2.9	 0.0
1	2021	276	12769	 22.3	 31.1	2.473	 3.5	 0.9
1	2021	277	 9255	 16.0	 24.9	2.042	 5.8	 4.2
1	2021	278	 3802	 13.4	 15.9	1.367	 6.3	 1.6
1	2021	279	 2612	 12.0	 14.5	1.338	 5.2	 2.6
1	2021	280	 1349	 11.5	 12.8	1.273	 3.9	 5.2
1	2021	281	 2744	 12.5	 15.9	1.481	 2.8	 5.9
1	2021	282	 7128	 14.3	 21.9	1.697	 2.7	 0.8
1	2021	283	 5774	 15.0	 18.4	1.069	 5.0	 0.2
1	2021	284	10589	 13.1	 18.2	0.813	 3.2	 0.0
1	2021	285	15862	 13.2	 20.2	0.988	 2.5	 0.3
1	2021	286	16063	 11.8	 22.3	1.201	 1.9	 0.0
1	2021	287	12744	 13.3	 23.3	1.429	 3.3	 0.5
1	2021	288	 2884	 14.4	 17.4	1.624	 2.6	 1.4
1	2021	289	12125	  6.8	 15.6	0.567	 4.9	 0.0
1	2021	290	16712	  3.6	 14.2	0.516	 2.2	 0.0
1	2021	291	15612	  7.9	 18.3	0.848	 3.3	 0.0
1	2021	292	 8700	  9.2	 16.3	0.983	 3.3	 0.0
1	2021	293	 6450	  9.8	 14.1	1.014	 2.0	 0.5
1	2021	294	13884	  8.0	 17.2	1.056	 2.3	 0.3
1	2021	295	15269	  5.1	 18.8	0.882	 2.0	 0.0
1	2021	296	13917	  6.4	 18.6	0.860	 1.6	 0.0
1	2021	297	13914	  8.5	 18.9	0.887	 1.6	 0.2
1	2021	298	14846	  7.2	 20.1	0.966	 2.3	 0.0
1	2021	299	11280	  9.1	 20.5	1.156	 1.9	 0.0
1	2021	300	11959	 10.1	 19.9	1.195	 2.3	 0.0
1	2021	301	12567	 11.5	 21.4	1.157	 1.4	 0.0
1	2021	302	11431	 10.2	 21.5	1.222	 2.4	 0.0
1	2021	303	13766	 10.5	 22.8	1.307	 2.4	 0.0
1	2021	304	10632	 11.1	 21.2	1.287	 2.3	 0.0
1	2021	305	 8325	 10.0	 17.9	1.151	 2.9	 0.0
1	2021	306	 8493	 11.3	 18.9	1.311	 2.1	 0.4
1	2021	307	11513	 10.1	 20.6	1.223	 2.1	 0.0
1	2021	308	10410	  9.4	 21.0	1.246	 2.3	 0.3
1	2021	309	 7094	 13.4	 20.5	1.505	 2.5	 0.1
1	2021	310	 2373	 14.6	 19.1	1.708	 2.3	 2.9
1	2021	311	 3231	  0.2	 15.1	0.631	 6.0	27.2
1	2021	312	13548	 -0.4	  9.2	0.380	 2.8	 0.0
1	2021	313	13030	  1.1	 13.0	0.444	 3.4	 0.0
1	2021	314	12611	  3.3	 14.3	0.521	 2.8	 0.0
1	2021	315	12591	  4.4	 14.8	0.534	 2.3	 0.0
1	2021	316	12395	  3.7	 15.3	0.602	 2.3	 0.0
1	2021	317	12443	  3.6	 16.4	0.554	 2.8	 0.0
1	2021	318	12248	  2.8	 17.1	0.606	 2.1	 0.0
1	2021	319	11196	  6.1	 17.2	0.772	 2.0	 0.0
1	2021	320	11446	  5.7	 16.1	0.881	 2.8	 0.0
1	2021	321	 8054	  7.2	 18.3	0.958	 2.8	 0.0
1	2021	322	11473	  8.1	 19.2	0.915	 3.7	 0.0
1	2021	323	10904	  7.3	 18.0	1.078	 2.0	 0.0
1	2021	324	 6722	  7.1	 15.1	0.964	 3.6	 0.2
1	2021	325	 7312	  5.0	 13.4	0.664	 3.6	 0.0
1	2021	326	11822	 -0.4	  6.4	0.198	 2.9	 0.0
1	2021	327	11443	 -2.1	 10.3	0.326	 2.9	 0.0
1	2021	328	11232	  3.2	 15.8	0.436	 3.3	 0.0
1	2021	329	11068	  0.3	 15.6	0.554	 1.8	 0.0
1	2021	330	10731	  1.3	 15.5	0.603	 2.1	 0.0
1	2021	331	10142	  3.0	 14.2	0.710	 2.7	 0.0
1	2021	332	 8059	  5.4	 13.6	0.898	 2.2	 0.0
1	2021	333	 6462	  4.1	 14.3	0.929	 2.7	 3.7
1	2021	334	10801	 -0.6	  8.6	0.414	 3.6	 0.0
1	2021	335	10669	 -2.8	  9.0	0.342	 2.3	 0.0
1	2021	336	10641	 -0.4	 12.2	0.359	 3.4	 0.0
1	2021	337	10462	 -0.3	 12.9	0.393	 2.0	 0.0
1	2021	338	10146	  0.8	 14.3	0.443	 2.2	 0.0
1	2021	339	10255	  1.4	 14.6	0.508	 2.7	 0.0
1	2021	340	10164	  2.3	 12.8	0.476	 4.2	 0.0
1	2021	341	 8753	  1.8	 10.3	0.533	 2.6	 0.0
1	2021	342	 6426	  3.0	 11.1	0.658	 1.8	 0.0
1	2021	343	 9640	  1.5	 13.1	0.757	 2.2	 0.0
1	2021	344	 7060	  1.2	 13.2	0.834	 2.1	 0.0
1	2021	345	 4917	  6.2	 11.6	0.934	 1.6	 0.8
1	2021	346	 8457	 -0.1	  7.9	0.519	 3.4	 0.0
1	2021	347	 9765	 -2.2	  9.0	0.461	 2.8	 0.0
1	2021	348	 9620	  3.5	 13.1	0.777	 3.5	 0.0
1	2021	349	 8208	  0.8	 13.0	0.835	 1.5	 0.0
1	2021	350	 7190	  1.3	 11.7	0.545	 3.1	 0.0
1	2021	351	 9896	 -3.3	  3.1	0.275	 3.3	 0.0
1	2021	352	 8728	 -3.5	  9.0	0.288	 3.6	 0.0
1	2021	353	 9847	 -1.2	 12.4	0.392	 3.4	 0.0
1	2021	354	 9794	  2.8	 14.3	0.445	 3.3	 0.0
1	2021	355	 9933	 -1.0	 13.9	0.496	 1.8	 0.0
1	2021	356	 9743	 -1.1	 11.4	0.614	 2.5	 0.0
1	2021	357	 7117	 -0.5	  7.7	0.689	 3.4	 0.1
1	2021	358	 4905	 -4.4	  4.8	0.467	 5.6	 1.6
1	2021	359	 9574	 -6.9	 -2.0	0.195	 3.7	 0.0
1	2021	360	10363	 -8.1	 -0.6	0.213	 1.7	 0.0
1	2021	361	10353	 -6.5	  4.0	0.245	 2.7	 0.0
1	2021	362	 9985	 -3.0	  7.2	0.318	 3.6	 0.0
1	2021	363	10404	 -3.4	  7.3	0.252	 2.7	 0.0
1	2021	364	10247	 -4.1	  8.4	0.313	 1.6	 0.0
1	2021	365	 6209	 -3.2	  7.7	0.368	 2.2	 0.0
