*------------------------------------------------------------*
*   Country: China
*   Station: 115.1_34.5
*      Year: 2021
*    Origin: AgERA5 dataset
*    Author: Huang Hai, CAU
* Longitude: 115.10 E
*  Latitude: 34.50 N
* Elevation: 58.00 m
*   Columns: 
*   ======== 
*  station number
*  year
*  day
*  irradiation (kJ路m-2路d-1)
*  minimum temperature (degrees Celsius)
*  maximum temperature (degrees Celsius)
*  vapour pressure (kPa)
*  mean wind speed (m路s-1)
*  precipitation (mm路d-1)
** WCCDESCRIPTION=115.1_34.5, China
** WCCFORMAT=2
** WCCYEARNR=2021
*------------------------------------------------------------*
115.10  34.50  58.00  -0.18  -0.55
1	2021	  1	10633	 -5.2	  6.1	0.273	 2.8	 0.0
1	2021	  2	 9228	 -5.1	  7.7	0.474	 1.6	 0.0
1	2021	  3	 7149	 -3.8	  4.5	0.437	 2.2	 0.0
1	2021	  4	 9409	 -5.5	  6.2	0.432	 2.5	 0.0
1	2021	  5	 7559	 -4.6	  2.5	0.340	 2.6	 0.0
1	2021	  6	10809	 -7.4	  2.5	0.240	 3.6	 0.0
1	2021	  7	11349	-12.2	 -4.7	0.084	 2.3	 0.0
1	2021	  8	11339	 -8.4	  0.8	0.127	 3.0	 0.0
1	2021	  9	11328	 -7.4	  2.9	0.161	 1.9	 0.0
1	2021	 10	 9936	 -6.7	  4.1	0.210	 2.3	 0.0
1	2021	 11	11385	 -3.6	  4.1	0.195	 4.1	 0.0
1	2021	 12	11367	 -3.2	 11.5	0.268	 4.0	 0.0
1	2021	 13	11424	  1.2	 15.1	0.388	 2.7	 0.0
1	2021	 14	11382	 -0.6	 15.2	0.547	 3.3	 0.0
1	2021	 15	 8540	  0.2	  9.3	0.358	 3.4	 0.0
1	2021	 16	10186	 -3.2	  4.5	0.361	 1.8	 0.0
1	2021	 17	12137	 -4.6	  6.7	0.242	 3.5	 0.0
1	2021	 18	12137	 -3.5	 10.8	0.341	 2.4	 0.0
1	2021	 19	11763	 -0.8	 10.8	0.447	 2.8	 0.0
1	2021	 20	 9865	 -3.0	  9.0	0.516	 1.1	 0.0
1	2021	 21	 7784	 -0.6	  9.5	0.577	 1.3	 0.0
1	2021	 22	 9312	 -1.9	  9.1	0.552	 2.8	 0.0
1	2021	 23	11916	 -0.7	  8.8	0.557	 1.8	 0.0
1	2021	 24	 7331	 -1.5	  8.3	0.572	 2.3	 0.1
1	2021	 25	 3066	  1.7	  5.6	0.676	 2.4	 2.2
1	2021	 26	11787	 -1.8	 10.3	0.596	 2.0	 0.0
1	2021	 27	 8667	 -1.1	 10.6	0.655	 3.0	 0.0
1	2021	 28	13446	 -0.7	  7.6	0.234	 3.2	 0.0
1	2021	 29	12904	 -2.0	 12.7	0.462	 3.8	 0.0
1	2021	 30	12044	 -1.6	 14.1	0.426	 2.3	 0.0
1	2021	 31	12067	  0.5	 14.7	0.388	 2.9	 0.0
1	2021	 32	13422	  1.7	 14.3	0.357	 3.1	 0.0
1	2021	 33	13667	 -2.3	  8.9	0.352	 2.3	 0.0
1	2021	 34	13473	  0.8	 15.4	0.472	 3.1	 0.0
1	2021	 35	13250	 -2.1	 12.3	0.458	 2.8	 0.0
1	2021	 36	13846	  4.6	 16.9	0.452	 3.7	 0.0
1	2021	 37	13717	  3.6	 19.4	0.521	 3.3	 0.0
1	2021	 38	12948	  3.5	 10.6	0.488	 5.1	 0.0
1	2021	 39	13174	 -0.3	  9.3	0.330	 2.4	 0.0
1	2021	 40	14196	 -0.8	 12.2	0.532	 2.8	 0.0
1	2021	 41	14196	  1.1	 15.6	0.705	 1.9	 0.0
1	2021	 42	14696	  1.0	 16.3	0.759	 2.5	 0.0
1	2021	 43	14102	  5.6	 17.6	1.030	 2.8	 0.0
1	2021	 44	 7747	  6.3	 16.0	1.038	 2.4	 0.6
1	2021	 45	14537	  8.4	 17.9	1.135	 2.6	 8.5
1	2021	 46	12001	  2.2	  8.5	0.594	 3.7	 0.0
1	2021	 47	15758	  1.9	 12.8	0.490	 3.6	 0.0
1	2021	 48	15874	 -2.2	  9.0	0.318	 2.1	 0.0
1	2021	 49	15251	 -1.1	 13.6	0.519	 3.3	 0.0
1	2021	 50	16256	  5.4	 21.8	0.492	 4.5	 0.0
1	2021	 51	16737	  6.3	 23.7	0.470	 4.4	 0.0
1	2021	 52	16393	 11.0	 26.6	0.683	 4.2	 0.0
1	2021	 53	16499	  7.5	 17.2	0.552	 4.7	 0.0
1	2021	 54	14912	  4.6	 12.8	0.456	 4.5	 0.0
1	2021	 55	 4462	  1.3	  7.7	0.615	 4.3	14.2
1	2021	 56	 3856	  0.4	  4.3	0.700	 4.5	11.6
1	2021	 57	13105	  3.1	 10.8	0.671	 3.4	 0.1
1	2021	 58	12164	  4.1	 11.4	0.742	 2.2	 0.0
1	2021	 59	 1130	  6.8	  9.0	1.041	 2.8	15.1
1	2021	 60	11158	  0.7	  8.3	0.697	 4.8	 2.0
1	2021	 61	17905	 -1.7	 12.0	0.703	 3.0	 0.0
1	2021	 62	16616	  4.4	 14.9	0.722	 3.8	 0.0
1	2021	 63	18026	  4.4	 18.2	0.973	 3.3	 0.0
1	2021	 64	13311	  8.3	 18.3	0.968	 3.2	 0.0
1	2021	 65	 6755	  1.7	 11.2	0.439	 5.6	 0.0
1	2021	 66	16546	  0.2	  9.6	0.531	 1.4	 0.0
1	2021	 67	12954	  1.8	 12.1	0.730	 1.9	 0.2
1	2021	 68	11445	  3.9	 12.7	0.899	 1.8	 0.1
1	2021	 69	 8346	  4.7	 13.1	0.962	 1.9	 0.1
1	2021	 70	 4868	  5.9	 12.1	1.076	 1.4	 6.2
1	2021	 71	16662	  3.4	 15.0	0.951	 2.2	 0.0
1	2021	 72	14961	  8.0	 15.5	0.954	 1.7	 0.0
1	2021	 73	12814	  7.9	 17.5	1.159	 3.5	 0.2
1	2021	 74	11965	 12.4	 21.1	1.423	 3.5	 2.5
1	2021	 75	20970	  5.8	 15.4	0.486	 3.4	 0.0
1	2021	 76	18285	  4.7	 15.4	0.545	 2.5	 0.0
1	2021	 77	 3641	  8.1	 11.7	0.692	 3.5	 0.1
1	2021	 78	 3875	  5.0	  9.6	0.746	 2.6	 4.2
1	2021	 79	15263	  2.3	 13.9	0.852	 2.3	 0.1
1	2021	 80	21348	  3.4	 12.4	0.430	 3.3	 0.0
1	2021	 81	22203	  1.1	 16.8	0.474	 3.2	 0.0
1	2021	 82	18936	  6.6	 19.2	0.765	 5.1	 0.0
1	2021	 83	20969	  8.0	 21.4	1.005	 2.8	 0.0
1	2021	 84	20723	  7.7	 22.1	0.989	 3.1	 0.0
1	2021	 85	 4418	 10.7	 17.0	1.248	 1.6	 6.3
1	2021	 86	14914	  8.0	 19.9	1.369	 2.2	 0.6
1	2021	 87	21893	 11.9	 25.6	1.327	 3.6	 0.0
1	2021	 88	14662	 12.3	 18.6	0.897	 3.9	 0.4
1	2021	 89	21529	  8.1	 21.6	0.695	 3.0	 0.0
1	2021	 90	 6114	 11.2	 14.4	0.869	 3.4	 1.1
1	2021	 91	 6157	 11.2	 15.8	0.969	 3.5	 0.0
1	2021	 92	 2672	  9.1	 13.3	1.049	 3.4	 4.4
1	2021	 93	 6842	  7.8	 13.3	0.980	 5.1	 1.4
1	2021	 94	23163	  2.8	 16.7	0.617	 2.1	 0.0
1	2021	 95	12687	  4.5	 17.0	0.754	 2.3	 0.0
1	2021	 96	21578	  3.8	 18.6	0.902	 1.4	 0.0
1	2021	 97	15074	  9.2	 19.1	1.013	 1.8	 0.0
1	2021	 98	21840	  6.7	 20.5	1.038	 1.8	 0.1
1	2021	 99	20284	  6.9	 20.5	0.941	 2.8	 0.0
1	2021	100	22851	  8.8	 21.0	0.752	 3.1	 0.0
1	2021	101	 7541	 10.4	 16.6	1.168	 2.7	 0.0
1	2021	102	22529	 10.0	 22.9	1.277	 1.9	 0.0
1	2021	103	20391	 12.0	 18.4	0.862	 3.9	 0.0
1	2021	104	21459	  8.1	 20.2	0.925	 2.6	 0.0
1	2021	105	22327	 10.6	 24.4	1.124	 4.2	 0.0
1	2021	106	24296	 11.2	 23.0	0.462	 3.9	 0.0
1	2021	107	26026	  7.1	 19.7	0.387	 2.8	 0.0
1	2021	108	24027	  8.2	 22.6	0.580	 4.0	 0.0
1	2021	109	25014	  9.9	 25.4	0.807	 3.2	 0.0
1	2021	110	 3167	 13.4	 16.9	1.370	 3.0	12.4
1	2021	111	 2904	 12.0	 14.2	1.387	 3.2	 9.7
1	2021	112	11855	 11.9	 19.2	1.389	 2.7	 2.7
1	2021	113	19304	  9.7	 20.5	1.298	 3.8	 0.6
1	2021	114	 6952	 11.7	 17.9	1.214	 5.0	 0.2
1	2021	115	 4478	 11.8	 15.5	1.230	 3.5	 1.5
1	2021	116	14935	 11.3	 19.8	1.294	 1.9	 0.2
1	2021	117	25372	 11.4	 24.5	0.979	 3.1	 0.0
1	2021	118	25960	 14.6	 24.2	0.645	 3.8	 0.0
1	2021	119	22783	 14.6	 29.0	0.777	 5.4	 0.0
1	2021	120	24835	 12.7	 30.6	0.833	 4.6	 0.1
1	2021	121	26216	  9.7	 25.9	0.881	 2.9	 0.0
1	2021	122	22066	 12.7	 22.4	0.611	 3.7	 0.1
1	2021	123	 6356	 12.5	 16.2	1.184	 1.7	15.2
1	2021	124	24130	 10.6	 25.4	1.132	 3.4	 0.0
1	2021	125	27303	 10.0	 26.9	0.794	 3.3	 0.0
1	2021	126	24673	 15.9	 30.1	1.399	 5.9	 0.0
1	2021	127	26966	 16.3	 26.3	0.682	 3.9	 0.0
1	2021	128	26914	 15.1	 33.3	1.395	 3.9	 0.0
1	2021	129	25248	 18.8	 32.2	2.112	 2.9	 0.0
1	2021	130	25403	 19.1	 30.3	1.743	 4.4	 0.0
1	2021	131	22479	 17.2	 26.0	1.483	 3.3	 0.0
1	2021	132	25338	 14.3	 28.2	1.699	 2.0	 0.0
1	2021	133	13446	 17.2	 26.5	1.990	 3.0	 0.2
1	2021	134	11293	 18.7	 25.6	2.228	 2.7	 5.7
1	2021	135	10527	 15.9	 24.5	2.150	 4.2	14.6
1	2021	136	 4659	 11.6	 16.7	1.209	 5.2	 5.7
1	2021	137	22254	 11.5	 23.5	1.275	 2.4	 0.0
1	2021	138	27111	 11.8	 25.8	1.481	 3.0	 0.0
1	2021	139	11252	 14.4	 23.4	1.693	 2.8	 0.0
1	2021	140	24117	 15.1	 27.1	1.830	 3.4	 2.1
1	2021	141	24640	 16.9	 29.2	2.012	 3.0	 0.0
1	2021	142	26040	 18.4	 30.9	1.893	 2.8	 0.0
1	2021	143	12158	 18.2	 24.1	1.556	 3.3	 2.5
1	2021	144	28257	 15.1	 31.4	1.083	 4.0	 0.0
1	2021	145	23192	 16.9	 28.7	1.055	 4.5	 0.0
1	2021	146	22464	 19.8	 30.0	1.678	 4.8	 0.0
1	2021	147	27814	 15.2	 33.3	1.585	 5.0	 0.0
1	2021	148	29063	 22.1	 30.9	0.845	 3.6	 0.0
1	2021	149	27098	 20.2	 35.5	1.722	 3.9	 0.0
1	2021	150	27314	 18.4	 32.5	1.695	 1.9	 0.0
1	2021	151	26594	 20.4	 34.8	1.967	 2.5	 0.0
1	2021	152	18506	 22.4	 32.2	2.112	 2.8	 0.7
1	2021	153	25351	 22.5	 35.3	2.057	 2.6	 0.4
1	2021	154	 9958	 19.2	 27.1	1.572	 2.8	 2.2
1	2021	155	29253	 16.1	 34.1	0.850	 3.8	 0.0
1	2021	156	28016	 20.9	 37.0	1.060	 3.4	 0.1
1	2021	157	27425	 21.7	 38.2	1.675	 4.0	 0.0
1	2021	158	22638	 25.9	 39.5	1.239	 4.4	 0.0
1	2021	159	26680	 23.6	 37.2	1.400	 2.3	 0.0
1	2021	160	15749	 25.4	 34.1	1.851	 2.3	 0.0
1	2021	161	23478	 22.7	 33.9	2.097	 2.6	 0.1
1	2021	162	24116	 23.8	 34.5	1.987	 2.2	 0.0
1	2021	163	21306	 26.4	 36.6	2.244	 3.5	 0.0
1	2021	164	11084	 24.8	 30.0	2.820	 3.2	 7.9
1	2021	165	 9130	 24.1	 31.9	3.219	 2.5	41.0
1	2021	166	19433	 24.7	 32.0	2.809	 3.9	 2.3
1	2021	167	 9473	 23.0	 27.8	2.490	 2.1	 4.1
1	2021	168	10125	 22.8	 28.7	2.449	 2.5	 3.1
1	2021	169	16275	 18.9	 28.0	1.788	 3.3	 0.0
1	2021	170	23002	 16.8	 31.0	1.852	 2.8	 0.0
1	2021	171	27160	 20.4	 32.8	1.785	 2.9	 0.0
1	2021	172	28098	 20.4	 33.7	1.782	 2.8	 0.0
1	2021	173	27808	 21.2	 34.2	1.923	 1.9	 0.0
1	2021	174	25547	 21.5	 35.1	1.664	 2.4	 0.0
1	2021	175	24036	 21.5	 34.4	1.854	 2.5	 0.0
1	2021	176	11749	 24.3	 30.0	2.403	 2.7	 0.9
1	2021	177	22592	 22.1	 34.1	2.533	 2.8	 0.0
1	2021	178	26045	 22.2	 34.7	2.577	 2.1	 0.0
1	2021	179	24844	 23.9	 36.0	2.573	 2.2	 0.0
1	2021	180	22295	 26.4	 35.8	2.418	 2.2	 0.2
1	2021	181	25942	 26.2	 37.5	2.341	 3.1	 0.0
1	2021	182	18978	 24.4	 34.6	2.345	 2.3	 0.5
1	2021	183	18893	 24.9	 34.2	2.460	 2.9	 2.3
1	2021	184	20195	 22.8	 32.0	2.415	 1.9	 1.7
1	2021	185	22285	 24.2	 35.0	2.358	 3.3	 0.0
1	2021	186	23087	 22.9	 32.9	2.238	 2.5	 0.1
1	2021	187	14139	 23.4	 31.9	2.756	 2.0	 0.3
1	2021	188	15580	 24.2	 32.5	2.779	 2.1	 0.2
1	2021	189	25714	 23.5	 36.3	2.540	 2.5	 0.1
1	2021	190	26176	 24.7	 37.9	2.842	 3.3	 0.3
1	2021	191	22569	 26.5	 37.4	3.122	 3.8	 0.1
1	2021	192	 7388	 27.6	 32.7	3.050	 5.7	12.2
1	2021	193	19407	 26.6	 34.2	3.103	 5.3	21.7
1	2021	194	23849	 26.8	 36.0	2.991	 4.5	 0.1
1	2021	195	23955	 27.4	 36.1	3.090	 3.2	 3.9
1	2021	196	14982	 24.9	 32.2	2.889	 2.3	 9.7
1	2021	197	13220	 24.9	 29.4	3.081	 1.5	20.7
1	2021	198	16531	 24.1	 29.7	2.898	 3.2	 3.2
1	2021	199	10628	 23.8	 30.1	2.951	 3.8	10.0
1	2021	200	11459	 23.7	 30.0	2.948	 3.9	 5.9
1	2021	201	 4895	 24.1	 27.9	3.058	 3.9	28.7
1	2021	202	 5181	 24.8	 28.0	3.081	 4.2	32.9
1	2021	203	12029	 24.4	 28.5	2.822	 3.6	 0.6
1	2021	204	16624	 23.6	 30.0	3.058	 2.6	 6.1
1	2021	205	22924	 24.2	 31.6	2.863	 2.2	 0.1
1	2021	206	23653	 23.3	 32.1	2.864	 1.4	 0.0
1	2021	207	24860	 23.3	 32.7	2.849	 2.3	 0.0
1	2021	208	 9843	 25.2	 30.4	3.040	 3.6	 5.3
1	2021	209	 5856	 22.8	 25.7	2.657	 7.4	129.3
1	2021	210	13020	 21.7	 26.8	2.327	 5.8	34.6
1	2021	211	23284	 20.7	 32.1	2.885	 2.2	 0.0
1	2021	212	25176	 24.9	 34.3	3.419	 2.9	 0.0
1	2021	213	20079	 24.5	 33.6	3.043	 2.5	 5.3
1	2021	214	24759	 23.7	 31.2	2.567	 3.0	 0.2
1	2021	215	24114	 22.4	 31.7	2.760	 2.2	 0.0
1	2021	216	22462	 24.0	 32.5	3.040	 1.8	 0.1
1	2021	217	17744	 25.2	 32.2	3.119	 1.5	 2.0
1	2021	218	21864	 23.9	 32.6	3.044	 1.7	 0.3
1	2021	219	22412	 24.8	 32.9	2.915	 1.8	 0.1
1	2021	220	21694	 23.5	 32.4	2.873	 1.3	 0.1
1	2021	221	22136	 24.2	 32.4	2.727	 2.1	 0.0
1	2021	222	17265	 21.5	 31.2	2.611	 1.7	 0.0
1	2021	223	17287	 22.6	 31.5	2.802	 2.2	 0.0
1	2021	224	13446	 24.6	 30.7	2.834	 2.4	 1.3
1	2021	225	 7511	 21.8	 25.5	2.704	 1.4	10.5
1	2021	226	19820	 20.3	 29.1	2.452	 2.0	 0.1
1	2021	227	22510	 20.3	 29.9	2.354	 2.1	 0.0
1	2021	228	19510	 22.9	 30.4	2.715	 1.7	 0.4
1	2021	229	20927	 22.1	 30.9	2.717	 1.4	 0.1
1	2021	230	20527	 22.9	 31.4	2.694	 2.1	 0.3
1	2021	231	20541	 23.2	 32.0	2.767	 3.4	 1.3
1	2021	232	13379	 22.6	 28.9	2.674	 3.7	24.6
1	2021	233	17568	 20.0	 29.7	2.661	 1.5	 0.0
1	2021	234	 4529	 23.5	 27.3	2.781	 3.5	76.5
1	2021	235	14763	 22.1	 28.4	2.417	 3.6	79.4
1	2021	236	20679	 21.6	 30.8	2.281	 2.5	 0.0
1	2021	237	21079	 20.2	 30.3	1.823	 3.0	 0.0
1	2021	238	 9412	 19.1	 25.8	2.016	 3.5	 3.7
1	2021	239	 8663	 17.0	 22.6	2.047	 1.9	 0.2
1	2021	240	 8262	 17.2	 24.5	2.268	 1.4	 6.2
1	2021	241	 2081	 20.7	 22.5	2.504	 2.4	40.6
1	2021	242	 5405	 20.4	 25.5	2.604	 2.7	37.6
1	2021	243	 7755	 21.6	 24.7	2.527	 4.3	 8.1
1	2021	244	 5128	 19.8	 22.1	2.322	 2.6	14.5
1	2021	245	17819	 18.7	 27.5	2.311	 1.8	 0.3
1	2021	246	17738	 18.6	 28.3	2.403	 2.5	 0.4
1	2021	247	 1915	 19.9	 23.8	2.259	 4.4	79.3
1	2021	248	11131	 19.1	 25.1	2.201	 4.1	 1.0
1	2021	249	 3813	 20.1	 23.5	2.343	 3.4	 2.8
1	2021	250	19448	 18.3	 26.3	2.041	 1.8	 0.0
1	2021	251	21558	 17.7	 28.1	2.176	 3.0	 0.0
1	2021	252	21467	 19.5	 30.0	2.447	 3.6	 0.0
1	2021	253	21434	 20.4	 31.4	2.720	 2.4	 0.0
1	2021	254	21802	 21.3	 31.8	2.472	 2.5	 0.0
1	2021	255	21228	 21.1	 31.1	2.494	 2.3	 0.0
1	2021	256	21164	 19.7	 29.6	2.326	 2.4	 0.0
1	2021	257	20617	 19.0	 30.1	2.340	 2.2	 0.0
1	2021	258	18933	 20.0	 29.1	2.110	 2.2	 0.1
1	2021	259	18569	 18.4	 29.1	2.020	 2.8	 0.0
1	2021	260	 6486	 20.7	 25.5	2.270	 3.3	 1.3
1	2021	261	 4136	 20.4	 24.3	2.437	 3.3	10.7
1	2021	262	 3714	 16.3	 22.1	2.036	 4.2	24.6
1	2021	263	15612	 16.8	 26.0	1.899	 3.4	 0.0
1	2021	264	20550	 19.8	 30.1	2.015	 3.3	 0.0
1	2021	265	18526	 20.1	 30.4	2.450	 1.8	 0.0
1	2021	266	17824	 20.1	 31.5	2.369	 2.3	 0.1
1	2021	267	 3942	 22.4	 26.8	2.417	 2.3	42.8
1	2021	268	 2695	 20.0	 23.2	2.326	 3.6	63.9
1	2021	269	 3729	 19.5	 21.0	2.162	 3.9	 7.1
1	2021	270	 5156	 19.1	 23.6	2.158	 2.8	 0.2
1	2021	271	 2301	 15.8	 20.6	1.970	 2.7	17.5
1	2021	272	18650	 12.5	 26.5	1.894	 1.8	 0.0
1	2021	273	18862	 16.8	 27.6	1.959	 3.6	 0.0
1	2021	274	16955	 18.1	 28.1	2.246	 2.3	 0.0
1	2021	275	16540	 17.5	 30.1	2.347	 2.9	 0.0
1	2021	276	12627	 22.5	 31.1	2.493	 3.4	 1.4
1	2021	277	 8471	 15.2	 24.2	1.917	 6.1	 3.4
1	2021	278	 3282	 13.0	 15.1	1.316	 6.6	 1.6
1	2021	279	 2435	 11.7	 13.7	1.302	 5.4	 3.6
1	2021	280	 1302	 11.1	 13.1	1.264	 3.8	 5.7
1	2021	281	 2449	 12.5	 15.5	1.454	 2.8	 5.9
1	2021	282	 6474	 14.0	 20.8	1.658	 2.5	 1.2
1	2021	283	 5463	 15.1	 18.2	1.107	 4.6	 0.1
1	2021	284	10636	 12.9	 18.2	0.830	 3.0	 0.0
1	2021	285	15818	 13.4	 20.1	0.993	 2.5	 0.0
1	2021	286	16002	 12.0	 22.2	1.158	 1.9	 0.0
1	2021	287	11943	 13.2	 22.7	1.427	 3.1	 0.8
1	2021	288	 2572	 14.5	 17.3	1.651	 2.4	 1.6
1	2021	289	12349	  6.9	 15.5	0.556	 4.9	 0.0
1	2021	290	16630	  3.7	 14.4	0.515	 2.2	 0.0
1	2021	291	15586	  8.2	 18.4	0.868	 3.2	 0.0
1	2021	292	 8587	  9.3	 16.2	0.992	 3.4	 0.0
1	2021	293	 6568	  9.6	 14.1	1.020	 2.0	 0.7
1	2021	294	13828	  7.8	 17.4	1.064	 2.3	 0.3
1	2021	295	15163	  5.2	 18.8	0.902	 1.9	 0.0
1	2021	296	13698	  6.4	 18.7	0.868	 1.5	 0.0
1	2021	297	14233	  9.0	 19.0	0.894	 1.5	 0.1
1	2021	298	14778	  7.5	 20.2	0.979	 2.2	 0.0
1	2021	299	10797	  9.2	 20.6	1.179	 2.0	 0.0
1	2021	300	11704	  9.9	 19.8	1.153	 2.4	 0.0
1	2021	301	12535	 10.1	 21.4	1.070	 1.3	 0.0
1	2021	302	11164	  9.8	 21.6	1.221	 2.4	 0.0
1	2021	303	13755	 10.2	 22.9	1.325	 2.3	 0.0
1	2021	304	10423	 11.0	 21.0	1.283	 2.4	 0.0
1	2021	305	 8003	  9.6	 17.7	1.119	 3.0	 0.0
1	2021	306	 8488	 11.3	 18.9	1.335	 1.9	 0.1
1	2021	307	11454	 10.1	 20.5	1.207	 2.1	 0.0
1	2021	308	10660	  9.3	 21.0	1.245	 2.3	 0.3
1	2021	309	 6396	 13.7	 20.8	1.485	 2.3	 0.0
1	2021	310	 2836	 13.8	 19.3	1.670	 2.5	 2.3
1	2021	311	 3274	  0.1	 15.3	0.630	 5.6	24.4
1	2021	312	13535	 -0.5	  9.5	0.371	 2.7	 0.0
1	2021	313	13030	  1.3	 13.1	0.420	 3.8	 0.0
1	2021	314	12613	  3.4	 14.5	0.515	 2.7	 0.0
1	2021	315	12567	  4.5	 14.8	0.537	 2.2	 0.0
1	2021	316	12410	  4.0	 15.3	0.583	 2.3	 0.0
1	2021	317	12449	  3.7	 16.9	0.525	 2.8	 0.0
1	2021	318	12265	  3.1	 17.3	0.577	 2.1	 0.0
1	2021	319	11146	  6.3	 16.9	0.763	 2.4	 0.0
1	2021	320	11415	  5.5	 15.8	0.870	 2.8	 0.0
1	2021	321	 8086	  7.0	 18.5	0.926	 2.8	 0.0
1	2021	322	11470	  8.2	 19.3	0.905	 3.7	 0.0
1	2021	323	10714	  7.3	 17.6	1.039	 2.3	 0.0
1	2021	324	 6661	  7.4	 14.6	0.910	 3.7	 0.1
1	2021	325	 7522	  4.8	 13.6	0.657	 3.2	 0.0
1	2021	326	11818	 -0.9	  6.7	0.191	 2.5	 0.0
1	2021	327	11446	 -2.5	 10.8	0.328	 2.8	 0.0
1	2021	328	11255	  3.3	 16.1	0.403	 3.4	 0.0
1	2021	329	11064	  0.4	 15.5	0.530	 1.9	 0.0
1	2021	330	10716	  1.5	 15.4	0.604	 2.1	 0.0
1	2021	331	 9959	  2.3	 14.3	0.702	 2.5	 0.0
1	2021	332	 8265	  5.2	 13.4	0.901	 2.1	 0.0
1	2021	333	 6061	  3.8	 14.1	0.921	 2.7	 3.8
1	2021	334	10816	 -0.8	  8.9	0.377	 3.5	 0.0
1	2021	335	10660	 -2.8	  9.2	0.344	 2.3	 0.0
1	2021	336	10645	 -0.6	 12.2	0.345	 3.5	 0.0
1	2021	337	10462	 -0.3	 13.0	0.369	 1.8	 0.0
1	2021	338	10197	  0.6	 14.4	0.440	 2.1	 0.0
1	2021	339	10257	  1.3	 14.7	0.516	 2.6	 0.0
1	2021	340	10185	  2.2	 12.8	0.473	 4.3	 0.0
1	2021	341	 8824	  1.9	 10.3	0.532	 2.6	 0.0
1	2021	342	 5950	  2.9	 10.8	0.670	 1.6	 0.0
1	2021	343	 9656	  1.3	 13.2	0.754	 2.2	 0.0
1	2021	344	 6453	  0.9	 12.9	0.851	 2.0	 0.1
1	2021	345	 5289	  6.0	 11.6	0.956	 1.7	 1.1
1	2021	346	 8524	  0.1	  7.9	0.518	 3.4	 0.0
1	2021	347	 9733	 -2.2	  9.1	0.466	 2.7	 0.0
1	2021	348	 9655	  3.1	 13.2	0.767	 3.5	 0.0
1	2021	349	 8340	  0.6	 12.8	0.798	 1.4	 0.0
1	2021	350	 6808	  1.2	 11.9	0.529	 2.9	 0.0
1	2021	351	 9807	 -3.2	  3.3	0.271	 3.3	 0.0
1	2021	352	 8602	 -3.6	  9.2	0.284	 3.8	 0.0
1	2021	353	 9861	 -1.2	 12.8	0.386	 3.4	 0.0
1	2021	354	 9811	  2.8	 14.8	0.415	 3.3	 0.0
1	2021	355	 9944	 -1.0	 14.0	0.478	 1.6	 0.0
1	2021	356	 9749	 -0.9	 11.0	0.605	 2.6	 0.0
1	2021	357	 7994	 -0.8	  8.0	0.670	 3.6	 0.1
1	2021	358	 5323	 -4.5	  4.6	0.463	 5.8	 1.9
1	2021	359	 9437	 -6.9	 -2.0	0.198	 3.6	 0.0
1	2021	360	10316	 -8.1	 -0.5	0.221	 1.5	 0.0
1	2021	361	10366	 -6.8	  4.1	0.248	 2.7	 0.0
1	2021	362	 9995	 -3.1	  7.4	0.319	 3.7	 0.0
1	2021	363	10393	 -3.3	  7.5	0.254	 2.5	 0.0
1	2021	364	10228	 -4.2	  8.5	0.308	 1.7	 0.0
1	2021	365	 5952	 -3.5	  7.7	0.372	 2.1	 0.0
