*------------------------------------------------------------*
*   Country: China
*   Station: 115.4_33.7
*      Year: 2021
*    Origin: AgERA5 dataset
*    Author: Huang Hai, CAU
* Longitude: 115.40 E
*  Latitude: 33.70 N
* Elevation: 40.00 m
*   Columns: 
*   ======== 
*  station number
*  year
*  day
*  irradiation (kJ路m-2路d-1)
*  minimum temperature (degrees Celsius)
*  maximum temperature (degrees Celsius)
*  vapour pressure (kPa)
*  mean wind speed (m路s-1)
*  precipitation (mm路d-1)
** WCCDESCRIPTION=115.4_33.7, China
** WCCFORMAT=2
** WCCYEARNR=2021
*------------------------------------------------------------*
115.40  33.70  40.00  -0.18  -0.55
1	2021	  1	10775	 -5.1	  6.9	0.337	 3.0	 0.0
1	2021	  2	 8806	 -5.0	  8.1	0.499	 1.9	 0.0
1	2021	  3	 7510	 -3.3	  6.5	0.485	 2.1	 0.0
1	2021	  4	 7719	 -3.7	  7.3	0.527	 2.5	 0.0
1	2021	  5	 3809	 -3.6	  2.0	0.406	 2.6	 0.2
1	2021	  6	 9749	 -6.1	  3.7	0.285	 3.2	 0.0
1	2021	  7	11415	-10.7	 -4.8	0.098	 2.7	 0.0
1	2021	  8	11595	 -8.2	  1.2	0.138	 3.1	 0.0
1	2021	  9	11559	 -7.8	  2.8	0.168	 1.8	 0.0
1	2021	 10	 8712	 -6.1	  4.1	0.242	 1.9	 0.0
1	2021	 11	11639	 -4.2	  4.6	0.214	 4.2	 0.0
1	2021	 12	11578	 -3.2	 11.8	0.302	 4.5	 0.0
1	2021	 13	11599	  3.0	 15.0	0.469	 3.5	 0.0
1	2021	 14	11525	  0.5	 16.0	0.561	 3.5	 0.0
1	2021	 15	10041	  1.3	 10.8	0.388	 3.7	 0.0
1	2021	 16	 8838	 -2.9	  4.4	0.369	 2.0	 0.0
1	2021	 17	12260	 -4.2	  6.5	0.269	 3.5	 0.0
1	2021	 18	12205	 -1.8	 11.7	0.443	 2.8	 0.0
1	2021	 19	12104	 -0.7	 11.9	0.461	 3.2	 0.0
1	2021	 20	 7721	 -2.2	  9.6	0.536	 1.3	 0.2
1	2021	 21	 6754	  0.6	  9.7	0.620	 1.5	 0.0
1	2021	 22	 7270	 -0.5	  9.2	0.694	 1.9	 0.2
1	2021	 23	11157	  2.0	  9.6	0.666	 1.8	 1.0
1	2021	 24	 8015	 -2.3	  8.0	0.627	 2.6	 0.0
1	2021	 25	 1483	  2.0	  5.2	0.740	 2.8	 4.1
1	2021	 26	12808	 -1.3	 10.5	0.625	 2.6	 0.0
1	2021	 27	 7964	 -2.0	  9.9	0.733	 2.2	 0.0
1	2021	 28	13595	 -0.9	  8.4	0.313	 3.4	 0.0
1	2021	 29	13106	 -2.1	 12.5	0.458	 3.5	 0.0
1	2021	 30	12149	 -0.4	 13.8	0.557	 2.0	 0.0
1	2021	 31	12984	  0.0	 15.4	0.607	 2.7	 0.0
1	2021	 32	12165	  2.6	 14.2	0.589	 2.7	 0.0
1	2021	 33	13624	 -1.0	  9.5	0.491	 2.5	 0.0
1	2021	 34	13595	  0.5	 15.3	0.597	 3.0	 0.0
1	2021	 35	13377	 -0.1	 12.3	0.513	 2.4	 0.0
1	2021	 36	13618	  4.8	 15.9	0.657	 3.7	 0.0
1	2021	 37	13234	  4.7	 18.5	0.827	 3.5	 0.0
1	2021	 38	13640	  3.7	 12.7	0.653	 4.4	 0.0
1	2021	 39	12315	  1.5	  9.2	0.410	 2.8	 0.0
1	2021	 40	14292	 -0.3	 12.5	0.554	 2.7	 0.0
1	2021	 41	12689	  1.8	 15.1	0.713	 1.8	 0.0
1	2021	 42	14606	  0.9	 16.0	0.864	 2.4	 0.0
1	2021	 43	14171	  5.3	 17.0	1.059	 2.7	 0.0
1	2021	 44	 8003	  6.4	 16.3	1.074	 2.0	 0.0
1	2021	 45	14591	  7.1	 17.8	1.138	 2.6	 6.3
1	2021	 46	 9493	  3.8	  8.5	0.671	 3.3	 0.0
1	2021	 47	15639	  1.5	 14.6	0.565	 3.0	 0.0
1	2021	 48	15981	 -0.7	  9.6	0.433	 2.2	 0.0
1	2021	 49	15834	 -0.8	 13.6	0.534	 2.8	 0.0
1	2021	 50	16256	  6.0	 21.1	0.743	 4.6	 0.0
1	2021	 51	16773	  7.9	 23.1	0.755	 4.4	 0.0
1	2021	 52	16528	 11.7	 25.2	0.953	 4.6	 0.0
1	2021	 53	16775	  7.7	 19.7	0.662	 4.6	 0.0
1	2021	 54	14347	  4.9	 13.3	0.484	 5.0	 0.0
1	2021	 55	 6466	  3.7	  9.8	0.663	 4.8	 1.8
1	2021	 56	 2633	  1.5	  5.1	0.729	 4.8	 9.7
1	2021	 57	 8415	  3.3	  9.3	0.702	 3.4	 2.1
1	2021	 58	 8278	  4.8	 10.8	0.780	 2.1	 0.0
1	2021	 59	 1267	  7.6	 10.4	1.098	 2.3	 9.5
1	2021	 60	 8781	  0.2	  8.9	0.749	 4.7	 2.0
1	2021	 61	18068	 -2.3	 11.6	0.673	 2.1	 0.0
1	2021	 62	16808	  4.3	 14.5	0.751	 3.0	 0.0
1	2021	 63	18269	  4.3	 17.8	0.972	 3.0	 0.0
1	2021	 64	13050	  7.8	 17.7	1.001	 2.8	 0.0
1	2021	 65	 9627	  2.1	 12.1	0.605	 5.3	 0.3
1	2021	 66	16978	  0.1	  9.9	0.568	 1.7	 0.0
1	2021	 67	10179	  2.3	 10.9	0.788	 1.7	 3.4
1	2021	 68	 6446	  5.6	 11.6	0.978	 1.3	 0.2
1	2021	 69	 7928	  5.9	 12.8	1.000	 2.0	 0.7
1	2021	 70	 4425	  7.4	 12.2	1.111	 1.5	 8.5
1	2021	 71	14849	  3.9	 14.2	0.973	 1.8	 0.0
1	2021	 72	11919	  6.6	 14.2	0.983	 1.6	 0.2
1	2021	 73	15240	  7.1	 17.9	1.191	 3.2	 0.1
1	2021	 74	 7311	 13.4	 20.0	1.550	 2.7	 4.9
1	2021	 75	18773	  8.8	 15.8	0.782	 3.6	 0.1
1	2021	 76	11477	  6.6	 12.5	0.601	 2.9	 0.0
1	2021	 77	 4162	  8.5	 11.2	0.732	 3.6	 1.4
1	2021	 78	 3639	  6.2	  8.9	0.850	 2.7	 7.3
1	2021	 79	15032	  2.6	 13.6	0.887	 2.4	 0.1
1	2021	 80	20999	  4.4	 12.4	0.522	 3.2	 0.0
1	2021	 81	22420	  1.6	 15.7	0.557	 3.1	 0.0
1	2021	 82	18291	  5.8	 18.2	0.751	 4.6	 0.0
1	2021	 83	21573	  7.4	 20.8	1.047	 3.1	 0.0
1	2021	 84	21848	  7.9	 21.8	1.030	 3.2	 0.0
1	2021	 85	 7081	  9.5	 17.9	1.246	 1.5	 6.3
1	2021	 86	13923	  8.9	 19.3	1.399	 2.2	 0.2
1	2021	 87	22252	 11.7	 24.8	1.579	 3.6	 0.0
1	2021	 88	18869	 11.9	 22.0	1.326	 3.2	 0.0
1	2021	 89	20138	  9.1	 20.8	0.803	 4.0	 0.0
1	2021	 90	 3033	  8.8	 15.3	1.019	 4.3	11.6
1	2021	 91	 4739	 10.7	 14.1	1.109	 3.6	 0.1
1	2021	 92	 3069	  9.7	 12.2	1.200	 3.3	 4.3
1	2021	 93	 5217	  8.8	 12.4	1.038	 4.7	 1.4
1	2021	 94	23083	  3.5	 15.7	0.629	 2.7	 0.0
1	2021	 95	12436	  4.1	 16.3	0.804	 2.1	 0.0
1	2021	 96	21139	  4.8	 18.2	0.940	 1.5	 0.0
1	2021	 97	 8254	  8.5	 15.6	1.092	 1.5	 0.3
1	2021	 98	22838	  5.9	 19.4	1.068	 1.8	 0.0
1	2021	 99	20569	  6.8	 19.7	0.954	 2.6	 0.0
1	2021	100	23034	  8.4	 19.7	0.821	 3.2	 0.0
1	2021	101	 5623	 11.3	 15.6	1.243	 2.5	 0.0
1	2021	102	20815	 10.3	 21.9	1.362	 1.9	 0.0
1	2021	103	15299	 12.1	 18.9	1.146	 3.6	 0.7
1	2021	104	18599	 10.0	 18.4	1.022	 2.2	 0.0
1	2021	105	20397	 10.6	 22.8	1.335	 3.8	 0.4
1	2021	106	21009	 12.4	 21.8	0.707	 3.2	 0.0
1	2021	107	26176	  8.2	 19.5	0.527	 2.8	 0.0
1	2021	108	22605	  6.9	 20.9	0.679	 3.1	 0.0
1	2021	109	25310	  7.9	 24.3	0.883	 2.5	 0.0
1	2021	110	 3266	 13.9	 17.5	1.442	 2.9	17.6
1	2021	111	 3113	 13.0	 15.4	1.502	 2.8	 7.8
1	2021	112	10931	 13.0	 19.4	1.494	 2.8	 3.4
1	2021	113	22458	 10.3	 21.3	1.360	 3.4	 0.0
1	2021	114	 8520	 11.8	 17.4	1.319	 4.0	 3.1
1	2021	115	 6560	 13.6	 16.0	1.296	 3.2	 0.1
1	2021	116	10375	 11.2	 17.0	1.331	 1.6	 1.5
1	2021	117	24160	 10.5	 23.7	1.200	 2.4	 0.0
1	2021	118	23314	 13.7	 23.0	0.934	 3.4	 0.0
1	2021	119	23499	 14.6	 28.2	0.977	 5.4	 0.0
1	2021	120	24447	 14.3	 28.8	1.056	 5.0	 0.2
1	2021	121	26558	  9.8	 25.3	0.976	 2.5	 0.0
1	2021	122	23176	 13.4	 22.3	0.665	 4.7	 0.2
1	2021	123	10119	 14.2	 19.4	1.267	 2.7	20.2
1	2021	124	25457	 11.3	 24.5	1.254	 3.7	 0.9
1	2021	125	23029	 10.2	 25.7	1.023	 2.7	 0.0
1	2021	126	22981	 15.3	 27.9	1.464	 5.7	 0.0
1	2021	127	23443	 16.4	 24.5	1.022	 3.4	 0.0
1	2021	128	27091	 14.6	 30.9	1.666	 3.8	 0.0
1	2021	129	26094	 19.0	 31.8	2.161	 3.5	 0.0
1	2021	130	24896	 19.5	 32.3	2.010	 2.9	 0.0
1	2021	131	18621	 17.6	 26.4	1.660	 3.2	 0.6
1	2021	132	21174	 15.4	 27.5	1.878	 1.7	 0.0
1	2021	133	12454	 17.3	 25.6	2.089	 3.0	 0.6
1	2021	134	 6675	 19.3	 24.3	2.378	 2.6	13.0
1	2021	135	 3264	 19.7	 21.4	2.306	 3.5	22.4
1	2021	136	 8505	 11.8	 20.6	1.249	 5.2	 6.3
1	2021	137	19179	 10.9	 22.0	1.313	 1.9	 0.0
1	2021	138	24698	 10.9	 23.8	1.487	 2.4	 0.0
1	2021	139	10986	 13.9	 22.3	1.733	 2.1	 0.2
1	2021	140	23850	 14.6	 26.2	1.811	 2.9	 0.0
1	2021	141	24373	 16.7	 28.1	2.026	 2.6	 0.0
1	2021	142	25303	 17.3	 29.8	2.061	 2.1	 0.2
1	2021	143	 8058	 16.5	 23.3	1.863	 3.0	 1.6
1	2021	144	28017	 14.4	 29.9	1.421	 3.7	 0.0
1	2021	145	20032	 18.4	 27.4	1.355	 4.1	 0.0
1	2021	146	21025	 18.2	 27.0	1.787	 4.4	 0.0
1	2021	147	25091	 15.3	 31.5	1.796	 4.6	 0.0
1	2021	148	29231	 20.4	 30.4	1.086	 3.1	 0.0
1	2021	149	24475	 19.5	 32.3	2.046	 4.0	 0.0
1	2021	150	27452	 19.5	 32.6	2.112	 2.3	 0.0
1	2021	151	26457	 20.6	 34.0	2.205	 2.5	 0.0
1	2021	152	22490	 22.4	 33.5	2.158	 2.2	 0.2
1	2021	153	25201	 23.6	 34.8	2.145	 2.6	 0.3
1	2021	154	 6960	 18.6	 26.6	1.736	 2.9	 2.6
1	2021	155	29531	 16.6	 33.5	1.150	 4.2	 0.0
1	2021	156	28419	 21.0	 36.9	1.321	 4.9	 0.2
1	2021	157	27269	 21.7	 36.7	1.699	 4.3	 0.0
1	2021	158	25979	 24.3	 38.7	1.232	 4.1	 0.0
1	2021	159	25084	 23.7	 37.0	1.576	 2.1	 0.0
1	2021	160	19823	 24.1	 34.8	1.859	 2.3	 0.0
1	2021	161	22584	 23.9	 34.4	1.900	 1.7	 0.0
1	2021	162	24546	 23.2	 35.8	1.932	 2.2	 0.0
1	2021	163	19888	 25.7	 35.4	2.491	 3.1	 0.0
1	2021	164	 9286	 23.8	 28.6	2.977	 2.5	18.4
1	2021	165	12264	 24.2	 32.4	3.230	 2.3	46.8
1	2021	166	15879	 25.0	 32.0	2.964	 3.2	 9.4
1	2021	167	 9171	 23.0	 27.4	2.526	 2.5	 4.2
1	2021	168	 9977	 22.6	 27.6	2.600	 2.2	 6.7
1	2021	169	 6098	 18.0	 24.2	1.923	 2.5	 0.6
1	2021	170	21325	 15.5	 28.8	2.037	 2.1	 0.0
1	2021	171	25162	 18.3	 30.6	2.092	 2.3	 0.0
1	2021	172	26516	 18.5	 31.3	2.150	 2.1	 0.0
1	2021	173	28436	 20.7	 32.8	2.097	 1.9	 0.0
1	2021	174	23826	 20.2	 33.1	1.840	 2.4	 0.0
1	2021	175	26295	 21.8	 33.4	2.053	 2.3	 0.0
1	2021	176	 8432	 23.9	 27.7	2.596	 2.0	 3.3
1	2021	177	20659	 21.6	 32.2	2.677	 2.2	 0.1
1	2021	178	25147	 21.4	 33.0	2.669	 2.0	 0.0
1	2021	179	25740	 22.4	 33.7	2.779	 1.9	 0.0
1	2021	180	24936	 24.0	 33.9	2.642	 1.9	 0.0
1	2021	181	25792	 25.1	 35.5	2.614	 2.9	 0.0
1	2021	182	23589	 23.6	 34.1	2.491	 2.6	 0.4
1	2021	183	20884	 24.3	 32.7	2.566	 3.4	 3.4
1	2021	184	24327	 22.8	 31.7	2.397	 2.7	11.6
1	2021	185	23955	 22.5	 32.1	2.458	 2.8	 0.0
1	2021	186	16702	 21.9	 29.4	2.533	 1.7	 6.1
1	2021	187	 9336	 23.3	 26.9	2.963	 1.5	 9.2
1	2021	188	10298	 23.7	 28.4	3.016	 1.3	 3.0
1	2021	189	22624	 21.9	 32.7	2.919	 2.4	 0.0
1	2021	190	25608	 23.5	 34.4	3.098	 3.3	 0.0
1	2021	191	21089	 25.9	 33.7	3.276	 3.9	 0.1
1	2021	192	10330	 28.2	 32.8	3.098	 5.5	 0.1
1	2021	193	17652	 26.5	 32.8	3.035	 5.9	15.6
1	2021	194	23155	 26.4	 34.3	3.172	 5.2	 0.0
1	2021	195	23495	 27.1	 35.2	3.138	 3.7	 9.8
1	2021	196	17295	 25.2	 32.8	2.997	 2.1	32.4
1	2021	197	 7286	 24.6	 27.5	3.016	 1.5	62.8
1	2021	198	16201	 24.1	 30.5	2.943	 2.4	17.1
1	2021	199	12768	 23.6	 29.3	2.992	 3.8	13.4
1	2021	200	13690	 24.1	 30.2	3.086	 3.8	11.3
1	2021	201	 7918	 24.6	 30.0	3.202	 3.8	16.8
1	2021	202	 9675	 25.2	 30.1	3.097	 4.1	 7.3
1	2021	203	13283	 24.8	 29.3	2.863	 3.9	 0.2
1	2021	204	16189	 24.2	 29.9	3.079	 3.2	 1.6
1	2021	205	23533	 24.4	 30.9	2.882	 2.6	 0.1
1	2021	206	23280	 23.5	 31.6	2.940	 1.8	 0.2
1	2021	207	21748	 24.4	 31.4	2.980	 3.1	 0.1
1	2021	208	12436	 25.2	 30.2	3.092	 4.8	 7.4
1	2021	209	 6404	 22.6	 25.1	2.740	 8.2	87.0
1	2021	210	13445	 22.4	 27.2	2.479	 5.2	 8.4
1	2021	211	24793	 20.7	 32.3	2.969	 2.4	 0.0
1	2021	212	24941	 24.8	 33.8	3.406	 2.3	 0.0
1	2021	213	22428	 24.0	 34.0	3.106	 2.5	 7.7
1	2021	214	21334	 23.6	 31.3	2.865	 2.8	 6.7
1	2021	215	21627	 23.6	 31.0	3.053	 2.2	 1.1
1	2021	216	21005	 24.0	 31.5	3.216	 2.1	 0.7
1	2021	217	18661	 25.4	 31.8	3.230	 1.9	 4.5
1	2021	218	22439	 24.4	 31.7	3.178	 2.1	 0.6
1	2021	219	18724	 24.5	 31.8	3.088	 1.8	 0.1
1	2021	220	23082	 22.9	 31.9	2.981	 1.4	 0.0
1	2021	221	17015	 22.8	 30.4	2.853	 1.8	 0.7
1	2021	222	19596	 20.4	 30.3	2.738	 1.7	 0.0
1	2021	223	15387	 23.3	 30.0	3.005	 2.6	 0.2
1	2021	224	 6505	 24.8	 28.4	3.127	 2.6	 4.0
1	2021	225	 6370	 21.6	 25.4	2.518	 1.8	10.1
1	2021	226	19079	 20.4	 28.2	2.551	 2.1	 0.1
1	2021	227	18727	 20.8	 28.5	2.657	 2.0	 0.3
1	2021	228	14766	 22.7	 28.6	2.872	 1.5	 0.6
1	2021	229	21941	 21.5	 30.0	2.817	 1.7	 0.0
1	2021	230	20179	 22.2	 30.4	2.815	 1.8	 0.6
1	2021	231	21462	 22.8	 30.9	2.934	 2.9	 0.7
1	2021	232	12628	 23.2	 28.4	2.831	 2.8	15.4
1	2021	233	21961	 19.4	 29.6	2.668	 1.5	 0.0
1	2021	234	 6807	 23.3	 27.7	2.970	 3.8	10.0
1	2021	235	 9773	 22.5	 26.9	2.556	 3.4	14.2
1	2021	236	21491	 21.4	 30.1	2.561	 2.4	 0.0
1	2021	237	21998	 19.4	 30.8	2.306	 2.7	 0.0
1	2021	238	 5387	 19.6	 24.3	2.078	 2.5	 9.2
1	2021	239	 4326	 18.9	 21.1	2.185	 1.4	14.9
1	2021	240	10635	 18.5	 24.1	2.393	 1.5	 7.5
1	2021	241	 5296	 21.1	 25.1	2.789	 2.6	15.6
1	2021	242	 8080	 22.6	 28.0	2.953	 2.4	14.5
1	2021	243	14954	 21.5	 28.1	2.821	 3.1	 0.5
1	2021	244	 7566	 20.4	 23.4	2.383	 2.7	 7.4
1	2021	245	15003	 19.9	 27.1	2.346	 2.0	 0.2
1	2021	246	20681	 17.5	 28.5	2.461	 2.5	 0.0
1	2021	247	 2478	 21.7	 24.9	2.611	 3.2	57.8
1	2021	248	11671	 18.8	 25.3	2.230	 3.5	 1.0
1	2021	249	 6846	 20.1	 24.1	2.357	 3.6	 3.8
1	2021	250	14663	 18.3	 25.3	2.170	 1.7	 0.0
1	2021	251	20739	 16.1	 27.6	2.178	 2.2	 0.0
1	2021	252	19963	 19.4	 29.4	2.456	 2.9	 0.0
1	2021	253	21939	 20.4	 31.2	2.656	 2.3	 0.0
1	2021	254	22150	 20.0	 31.7	2.493	 2.0	 0.0
1	2021	255	21667	 21.4	 30.5	2.498	 2.6	 0.0
1	2021	256	21784	 19.3	 28.8	2.259	 2.7	 0.0
1	2021	257	21664	 17.7	 29.5	2.243	 2.1	 0.0
1	2021	258	17568	 19.7	 29.5	2.281	 1.3	 0.1
1	2021	259	17503	 20.3	 29.4	2.286	 2.0	 0.2
1	2021	260	 9577	 21.2	 26.2	2.285	 2.9	 0.0
1	2021	261	11868	 21.7	 28.2	2.360	 2.8	 1.1
1	2021	262	 9857	 16.8	 27.4	2.230	 3.7	19.7
1	2021	263	16429	 16.8	 25.9	1.955	 3.5	 0.3
1	2021	264	20667	 21.1	 30.6	2.179	 3.6	 0.0
1	2021	265	19611	 20.0	 31.5	2.427	 2.1	 0.0
1	2021	266	19439	 19.9	 32.1	2.232	 2.7	 0.0
1	2021	267	 5475	 22.4	 27.4	2.364	 3.2	 6.5
1	2021	268	 6515	 21.9	 28.2	2.558	 3.3	16.5
1	2021	269	10880	 20.4	 25.4	2.376	 2.8	 3.5
1	2021	270	 7328	 19.8	 24.1	2.187	 2.8	 0.1
1	2021	271	 6838	 18.2	 23.9	2.175	 2.4	 7.2
1	2021	272	19263	 13.8	 25.7	1.870	 1.5	 0.3
1	2021	273	19151	 16.0	 27.8	2.012	 2.9	 0.0
1	2021	274	17817	 18.9	 28.6	2.344	 1.6	 0.0
1	2021	275	18096	 19.3	 30.6	2.353	 2.7	 0.0
1	2021	276	16571	 22.1	 32.8	2.436	 3.9	 0.0
1	2021	277	14539	 18.5	 31.1	2.360	 3.7	 0.6
1	2021	278	 5927	 15.2	 18.8	1.474	 5.4	 0.6
1	2021	279	 3459	 13.0	 16.2	1.407	 4.8	 1.9
1	2021	280	 4388	 12.5	 14.9	1.305	 4.1	 0.3
1	2021	281	 4531	 13.4	 17.7	1.520	 3.0	 0.3
1	2021	282	 5703	 15.6	 22.5	1.791	 3.1	 2.3
1	2021	283	 2981	 15.6	 17.6	1.195	 5.1	 3.1
1	2021	284	 9821	 13.7	 17.5	0.858	 3.6	 0.0
1	2021	285	15557	 13.4	 20.5	1.009	 3.0	 0.3
1	2021	286	16671	 12.0	 22.6	1.187	 2.3	 0.0
1	2021	287	 9523	 15.2	 23.7	1.408	 3.7	 0.5
1	2021	288	 2926	 14.8	 17.6	1.595	 3.6	 4.0
1	2021	289	10124	  7.8	 16.2	0.841	 4.6	 1.5
1	2021	290	17012	  4.2	 14.5	0.581	 2.1	 0.0
1	2021	291	15985	  8.0	 18.4	0.886	 2.7	 0.0
1	2021	292	 8675	  9.2	 17.7	1.068	 2.9	 0.0
1	2021	293	 4433	 10.3	 12.8	1.091	 1.5	 2.1
1	2021	294	12684	  7.8	 17.2	1.092	 2.2	 0.3
1	2021	295	15727	  5.2	 18.5	0.948	 1.8	 0.0
1	2021	296	14256	  5.5	 18.7	0.923	 1.5	 0.0
1	2021	297	13315	  7.6	 18.8	0.967	 1.4	 0.4
1	2021	298	13970	  6.5	 19.8	1.016	 1.9	 0.0
1	2021	299	12162	  7.9	 20.5	1.168	 1.5	 0.0
1	2021	300	13034	 10.0	 20.9	1.246	 2.1	 0.0
1	2021	301	13083	 11.3	 21.5	1.266	 1.3	 0.0
1	2021	302	12009	 10.0	 21.6	1.239	 2.0	 0.0
1	2021	303	14130	 10.1	 22.9	1.265	 2.3	 0.0
1	2021	304	10501	 10.2	 22.5	1.304	 2.0	 0.0
1	2021	305	10565	 11.4	 19.3	1.258	 3.2	 0.0
1	2021	306	10198	 11.6	 20.4	1.399	 1.7	 0.6
1	2021	307	11966	 10.0	 20.9	1.293	 1.2	 0.0
1	2021	308	10799	 10.2	 21.6	1.316	 2.2	 0.0
1	2021	309	 8765	 13.8	 21.2	1.557	 2.3	 0.4
1	2021	310	 4288	 14.3	 19.2	1.735	 2.8	 1.6
1	2021	311	 2327	  1.6	 16.0	0.666	 6.4	25.8
1	2021	312	13865	 -0.4	  9.3	0.401	 2.9	 0.0
1	2021	313	13393	  1.1	 13.3	0.431	 3.8	 0.0
1	2021	314	12965	  3.8	 14.5	0.524	 2.7	 0.0
1	2021	315	12720	  4.1	 15.0	0.578	 2.2	 0.0
1	2021	316	12526	  4.0	 15.4	0.594	 2.5	 0.0
1	2021	317	12766	  4.3	 17.2	0.540	 3.1	 0.0
1	2021	318	12649	  3.9	 17.4	0.595	 2.3	 0.0
1	2021	319	11520	  7.1	 18.2	0.813	 1.8	 0.0
1	2021	320	11419	  6.8	 17.4	0.935	 2.6	 0.0
1	2021	321	 7494	  8.4	 17.8	1.049	 1.9	 0.0
1	2021	322	11754	  7.4	 19.4	0.939	 3.1	 0.0
1	2021	323	11234	  7.0	 19.2	1.087	 1.8	 0.0
1	2021	324	 6456	  7.9	 16.9	1.186	 3.3	 2.4
1	2021	325	 6535	  5.9	 13.3	0.729	 3.9	 0.0
1	2021	326	12135	 -0.6	  7.1	0.212	 2.9	 0.0
1	2021	327	11772	 -2.3	 11.6	0.339	 2.9	 0.0
1	2021	328	11444	  4.1	 17.1	0.530	 3.7	 0.0
1	2021	329	11404	  1.2	 15.7	0.486	 1.6	 0.0
1	2021	330	11094	  0.9	 16.1	0.592	 1.9	 0.0
1	2021	331	10620	  3.4	 14.7	0.724	 2.9	 0.0
1	2021	332	 8265	  5.2	 14.5	0.890	 2.4	 0.0
1	2021	333	 7881	  2.6	 14.9	0.861	 3.4	 1.3
1	2021	334	11097	 -0.2	  9.9	0.365	 3.5	 0.0
1	2021	335	10998	 -2.8	  9.3	0.311	 2.0	 0.0
1	2021	336	10875	  0.2	 12.7	0.347	 3.6	 0.0
1	2021	337	10760	  0.3	 13.4	0.370	 1.9	 0.0
1	2021	338	10413	  1.0	 14.9	0.434	 2.1	 0.0
1	2021	339	10546	  0.8	 15.4	0.510	 2.3	 0.0
1	2021	340	10332	  2.7	 14.1	0.486	 3.7	 0.0
1	2021	341	 9693	  2.5	 11.1	0.630	 3.0	 0.0
1	2021	342	 6279	  4.1	 12.2	0.732	 2.1	 0.1
1	2021	343	 9892	  1.8	 13.9	0.796	 1.9	 0.0
1	2021	344	 9211	  1.8	 14.9	0.832	 2.2	 0.0
1	2021	345	 3943	  6.1	 10.7	0.929	 1.9	 2.0
1	2021	346	 6437	  1.3	  9.4	0.620	 2.9	 0.0
1	2021	347	 9982	 -1.8	 10.0	0.508	 2.5	 0.0
1	2021	348	 9738	  3.7	 13.5	0.828	 3.1	 0.0
1	2021	349	 6597	  2.5	 13.5	0.916	 1.3	 0.0
1	2021	350	 8688	  2.4	 13.3	0.577	 3.1	 0.1
1	2021	351	 9894	 -3.5	  4.9	0.285	 3.3	 0.0
1	2021	352	 9241	 -4.0	  9.3	0.300	 3.3	 0.0
1	2021	353	10074	 -0.9	 13.3	0.454	 3.3	 0.0
1	2021	354	10072	  3.9	 15.8	0.555	 3.7	 0.0
1	2021	355	10209	  0.7	 14.5	0.525	 1.6	 0.0
1	2021	356	10026	  0.0	 14.9	0.646	 2.1	 0.0
1	2021	357	 9030	  0.7	 11.9	0.749	 3.1	 0.0
1	2021	358	 3466	 -2.8	  5.8	0.528	 5.3	 0.5
1	2021	359	 9921	 -6.4	 -0.8	0.217	 3.9	 0.0
1	2021	360	10392	 -7.5	 -0.2	0.197	 1.9	 0.0
1	2021	361	10573	 -6.7	  3.9	0.246	 2.3	 0.0
1	2021	362	10122	 -3.5	  7.6	0.330	 3.4	 0.0
1	2021	363	10595	 -3.1	  8.5	0.262	 2.9	 0.0
1	2021	364	10146	 -4.5	  8.5	0.297	 2.2	 0.0
1	2021	365	 8022	 -3.9	  9.1	0.363	 2.0	 0.0
