*------------------------------------------------------------*
*   Country: China
*   Station: 115.5_34.4
*      Year: 2020
*    Origin: AgERA5 dataset
*    Author: Huang Hai, CAU
* Longitude: 115.50 E
*  Latitude: 34.40 N
* Elevation: 53.00 m
*   Columns: 
*   ======== 
*  station number
*  year
*  day
*  irradiation (kJ路m-2路d-1)
*  minimum temperature (degrees Celsius)
*  maximum temperature (degrees Celsius)
*  vapour pressure (kPa)
*  mean wind speed (m路s-1)
*  precipitation (mm路d-1)
** WCCDESCRIPTION=115.5_34.4, China
** WCCFORMAT=2
** WCCYEARNR=2020
*------------------------------------------------------------*
115.50  34.40  53.00  -0.18  -0.55
1	2020	  1	 7589	 -4.2	  5.6	0.410	 1.6	 0.2
1	2020	  2	 2221	  2.5	  5.6	0.551	 1.0	 0.1
1	2020	  3	 6270	  2.0	  8.9	0.593	 1.2	 0.0
1	2020	  4	 9796	 -1.4	 11.4	0.664	 1.9	 0.0
1	2020	  5	  314	  4.4	  5.6	0.810	 4.0	23.8
1	2020	  6	  636	  2.2	  4.6	0.722	 4.0	19.0
1	2020	  7	 1580	 -0.8	  2.3	0.647	 4.6	16.8
1	2020	  8	 7185	 -4.4	  4.5	0.495	 1.4	 0.0
1	2020	  9	 7338	 -1.2	  5.8	0.520	 1.8	 0.0
1	2020	 10	 4847	 -1.2	  5.9	0.604	 1.5	 0.0
1	2020	 11	 6400	 -1.1	  5.7	0.599	 1.9	 0.0
1	2020	 12	 8009	 -4.9	  5.7	0.551	 1.2	 0.1
1	2020	 13	 5538	 -2.4	  5.8	0.592	 2.1	 0.4
1	2020	 14	11558	 -5.2	  4.2	0.382	 2.3	 0.0
1	2020	 15	 5425	 -4.1	  2.6	0.416	 2.4	 0.9
1	2020	 16	 5687	 -0.9	  3.9	0.541	 2.1	 0.6
1	2020	 17	 8739	 -2.8	  5.8	0.578	 1.6	 0.0
1	2020	 18	10160	 -4.2	  7.8	0.601	 2.2	 0.0
1	2020	 19	12045	 -0.7	  8.7	0.453	 2.6	 0.0
1	2020	 20	10148	 -3.9	  8.9	0.514	 1.9	 0.0
1	2020	 21	 5736	 -1.5	  8.4	0.580	 2.3	 0.0
1	2020	 22	 8595	 -2.7	  8.9	0.671	 1.3	 0.1
1	2020	 23	 5830	  0.9	  9.6	0.740	 2.0	 0.0
1	2020	 24	 5171	  2.3	  7.7	0.704	 2.6	 0.8
1	2020	 25	 7120	  1.8	  7.4	0.573	 1.8	 0.3
1	2020	 26	 3339	  0.5	  3.2	0.598	 2.6	 4.5
1	2020	 27	10732	 -2.0	  6.7	0.540	 2.3	 0.2
1	2020	 28	11303	 -4.3	  8.6	0.500	 1.7	 0.0
1	2020	 29	11622	 -2.9	  9.0	0.532	 1.9	 0.1
1	2020	 30	12950	 -3.5	  9.2	0.479	 2.0	 0.0
1	2020	 31	13136	 -2.0	 12.2	0.573	 2.7	 0.0
1	2020	 32	10189	 -0.7	 12.2	0.594	 2.0	 0.0
1	2020	 33	11726	  1.1	 11.9	0.575	 2.3	 0.0
1	2020	 34	13363	  0.4	  9.3	0.480	 3.1	 0.0
1	2020	 35	13022	  0.4	 12.8	0.629	 3.1	 0.0
1	2020	 36	 3273	  1.7	  3.9	0.529	 4.2	 0.6
1	2020	 37	 6543	 -0.4	  4.9	0.549	 3.4	 1.8
1	2020	 38	10319	 -1.4	  7.7	0.643	 1.3	 0.0
1	2020	 39	10669	 -0.2	  9.5	0.682	 2.0	 0.0
1	2020	 40	14441	  0.6	 14.6	0.667	 3.6	 0.0
1	2020	 41	14419	  3.1	 16.0	0.726	 3.4	 0.0
1	2020	 42	12845	  5.9	 15.0	0.856	 2.4	 0.0
1	2020	 43	14525	  2.3	 16.7	0.947	 2.8	 0.0
1	2020	 44	12799	  6.1	 18.9	1.124	 3.5	 0.1
1	2020	 45	 2683	  2.1	 14.8	1.078	 4.4	 1.9
1	2020	 46	 4104	 -2.8	  2.7	0.425	 4.4	 6.1
1	2020	 47	16091	 -3.6	  6.0	0.279	 2.9	 0.0
1	2020	 48	16309	 -3.9	  8.6	0.312	 2.5	 0.0
1	2020	 49	16148	 -1.7	 13.3	0.399	 3.5	 0.0
1	2020	 50	11307	  1.9	 13.0	0.544	 2.9	 0.0
1	2020	 51	13980	  0.1	 15.4	0.666	 2.2	 0.0
1	2020	 52	15569	  5.8	 14.9	0.649	 2.9	 0.1
1	2020	 53	16723	  0.7	 13.0	0.397	 2.1	 0.0
1	2020	 54	16343	  4.0	 18.0	0.687	 3.9	 0.0
1	2020	 55	 6402	  9.3	 16.9	1.097	 2.7	 6.1
1	2020	 56	11753	  7.7	 14.3	0.987	 3.6	 0.0
1	2020	 57	 4503	  7.5	 11.5	0.914	 3.1	 0.0
1	2020	 58	 7807	  3.3	  9.3	0.553	 3.1	 8.3
1	2020	 59	 9210	  1.3	  8.6	0.733	 1.6	 5.3
1	2020	 60	11906	  3.3	 11.6	0.830	 1.6	 0.0
1	2020	 61	 6746	  2.5	 10.9	0.824	 2.4	 0.2
1	2020	 62	11037	  1.4	 10.4	0.610	 2.4	 0.0
1	2020	 63	14592	 -0.7	 12.3	0.515	 2.5	 0.0
1	2020	 64	18600	 -0.5	 11.7	0.422	 2.5	 0.0
1	2020	 65	18252	  0.6	 13.2	0.537	 3.9	 0.0
1	2020	 66	13492	  3.2	 15.7	0.785	 3.4	 0.0
1	2020	 67	18780	  5.6	 17.5	0.892	 2.6	 0.0
1	2020	 68	16440	  8.0	 17.6	1.001	 3.8	 0.0
1	2020	 69	 5187	  7.0	 12.3	0.989	 3.9	 1.6
1	2020	 70	15471	  4.1	 13.8	0.765	 2.1	 0.1
1	2020	 71	19687	  3.3	 18.3	0.694	 3.6	 0.0
1	2020	 72	16802	  6.6	 19.2	0.893	 2.8	 0.0
1	2020	 73	13275	  4.5	 12.5	0.733	 3.9	 0.0
1	2020	 74	20837	  3.0	 16.6	0.528	 3.4	 0.0
1	2020	 75	20646	  4.1	 19.7	0.458	 2.1	 0.0
1	2020	 76	13082	  7.3	 17.5	0.772	 3.4	 0.0
1	2020	 77	20318	  8.6	 22.9	0.824	 2.7	 0.0
1	2020	 78	21112	  9.3	 25.1	0.807	 4.7	 0.0
1	2020	 79	21833	  6.9	 18.5	0.364	 2.7	 0.0
1	2020	 80	21158	  8.1	 25.0	0.857	 4.6	 0.0
1	2020	 81	19256	 12.9	 27.5	1.174	 3.4	 0.0
1	2020	 82	21016	 11.8	 20.9	0.705	 3.6	 0.0
1	2020	 83	21511	  8.1	 22.5	0.741	 3.1	 0.0
1	2020	 84	20151	 11.0	 22.8	0.779	 3.6	 0.0
1	2020	 85	 9060	 12.0	 19.6	1.411	 3.0	10.9
1	2020	 86	 4559	  7.9	 17.7	1.187	 5.2	 1.6
1	2020	 87	12167	  7.6	 12.9	0.405	 4.1	 0.0
1	2020	 88	22510	  5.0	 14.5	0.432	 2.5	 0.0
1	2020	 89	 7876	  5.9	 10.5	0.748	 1.8	 0.9
1	2020	 90	17368	  2.4	 13.6	0.801	 1.9	 0.0
1	2020	 91	 7944	  6.9	 13.1	0.917	 1.8	 0.0
1	2020	 92	 9720	  6.5	 15.5	1.050	 1.9	 2.2
1	2020	 93	 8049	  6.7	 13.8	0.858	 2.2	 0.7
1	2020	 94	22705	  3.4	 18.2	0.805	 1.5	 0.0
1	2020	 95	23368	  4.6	 21.6	0.824	 2.4	 0.0
1	2020	 96	21995	  7.2	 18.6	0.692	 3.1	 0.0
1	2020	 97	20067	  9.3	 21.1	0.760	 2.6	 0.0
1	2020	 98	23571	  6.8	 23.1	0.810	 2.8	 0.0
1	2020	 99	21744	  7.6	 23.2	0.836	 2.3	 0.0
1	2020	100	21993	  9.0	 23.0	0.954	 4.2	 0.1
1	2020	101	 9180	  6.2	 12.4	0.810	 5.2	 8.6
1	2020	102	19482	  5.0	 15.2	0.743	 3.6	 1.7
1	2020	103	25231	  7.1	 21.6	0.564	 4.6	 0.0
1	2020	104	24957	  4.6	 23.0	0.691	 2.9	 0.0
1	2020	105	19224	 11.9	 23.2	0.767	 3.7	 0.0
1	2020	106	24311	 10.6	 25.9	1.089	 3.5	 0.0
1	2020	107	17893	 14.9	 25.1	1.129	 3.1	 0.8
1	2020	108	25760	  9.7	 24.3	0.792	 3.2	 0.0
1	2020	109	 8960	 10.0	 18.4	0.975	 2.5	 6.9
1	2020	110	14006	 11.2	 19.4	1.160	 2.8	 3.0
1	2020	111	19420	 13.0	 20.1	0.757	 3.5	 0.0
1	2020	112	20208	  9.1	 20.6	0.890	 1.9	 0.0
1	2020	113	25745	  9.6	 17.8	0.514	 3.2	 0.0
1	2020	114	24759	  5.7	 20.3	0.535	 2.0	 0.0
1	2020	115	26715	  6.3	 23.4	0.485	 3.7	 0.0
1	2020	116	26870	 12.6	 26.0	0.546	 4.5	 0.0
1	2020	117	25998	 11.2	 24.6	0.792	 3.8	 0.0
1	2020	118	22759	 11.1	 21.6	0.732	 3.2	 1.6
1	2020	119	26821	 10.0	 24.8	0.719	 3.6	 0.0
1	2020	120	25474	 12.6	 30.8	1.237	 3.8	 0.0
1	2020	121	23507	 18.5	 34.0	1.724	 3.7	 0.0
1	2020	122	24181	 18.9	 30.8	1.932	 4.0	 0.8
1	2020	123	25375	 17.7	 33.3	2.254	 2.6	 0.0
1	2020	124	26207	 19.7	 37.4	1.806	 2.7	 0.0
1	2020	125	18256	 19.6	 29.2	1.797	 4.3	 0.0
1	2020	126	20481	 14.9	 23.4	1.287	 3.2	 0.3
1	2020	127	24122	 13.3	 25.6	1.365	 3.4	 0.0
1	2020	128	 6932	 17.3	 22.3	1.868	 3.3	15.6
1	2020	129	 5824	 15.1	 19.5	1.639	 5.0	11.1
1	2020	130	18176	 11.2	 21.0	1.359	 2.9	 2.4
1	2020	131	26532	 12.0	 26.5	1.506	 2.1	 0.0
1	2020	132	26315	 15.0	 24.2	0.932	 4.6	 0.0
1	2020	133	27591	 15.2	 27.9	0.990	 3.2	 0.0
1	2020	134	24750	 15.6	 30.1	1.245	 3.5	 0.1
1	2020	135	15987	 18.8	 26.8	1.628	 2.5	 0.3
1	2020	136	26567	 14.8	 29.9	1.708	 2.5	 0.0
1	2020	137	25264	 17.8	 31.5	1.692	 4.1	 0.0
1	2020	138	26406	 18.9	 34.3	1.787	 4.2	 2.7
1	2020	139	27928	 13.9	 25.8	0.799	 3.9	 0.0
1	2020	140	27939	 14.4	 30.8	0.910	 2.4	 0.0
1	2020	141	15799	 17.3	 30.4	1.218	 2.4	 0.0
1	2020	142	27302	 18.7	 32.4	1.325	 2.9	 0.0
1	2020	143	27335	 20.6	 34.0	1.536	 2.0	 0.0
1	2020	144	24653	 22.2	 36.1	1.615	 4.4	 0.6
1	2020	145	19110	 18.5	 29.8	1.297	 1.9	 0.0
1	2020	146	19589	 21.5	 29.7	1.346	 3.9	 0.0
1	2020	147	26299	 18.1	 30.1	1.362	 2.9	 0.0
1	2020	148	26983	 16.9	 33.4	1.052	 2.5	 0.0
1	2020	149	28081	 17.9	 35.2	1.096	 2.8	 0.0
1	2020	150	10704	 23.0	 30.3	1.467	 3.9	 0.0
1	2020	151	18289	 18.7	 26.5	1.608	 3.4	 0.1
1	2020	152	24538	 18.3	 34.3	1.844	 2.0	 0.0
1	2020	153	26080	 20.5	 35.2	1.803	 3.7	 0.0
1	2020	154	22027	 25.0	 34.8	1.309	 2.8	 0.0
1	2020	155	29189	 20.3	 37.6	0.836	 3.1	 0.0
1	2020	156	25923	 23.2	 38.1	1.483	 3.4	 0.0
1	2020	157	21667	 24.8	 36.6	1.909	 2.5	 0.0
1	2020	158	28404	 20.9	 36.2	1.549	 2.2	 0.0
1	2020	159	27078	 22.2	 36.8	1.465	 3.9	 0.0
1	2020	160	25171	 22.8	 35.4	1.629	 4.4	 0.0
1	2020	161	12294	 22.8	 29.0	2.274	 3.3	 9.9
1	2020	162	19874	 21.9	 31.5	2.518	 2.1	 2.8
1	2020	163	19159	 22.8	 32.7	2.374	 2.1	 2.4
1	2020	164	10958	 21.0	 25.9	2.192	 3.5	15.4
1	2020	165	14710	 20.6	 29.9	2.329	 1.7	 0.1
1	2020	166	24546	 22.7	 33.8	2.638	 1.8	 0.2
1	2020	167	16783	 23.6	 33.4	2.571	 1.8	 2.0
1	2020	168	 5202	 18.8	 24.9	2.025	 3.3	29.8
1	2020	169	 2754	 18.0	 19.1	1.893	 3.4	38.4
1	2020	170	13640	 18.2	 25.3	2.013	 2.7	 6.9
1	2020	171	24034	 16.6	 28.3	1.992	 2.1	 0.0
1	2020	172	18097	 19.9	 28.2	2.210	 2.6	 0.2
1	2020	173	21367	 19.7	 28.6	2.190	 2.8	 0.1
1	2020	174	 8554	 21.4	 24.8	2.302	 2.9	 8.0
1	2020	175	 6987	 21.2	 25.3	2.431	 2.4	 1.4
1	2020	176	27349	 19.6	 31.1	2.252	 1.7	 0.0
1	2020	177	25979	 21.4	 32.8	2.460	 2.7	 0.0
1	2020	178	20419	 23.5	 32.3	2.703	 2.3	 0.0
1	2020	179	20385	 24.1	 33.2	2.834	 2.5	 0.5
1	2020	180	 9924	 22.2	 26.9	2.480	 4.3	16.5
1	2020	181	25132	 21.5	 30.6	2.248	 2.6	 0.0
1	2020	182	18198	 22.8	 29.2	2.517	 2.6	 4.9
1	2020	183	19186	 20.8	 29.3	2.310	 1.9	 0.0
1	2020	184	19534	 22.9	 30.4	2.568	 2.4	 0.2
1	2020	185	19067	 21.1	 28.5	2.535	 2.0	 1.9
1	2020	186	17147	 20.9	 29.3	2.472	 2.9	 0.2
1	2020	187	22706	 23.0	 32.0	2.763	 2.7	 0.2
1	2020	188	27042	 23.8	 35.5	2.714	 2.0	 0.0
1	2020	189	24688	 25.1	 34.9	2.820	 1.8	 0.2
1	2020	190	25621	 24.4	 33.1	2.280	 3.1	 0.0
1	2020	191	23934	 22.8	 31.6	2.296	 2.8	 0.0
1	2020	192	24299	 21.7	 32.0	2.390	 2.5	 0.2
1	2020	193	 8148	 21.7	 28.9	2.409	 5.0	17.1
1	2020	194	 5303	 20.8	 23.6	2.204	 4.6	24.7
1	2020	195	19408	 19.9	 28.0	2.264	 2.5	 0.1
1	2020	196	 8255	 20.6	 26.3	2.562	 0.9	 3.3
1	2020	197	20840	 20.3	 28.9	2.553	 1.4	 1.5
1	2020	198	23472	 20.3	 29.8	2.451	 2.3	 0.0
1	2020	199	 6587	 21.3	 24.3	2.418	 2.6	31.1
1	2020	200	10372	 21.5	 27.4	2.509	 2.5	 3.5
1	2020	201	14410	 21.8	 27.3	2.407	 2.7	 1.7
1	2020	202	25491	 19.3	 30.8	2.441	 1.9	 0.0
1	2020	203	17382	 21.5	 29.2	2.552	 3.3	 4.7
1	2020	204	 3827	 20.6	 24.6	2.459	 4.3	98.1
1	2020	205	23024	 21.2	 28.8	2.415	 3.0	 0.0
1	2020	206	17637	 20.5	 28.5	2.409	 2.1	 0.1
1	2020	207	20631	 18.5	 30.0	2.501	 1.3	 0.0
1	2020	208	 5771	 20.9	 24.8	2.442	 2.1	11.2
1	2020	209	14587	 20.0	 27.9	2.506	 1.9	 0.2
1	2020	210	19065	 20.4	 29.3	2.707	 2.0	 0.1
1	2020	211	15113	 23.2	 29.5	2.857	 2.2	 0.1
1	2020	212	16464	 23.4	 31.0	3.117	 2.8	 3.5
1	2020	213	17028	 23.7	 30.3	3.053	 2.6	 9.6
1	2020	214	20599	 24.7	 32.7	3.375	 2.5	15.2
1	2020	215	 9270	 25.6	 31.4	3.455	 2.7	29.8
1	2020	216	19323	 26.3	 33.5	3.465	 3.1	 1.2
1	2020	217	19548	 26.6	 33.5	3.464	 2.7	 3.0
1	2020	218	19045	 25.5	 33.0	3.354	 1.9	 1.5
1	2020	219	12993	 25.9	 32.4	3.382	 2.6	15.5
1	2020	220	 5030	 24.6	 28.4	3.200	 2.0	15.5
1	2020	221	10711	 23.8	 29.5	2.962	 1.8	 1.2
1	2020	222	22182	 22.6	 31.9	3.024	 1.2	 0.1
1	2020	223	21479	 24.4	 32.8	3.235	 2.1	 0.1
1	2020	224	22101	 24.4	 32.5	3.216	 2.7	 0.1
1	2020	225	15097	 25.0	 31.8	3.432	 3.4	16.4
1	2020	226	17251	 26.7	 31.9	3.288	 4.5	 4.5
1	2020	227	17993	 25.9	 32.5	3.320	 3.7	 3.8
1	2020	228	19859	 26.2	 32.8	3.234	 3.4	 0.9
1	2020	229	21256	 25.3	 33.7	3.273	 2.1	 0.2
1	2020	230	21996	 25.7	 34.2	3.277	 2.1	 0.0
1	2020	231	22185	 25.9	 33.5	3.107	 2.2	 0.0
1	2020	232	18119	 24.0	 32.7	2.865	 2.7	 1.6
1	2020	233	 4566	 20.7	 24.1	2.479	 3.6	19.2
1	2020	234	 7026	 21.0	 25.4	2.478	 2.8	11.1
1	2020	235	10965	 21.5	 27.9	2.677	 1.9	 0.6
1	2020	236	18088	 22.5	 31.0	3.073	 2.5	 0.8
1	2020	237	15793	 23.3	 31.1	2.962	 3.6	 0.6
1	2020	238	18882	 20.8	 28.8	2.418	 2.7	 0.0
1	2020	239	16433	 21.9	 28.6	2.451	 3.0	 1.3
1	2020	240	23179	 19.1	 29.4	2.203	 1.8	 0.0
1	2020	241	23063	 19.8	 30.7	2.435	 1.8	 0.0
1	2020	242	22703	 20.4	 31.3	2.571	 1.6	 0.0
1	2020	243	18322	 21.7	 30.3	2.748	 1.7	 0.0
1	2020	244	18162	 23.5	 31.2	2.775	 2.0	 0.2
1	2020	245	20877	 22.6	 30.7	2.426	 2.8	 0.1
1	2020	246	20706	 20.9	 29.7	1.991	 3.0	 1.2
1	2020	247	22263	 17.8	 29.4	1.676	 2.5	 0.0
1	2020	248	22899	 18.2	 31.2	1.742	 2.7	 0.0
1	2020	249	21618	 19.5	 32.3	1.885	 2.6	 0.0
1	2020	250	20692	 20.9	 32.2	2.003	 1.6	 0.0
1	2020	251	22220	 19.9	 32.7	1.934	 2.3	 0.0
1	2020	252	20333	 20.0	 32.2	2.028	 1.8	 0.0
1	2020	253	19158	 20.8	 31.7	2.193	 1.7	 0.2
1	2020	254	10393	 20.0	 26.3	2.365	 1.3	15.1
1	2020	255	21346	 18.7	 27.4	1.883	 3.2	 0.0
1	2020	256	16071	 18.0	 26.3	1.818	 3.1	 0.0
1	2020	257	17138	 19.0	 27.2	2.022	 1.9	 0.3
1	2020	258	15614	 20.1	 28.1	2.232	 2.2	 1.0
1	2020	259	16617	 20.3	 28.1	2.211	 3.0	 1.0
1	2020	260	16666	 18.5	 30.2	1.721	 2.3	 0.0
1	2020	261	13622	 17.9	 26.7	1.353	 1.9	 0.0
1	2020	262	21239	 15.1	 29.2	1.435	 2.7	 0.0
1	2020	263	20669	 17.4	 29.7	1.319	 2.7	 0.0
1	2020	264	18736	 15.7	 28.6	1.561	 2.1	 0.0
1	2020	265	 4765	 18.4	 24.2	1.721	 2.3	 2.9
1	2020	266	11742	 17.5	 25.9	1.797	 1.7	 2.3
1	2020	267	14040	 18.4	 25.8	1.773	 1.2	 0.3
1	2020	268	16780	 17.2	 26.7	1.690	 1.0	 0.0
1	2020	269	15764	 16.5	 26.3	1.753	 2.0	 0.1
1	2020	270	14629	 16.5	 25.9	1.771	 2.3	 0.9
1	2020	271	18460	 16.9	 26.6	1.559	 2.6	 0.0
1	2020	272	13998	 15.8	 25.8	1.544	 2.2	 0.2
1	2020	273	13235	 18.1	 26.8	1.588	 1.9	 0.0
1	2020	274	12881	 17.6	 25.0	1.675	 2.6	 0.2
1	2020	275	12303	 17.7	 26.9	1.769	 2.8	 0.0
1	2020	276	 2585	 14.2	 20.1	1.604	 3.1	12.2
1	2020	277	 6322	 14.9	 20.7	1.198	 2.2	 1.0
1	2020	278	11494	 10.4	 17.1	0.675	 4.3	 0.0
1	2020	279	 6133	  8.1	 16.4	0.672	 2.1	 0.2
1	2020	280	 8900	  7.3	 17.4	0.811	 1.6	 0.0
1	2020	281	10255	 10.5	 19.9	0.888	 1.5	 0.0
1	2020	282	15596	 10.1	 22.4	1.134	 2.1	 0.0
1	2020	283	11340	 13.3	 22.3	1.361	 1.6	 0.0
1	2020	284	 5729	 13.4	 22.6	1.467	 1.9	 0.0
1	2020	285	 4450	 17.2	 21.2	1.543	 1.8	 1.6
1	2020	286	 4567	 15.6	 19.7	1.455	 2.6	 0.2
1	2020	287	 5173	 13.8	 19.1	1.356	 2.1	 1.1
1	2020	288	 1990	 12.8	 16.3	1.429	 3.5	 5.6
1	2020	289	 6039	 11.5	 18.2	1.455	 1.2	 3.1
1	2020	290	10010	 11.0	 19.5	1.287	 2.2	 1.2
1	2020	291	14793	  6.7	 19.5	0.848	 1.8	 0.0
1	2020	292	14232	  7.3	 19.8	0.904	 2.0	 0.0
1	2020	293	15723	  8.6	 20.5	1.004	 1.8	 0.0
1	2020	294	10980	  7.6	 20.0	1.003	 2.2	 0.0
1	2020	295	15618	 10.5	 22.4	0.831	 3.1	 0.0
1	2020	296	15649	  6.9	 20.9	0.609	 2.2	 0.0
1	2020	297	15593	  6.5	 17.9	0.486	 2.2	 0.0
1	2020	298	15450	  4.6	 18.6	0.554	 2.2	 0.0
1	2020	299	13086	  8.6	 20.4	0.790	 2.5	 0.0
1	2020	300	13355	 10.1	 22.6	1.061	 1.6	 0.0
1	2020	301	 6911	 12.5	 19.7	1.020	 3.1	 0.0
1	2020	302	 9094	 11.4	 19.2	0.877	 2.6	 0.0
1	2020	303	11027	  9.5	 20.2	1.114	 1.2	 0.0
1	2020	304	11366	  9.1	 20.2	1.173	 1.7	 0.0
1	2020	305	 6902	 14.0	 20.4	1.312	 2.5	 0.0
1	2020	306	12780	 10.8	 22.0	1.004	 2.5	 0.0
1	2020	307	13271	  6.9	 19.5	0.513	 3.1	 0.0
1	2020	308	12668	  4.6	 16.5	0.448	 1.8	 0.0
1	2020	309	12800	  7.0	 18.1	0.491	 3.2	 0.0
1	2020	310	 6933	 10.1	 18.3	0.846	 2.1	 0.0
1	2020	311	12455	 10.8	 22.5	0.950	 2.5	 0.0
1	2020	312	13156	  9.1	 22.1	0.537	 3.0	 0.0
1	2020	313	12942	  6.1	 18.8	0.501	 2.4	 0.0
1	2020	314	12663	  4.2	 18.8	0.554	 1.9	 0.0
1	2020	315	12344	  5.7	 20.0	0.683	 2.4	 0.0
1	2020	316	11771	  7.9	 20.1	0.744	 3.4	 0.0
1	2020	317	11702	  8.7	 20.8	0.920	 2.4	 0.0
1	2020	318	11650	  7.6	 20.0	0.982	 2.1	 0.0
1	2020	319	11454	  8.8	 19.2	1.036	 2.8	 0.0
1	2020	320	10977	  9.0	 19.7	1.192	 2.4	 0.0
1	2020	321	 7145	 10.3	 19.4	1.212	 3.2	 0.0
1	2020	322	 1491	 14.0	 17.4	1.615	 3.7	28.5
1	2020	323	 1301	 10.7	 17.6	1.438	 3.0	23.5
1	2020	324	 9080	  7.9	 15.6	0.929	 3.5	 0.0
1	2020	325	10753	  5.0	 11.3	0.688	 3.8	 0.0
1	2020	326	 1846	  5.0	  7.3	0.789	 3.7	10.0
1	2020	327	 4717	  3.5	  7.2	0.661	 3.8	 0.2
1	2020	328	 3773	  0.1	  4.9	0.497	 1.6	 0.1
1	2020	329	 7888	 -1.6	  6.6	0.545	 1.1	 0.0
1	2020	330	 5638	 -1.1	  7.5	0.627	 1.7	 0.2
1	2020	331	 3272	  4.7	  8.3	0.679	 2.4	 0.0
1	2020	332	 6187	  2.5	  9.1	0.648	 2.8	 0.0
1	2020	333	 4538	  0.1	  5.8	0.513	 1.8	 0.0
1	2020	334	 8992	 -1.0	  9.5	0.642	 1.4	 0.0
1	2020	335	 8410	  0.6	  8.2	0.602	 1.9	 0.0
1	2020	336	 3349	  1.1	  5.6	0.540	 2.6	 0.3
1	2020	337	 5135	 -1.5	  4.9	0.625	 2.1	 0.2
1	2020	338	 9552	  0.2	  5.5	0.455	 2.8	 0.0
1	2020	339	 9754	 -2.2	  6.2	0.461	 1.3	 0.0
1	2020	340	 9928	 -1.0	  7.7	0.442	 2.0	 0.0
1	2020	341	 8769	 -2.1	  9.5	0.561	 1.6	 0.0
1	2020	342	 9504	  1.4	  9.1	0.564	 2.9	 0.1
1	2020	343	 9728	 -2.1	  7.6	0.447	 2.4	 0.0
1	2020	344	 3221	  3.1	  7.7	0.664	 1.8	 0.0
1	2020	345	 8870	  0.1	 10.3	0.717	 1.8	 0.0
1	2020	346	 7998	 -0.8	 10.1	0.605	 1.7	 0.0
1	2020	347	 8871	 -2.0	 10.9	0.591	 2.0	 0.0
1	2020	348	 8203	 -0.8	  4.5	0.269	 5.6	 0.0
1	2020	349	10058	 -5.7	  1.2	0.168	 1.6	 0.0
1	2020	350	10022	 -5.9	  3.4	0.237	 2.1	 0.0
1	2020	351	 9740	 -5.7	  4.7	0.298	 1.6	 0.0
1	2020	352	 8491	 -4.2	  5.6	0.328	 1.9	 0.0
1	2020	353	 8806	 -3.2	  6.1	0.339	 2.8	 0.0
1	2020	354	 9088	 -5.5	  5.0	0.352	 1.6	 0.0
1	2020	355	 9953	 -3.3	  6.6	0.374	 2.1	 0.0
1	2020	356	 9982	 -4.8	  8.1	0.382	 2.3	 0.0
1	2020	357	 9897	 -2.2	 10.2	0.429	 2.7	 0.0
1	2020	358	 9231	 -0.7	 11.2	0.522	 2.3	 0.0
1	2020	359	10005	 -2.9	  9.7	0.378	 2.0	 0.0
1	2020	360	 9467	 -2.4	 10.0	0.479	 2.3	 0.0
1	2020	361	 8227	 -0.9	 10.6	0.583	 2.0	 0.0
1	2020	362	 9877	 -0.5	 12.4	0.641	 1.9	 0.0
1	2020	363	 8368	  1.0	 12.9	0.728	 3.5	 1.7
1	2020	364	 3971	 -6.9	  3.3	0.346	 5.5	 7.1
1	2020	365	10829	 -8.4	 -2.4	0.147	 2.8	 0.0
1	2020	366	10380	 -8.5	  1.2	0.174	 2.2	 0.0
