*------------------------------------------------------------*
*   Country: China
*   Station: 115.8_34.3
*      Year: 2021
*    Origin: AgERA5 dataset
*    Author: Huang Hai, CAU
* Longitude: 115.80 E
*  Latitude: 34.30 N
* Elevation: 45.00 m
*   Columns: 
*   ======== 
*  station number
*  year
*  day
*  irradiation (kJ路m-2路d-1)
*  minimum temperature (degrees Celsius)
*  maximum temperature (degrees Celsius)
*  vapour pressure (kPa)
*  mean wind speed (m路s-1)
*  precipitation (mm路d-1)
** WCCDESCRIPTION=115.8_34.3, China
** WCCFORMAT=2
** WCCYEARNR=2021
*------------------------------------------------------------*
115.80  34.30  45.00  -0.18  -0.55
1	2021	  1	10658	 -5.7	  5.4	0.288	 2.8	 0.0
1	2021	  2	 9017	 -5.0	  7.3	0.463	 2.0	 0.0
1	2021	  3	 6854	 -3.5	  5.7	0.448	 1.9	 0.0
1	2021	  4	 8856	 -4.4	  6.9	0.501	 2.5	 0.0
1	2021	  5	 4870	 -4.7	  2.2	0.361	 2.5	 0.1
1	2021	  6	10632	 -7.0	  2.7	0.245	 3.8	 0.0
1	2021	  7	11423	-12.4	 -5.7	0.080	 2.8	 0.0
1	2021	  8	11398	 -9.1	  0.3	0.138	 2.8	 0.0
1	2021	  9	11375	 -8.2	  2.7	0.167	 2.1	 0.0
1	2021	 10	 9997	 -6.3	  4.3	0.210	 1.9	 0.0
1	2021	 11	11443	 -4.6	  4.1	0.205	 3.7	 0.0
1	2021	 12	11424	 -3.5	 10.1	0.295	 4.1	 0.0
1	2021	 13	11411	  0.5	 13.7	0.436	 2.9	 0.0
1	2021	 14	11299	 -1.2	 15.0	0.554	 3.3	 0.0
1	2021	 15	 8879	  0.4	  9.5	0.398	 3.8	 0.0
1	2021	 16	 9762	 -3.7	  3.8	0.353	 1.7	 0.0
1	2021	 17	12017	 -4.2	  5.8	0.276	 3.5	 0.0
1	2021	 18	12111	 -2.8	 10.2	0.393	 2.6	 0.0
1	2021	 19	11929	 -0.9	 11.1	0.434	 3.8	 0.0
1	2021	 20	10080	 -1.7	 10.2	0.571	 1.5	 0.0
1	2021	 21	 5961	  0.8	  9.6	0.652	 1.5	 0.0
1	2021	 22	 8232	 -0.7	  9.4	0.691	 2.0	 0.0
1	2021	 23	12124	  0.5	  9.1	0.556	 1.8	 0.0
1	2021	 24	 8398	 -1.8	  8.2	0.582	 2.4	 0.0
1	2021	 25	 1133	  2.6	  5.0	0.751	 2.8	 5.1
1	2021	 26	12296	 -1.3	 10.2	0.595	 2.8	 0.0
1	2021	 27	 9084	 -1.2	  9.7	0.682	 2.7	 0.0
1	2021	 28	13485	 -1.8	  7.2	0.270	 3.3	 0.0
1	2021	 29	12975	 -2.5	 12.0	0.428	 3.9	 0.0
1	2021	 30	12501	 -1.5	 14.0	0.520	 2.0	 0.0
1	2021	 31	12948	  0.1	 14.9	0.526	 2.8	 0.0
1	2021	 32	13008	  1.7	 13.8	0.475	 3.1	 0.0
1	2021	 33	13648	 -2.1	  8.9	0.413	 2.6	 0.0
1	2021	 34	13424	  0.4	 14.9	0.558	 3.1	 0.0
1	2021	 35	13766	 -0.7	 11.9	0.417	 2.7	 0.0
1	2021	 36	13498	  4.7	 15.8	0.567	 3.9	 0.0
1	2021	 37	13658	  3.8	 18.4	0.700	 3.4	 0.0
1	2021	 38	13258	  3.8	 12.6	0.600	 4.6	 0.0
1	2021	 39	12660	  0.1	  8.6	0.327	 2.6	 0.0
1	2021	 40	14372	 -0.9	 11.9	0.486	 3.0	 0.0
1	2021	 41	13255	  0.7	 14.9	0.657	 1.8	 0.0
1	2021	 42	14587	  0.6	 16.0	0.838	 2.8	 0.0
1	2021	 43	14265	  5.1	 16.7	0.996	 3.0	 0.0
1	2021	 44	 8817	  6.4	 16.2	1.022	 2.1	 0.0
1	2021	 45	11655	  7.6	 17.7	1.147	 2.6	10.3
1	2021	 46	11354	  2.4	  8.5	0.606	 3.4	 0.1
1	2021	 47	15798	  1.3	 12.9	0.515	 3.4	 0.0
1	2021	 48	15972	 -2.3	  8.2	0.300	 2.3	 0.0
1	2021	 49	15538	 -2.2	 12.7	0.487	 2.9	 0.0
1	2021	 50	16189	  5.2	 20.9	0.644	 4.7	 0.0
1	2021	 51	16655	  6.5	 22.7	0.610	 4.4	 0.0
1	2021	 52	16432	 11.2	 25.1	0.898	 4.7	 0.0
1	2021	 53	16568	  7.1	 17.8	0.618	 4.6	 0.0
1	2021	 54	14809	  3.9	 12.4	0.460	 5.1	 0.0
1	2021	 55	 4523	  3.1	  8.0	0.633	 4.6	 4.4
1	2021	 56	 2956	  1.1	  5.1	0.717	 4.5	12.5
1	2021	 57	10617	  3.1	 10.1	0.647	 3.4	 0.1
1	2021	 58	12561	  4.1	 12.5	0.668	 2.5	 0.0
1	2021	 59	 2095	  7.4	 10.9	1.077	 3.0	11.6
1	2021	 60	 8552	  0.0	  8.8	0.722	 4.8	 3.6
1	2021	 61	18027	 -2.8	 11.4	0.639	 2.4	 0.0
1	2021	 62	16439	  3.6	 14.1	0.701	 3.6	 0.0
1	2021	 63	18076	  3.6	 17.7	0.927	 3.2	 0.0
1	2021	 64	14265	  7.6	 17.8	0.945	 2.8	 0.0
1	2021	 65	10548	  2.7	 11.3	0.557	 5.0	 0.1
1	2021	 66	16073	  1.0	  9.7	0.530	 1.5	 0.0
1	2021	 67	13999	  1.8	 12.9	0.744	 1.9	 1.5
1	2021	 68	 7671	  5.9	 12.3	0.969	 1.3	 0.6
1	2021	 69	10898	  5.4	 14.0	0.969	 2.2	 0.0
1	2021	 70	 4120	  8.2	 11.7	1.023	 1.8	 8.2
1	2021	 71	17682	  2.8	 14.6	0.919	 1.9	 0.0
1	2021	 72	11158	  7.2	 14.0	0.950	 1.7	 0.0
1	2021	 73	15165	  7.6	 17.6	1.120	 3.4	 0.1
1	2021	 74	10240	 12.7	 20.4	1.451	 3.2	 3.0
1	2021	 75	21116	  6.5	 15.9	0.602	 3.4	 0.0
1	2021	 76	18963	  4.4	 15.3	0.528	 2.9	 0.0
1	2021	 77	 6669	  7.5	 11.6	0.622	 3.6	 0.4
1	2021	 78	 3920	  6.2	  9.9	0.756	 2.6	 3.1
1	2021	 79	15364	  3.0	 13.7	0.842	 2.8	 0.4
1	2021	 80	21396	  5.4	 12.1	0.413	 3.6	 0.0
1	2021	 81	22260	  2.1	 16.2	0.494	 3.2	 0.0
1	2021	 82	19046	  5.7	 18.5	0.714	 4.7	 0.0
1	2021	 83	21491	  7.4	 21.1	0.994	 3.0	 0.0
1	2021	 84	21163	  7.1	 22.0	0.962	 3.1	 0.0
1	2021	 85	 8674	  9.6	 18.9	1.200	 1.8	 3.4
1	2021	 86	14311	  8.7	 19.4	1.347	 2.2	 0.8
1	2021	 87	22038	 11.5	 25.4	1.413	 3.6	 0.0
1	2021	 88	18802	 12.4	 20.6	0.875	 4.1	 0.0
1	2021	 89	21542	  8.7	 21.4	0.642	 3.8	 0.0
1	2021	 90	 4063	  9.0	 14.4	0.906	 3.9	11.9
1	2021	 91	 5688	 10.4	 14.3	1.011	 3.8	 0.2
1	2021	 92	 2614	 10.1	 12.5	1.206	 3.3	 3.4
1	2021	 93	 5021	  8.0	 12.3	1.001	 5.0	 2.5
1	2021	 94	23629	  3.2	 16.4	0.572	 2.7	 0.0
1	2021	 95	14910	  4.1	 16.9	0.722	 2.6	 0.0
1	2021	 96	21482	  5.4	 18.3	0.810	 1.1	 0.0
1	2021	 97	12374	  9.3	 18.2	1.020	 1.8	 0.0
1	2021	 98	22826	  6.0	 20.1	1.039	 1.9	 0.0
1	2021	 99	21208	  6.7	 20.4	0.955	 2.5	 0.0
1	2021	100	23457	  8.8	 20.4	0.762	 3.4	 0.0
1	2021	101	 7320	 11.1	 16.4	1.224	 3.0	 0.4
1	2021	102	20520	 10.2	 22.3	1.332	 2.0	 0.0
1	2021	103	17233	 12.3	 18.9	1.036	 3.3	 0.0
1	2021	104	22932	  9.4	 19.5	0.908	 2.4	 0.0
1	2021	105	20471	 10.3	 23.4	1.209	 4.2	 0.0
1	2021	106	22481	 12.0	 22.3	0.543	 3.5	 0.0
1	2021	107	26164	  7.3	 19.2	0.436	 3.3	 0.0
1	2021	108	23676	  6.9	 21.5	0.588	 3.2	 0.0
1	2021	109	25363	  8.4	 24.7	0.824	 2.9	 0.0
1	2021	110	 3123	 13.5	 16.1	1.339	 3.2	13.0
1	2021	111	 2990	 12.2	 15.2	1.465	 2.9	 9.6
1	2021	112	10038	 13.0	 19.1	1.457	 2.8	 4.6
1	2021	113	20844	 10.3	 21.1	1.306	 3.9	 0.2
1	2021	114	 9129	 11.7	 18.1	1.261	 4.1	 0.1
1	2021	115	 6210	 12.7	 15.8	1.260	 3.2	 0.8
1	2021	116	11106	 10.8	 18.3	1.328	 1.9	 0.1
1	2021	117	24853	 10.7	 23.9	1.087	 2.7	 0.0
1	2021	118	24691	 14.6	 23.4	0.822	 3.9	 0.0
1	2021	119	23306	 13.1	 28.4	0.864	 5.5	 0.0
1	2021	120	24082	 11.5	 28.7	0.982	 4.5	 0.2
1	2021	121	26404	  9.2	 24.7	0.895	 2.5	 0.0
1	2021	122	23497	 12.0	 22.0	0.608	 4.1	 0.0
1	2021	123	 9645	 13.9	 19.2	1.263	 2.8	18.2
1	2021	124	25351	 11.4	 23.9	1.177	 4.0	 0.3
1	2021	125	26460	 11.6	 26.5	0.954	 3.2	 0.0
1	2021	126	24165	 14.9	 28.6	1.432	 5.9	 0.0
1	2021	127	25074	 16.5	 25.0	0.863	 3.8	 0.0
1	2021	128	27269	 14.5	 31.4	1.545	 3.9	 0.0
1	2021	129	25609	 18.5	 31.6	2.129	 3.5	 0.0
1	2021	130	24348	 19.1	 31.7	1.949	 3.1	 0.0
1	2021	131	22388	 16.6	 25.8	1.515	 3.1	 0.2
1	2021	132	25717	 14.7	 27.1	1.695	 2.0	 0.0
1	2021	133	11095	 16.8	 24.7	2.045	 2.9	 0.7
1	2021	134	 7057	 18.8	 23.5	2.236	 3.0	13.7
1	2021	135	 6037	 18.8	 22.2	2.248	 3.4	28.2
1	2021	136	 6163	 11.4	 19.5	1.229	 5.1	 9.1
1	2021	137	21722	 11.3	 23.0	1.289	 2.1	 0.0
1	2021	138	26070	 11.1	 24.5	1.490	 2.5	 0.0
1	2021	139	11603	 13.4	 22.3	1.703	 2.3	 0.1
1	2021	140	22031	 15.4	 25.4	1.749	 3.1	 0.0
1	2021	141	24495	 16.7	 27.9	1.997	 2.9	 0.1
1	2021	142	24791	 18.3	 29.6	2.113	 2.6	 0.0
1	2021	143	 7412	 16.6	 22.7	1.867	 2.9	 2.6
1	2021	144	28202	 14.4	 29.5	1.391	 4.0	 0.0
1	2021	145	22886	 16.7	 27.6	1.235	 4.1	 0.0
1	2021	146	21975	 19.2	 27.2	1.708	 4.6	 0.0
1	2021	147	27546	 15.1	 31.7	1.739	 4.8	 0.0
1	2021	148	29315	 20.6	 29.5	1.017	 3.7	 0.0
1	2021	149	26592	 19.1	 33.1	1.923	 4.1	 0.0
1	2021	150	27316	 19.0	 32.1	2.139	 1.6	 0.0
1	2021	151	26068	 20.2	 33.8	2.148	 2.5	 0.0
1	2021	152	20718	 21.8	 32.4	2.096	 2.5	 0.2
1	2021	153	23581	 23.0	 33.5	2.204	 2.7	 0.7
1	2021	154	 7538	 17.3	 25.8	1.781	 3.0	 5.8
1	2021	155	29367	 15.9	 32.5	1.132	 3.9	 0.0
1	2021	156	28272	 20.9	 36.1	1.331	 3.9	 0.1
1	2021	157	27513	 21.5	 36.2	1.670	 4.3	 0.0
1	2021	158	23521	 23.4	 37.9	1.234	 4.1	 0.0
1	2021	159	26053	 23.3	 36.5	1.488	 2.7	 0.0
1	2021	160	19316	 23.4	 33.5	2.014	 2.6	 0.0
1	2021	161	21597	 23.7	 33.0	2.088	 2.1	 0.0
1	2021	162	23901	 22.8	 34.0	2.051	 2.3	 0.0
1	2021	163	22151	 25.3	 36.1	2.241	 3.2	 0.0
1	2021	164	11227	 24.5	 29.3	2.851	 2.7	 6.4
1	2021	165	 9564	 23.9	 31.7	3.135	 3.1	64.9
1	2021	166	17908	 24.5	 31.0	2.871	 3.5	 6.0
1	2021	167	10198	 21.9	 28.6	2.436	 2.6	 0.6
1	2021	168	 9882	 22.5	 27.6	2.561	 2.1	 4.1
1	2021	169	11101	 18.4	 25.7	1.965	 2.5	 0.2
1	2021	170	23277	 16.1	 29.8	1.908	 2.5	 0.0
1	2021	171	26908	 18.9	 31.6	1.967	 2.7	 0.0
1	2021	172	27746	 19.2	 32.4	2.080	 2.2	 0.0
1	2021	173	28015	 20.9	 33.4	2.119	 1.7	 0.0
1	2021	174	27049	 20.7	 34.0	1.823	 2.3	 0.0
1	2021	175	24896	 22.2	 33.7	1.973	 2.6	 0.0
1	2021	176	 9639	 23.4	 28.3	2.419	 2.6	 2.0
1	2021	177	22700	 20.7	 32.6	2.507	 2.2	 0.0
1	2021	178	25395	 21.1	 33.6	2.605	 2.2	 0.0
1	2021	179	25152	 22.8	 34.2	2.665	 1.9	 0.0
1	2021	180	23332	 24.7	 34.3	2.585	 2.0	 0.5
1	2021	181	25466	 25.2	 35.7	2.511	 3.3	 0.7
1	2021	182	22416	 23.2	 33.9	2.425	 2.7	 0.6
1	2021	183	21332	 24.4	 33.3	2.505	 3.4	 1.6
1	2021	184	25401	 22.1	 31.9	2.259	 3.0	 9.4
1	2021	185	23165	 22.9	 32.6	2.462	 3.0	 0.0
1	2021	186	19740	 22.3	 30.5	2.537	 2.2	 2.1
1	2021	187	12422	 22.9	 29.3	2.888	 2.1	 1.9
1	2021	188	10483	 24.1	 29.9	3.017	 1.7	 0.5
1	2021	189	24793	 22.7	 33.6	2.841	 2.3	 0.0
1	2021	190	25903	 23.8	 35.0	3.012	 3.2	 0.2
1	2021	191	23414	 25.7	 35.4	3.208	 3.8	 0.4
1	2021	192	11096	 28.1	 34.0	3.090	 5.4	 0.4
1	2021	193	17782	 25.5	 32.0	3.055	 6.0	21.7
1	2021	194	18951	 26.6	 34.3	3.100	 5.1	 0.2
1	2021	195	23571	 27.0	 34.8	3.148	 3.7	 5.9
1	2021	196	15168	 25.2	 32.6	2.936	 2.1	22.1
1	2021	197	 8580	 24.5	 26.7	2.960	 1.8	54.3
1	2021	198	14042	 24.0	 28.7	2.884	 3.0	 9.6
1	2021	199	15268	 23.7	 29.7	2.959	 4.4	18.3
1	2021	200	16857	 23.8	 30.8	2.929	 4.1	 2.2
1	2021	201	 7350	 24.7	 30.0	3.143	 4.2	 8.4
1	2021	202	 7238	 25.4	 29.3	3.023	 4.3	 2.4
1	2021	203	12710	 24.4	 29.2	2.794	 3.6	 0.1
1	2021	204	16610	 24.0	 29.9	3.025	 3.0	 2.4
1	2021	205	22254	 24.0	 30.9	2.834	 2.6	 0.2
1	2021	206	22580	 23.4	 31.8	2.865	 1.7	 0.0
1	2021	207	20145	 23.8	 31.0	2.946	 3.3	 0.3
1	2021	208	14237	 24.5	 30.9	3.018	 5.0	12.2
1	2021	209	 3855	 22.7	 24.5	2.757	 8.7	161.5
1	2021	210	 6529	 21.5	 24.8	2.434	 5.6	 9.6
1	2021	211	23268	 20.2	 31.5	2.850	 2.2	 0.2
1	2021	212	24834	 24.6	 33.9	3.347	 2.5	 0.5
1	2021	213	22550	 24.4	 33.6	3.011	 2.5	 6.7
1	2021	214	22904	 23.7	 31.4	2.756	 2.5	 2.2
1	2021	215	20698	 23.0	 30.5	2.929	 2.2	 2.5
1	2021	216	21335	 23.7	 31.6	3.148	 2.1	 0.6
1	2021	217	16108	 25.1	 31.5	3.180	 1.6	11.0
1	2021	218	21138	 23.6	 31.8	3.070	 2.0	 2.7
1	2021	219	21838	 23.9	 32.1	2.986	 1.8	 0.1
1	2021	220	23137	 22.4	 31.9	2.876	 1.2	 0.0
1	2021	221	19892	 23.7	 31.4	2.930	 1.8	 0.6
1	2021	222	18235	 20.9	 30.8	2.699	 1.5	 0.0
1	2021	223	16045	 22.8	 30.4	2.906	 2.4	 0.0
1	2021	224	12910	 24.3	 29.8	2.904	 2.6	 0.3
1	2021	225	 8524	 21.8	 25.7	2.581	 1.3	 7.0
1	2021	226	21753	 20.2	 28.8	2.468	 2.0	 0.1
1	2021	227	22336	 20.5	 29.4	2.471	 2.0	 0.0
1	2021	228	16732	 23.2	 29.3	2.806	 1.7	 1.5
1	2021	229	20910	 21.6	 30.1	2.749	 1.1	 0.1
1	2021	230	21434	 22.7	 30.4	2.693	 2.1	 0.2
1	2021	231	19764	 22.9	 30.8	2.745	 3.0	 0.2
1	2021	232	12346	 22.3	 28.9	2.742	 3.8	11.6
1	2021	233	21565	 19.4	 30.1	2.594	 1.4	 0.0
1	2021	234	 5902	 23.0	 27.5	2.871	 3.4	 9.8
1	2021	235	10704	 23.3	 28.0	2.633	 3.8	42.7
1	2021	236	21179	 21.6	 30.5	2.536	 2.5	 0.0
1	2021	237	21723	 19.6	 30.5	2.147	 2.9	 0.0
1	2021	238	 7994	 19.9	 25.0	2.132	 2.7	 6.3
1	2021	239	 6142	 18.8	 21.8	2.137	 1.3	 6.7
1	2021	240	 9537	 17.7	 24.6	2.379	 1.3	 6.1
1	2021	241	 3988	 20.9	 23.6	2.637	 2.7	15.1
1	2021	242	 5422	 21.8	 26.5	2.826	 2.4	33.7
1	2021	243	13031	 21.7	 27.1	2.771	 3.1	 0.5
1	2021	244	 6002	 20.2	 23.4	2.377	 2.5	 6.6
1	2021	245	12282	 20.3	 26.6	2.448	 1.9	 0.9
1	2021	246	17072	 18.8	 28.0	2.443	 2.3	 0.0
1	2021	247	 1816	 20.8	 23.3	2.480	 3.3	67.1
1	2021	248	 8175	 19.2	 23.6	2.235	 3.9	 0.4
1	2021	249	 5290	 20.4	 23.5	2.334	 3.7	 2.3
1	2021	250	16800	 17.4	 25.5	2.069	 2.1	 0.0
1	2021	251	22096	 15.8	 27.4	2.071	 2.4	 0.0
1	2021	252	20848	 19.3	 29.3	2.369	 3.2	 0.0
1	2021	253	21592	 20.6	 30.9	2.634	 2.5	 0.0
1	2021	254	21816	 20.4	 31.5	2.532	 2.2	 0.0
1	2021	255	21236	 21.2	 30.6	2.515	 2.5	 0.0
1	2021	256	21173	 18.9	 29.0	2.252	 2.6	 0.0
1	2021	257	20633	 17.6	 29.8	2.283	 2.1	 0.0
1	2021	258	19752	 19.7	 29.0	2.105	 1.8	 0.0
1	2021	259	19520	 18.3	 29.3	2.132	 2.1	 0.0
1	2021	260	10348	 21.2	 26.8	2.252	 3.0	 0.1
1	2021	261	 6750	 21.3	 26.3	2.414	 3.0	 3.7
1	2021	262	 8225	 17.0	 26.5	2.271	 3.9	32.4
1	2021	263	11138	 16.8	 24.8	1.878	 3.9	 2.2
1	2021	264	20425	 20.4	 29.7	2.091	 3.5	 0.0
1	2021	265	18729	 19.8	 30.7	2.439	 2.1	 0.0
1	2021	266	19066	 20.9	 31.4	2.345	 3.1	 0.0
1	2021	267	 7705	 22.8	 28.9	2.402	 4.6	10.4
1	2021	268	 3607	 21.1	 25.2	2.421	 4.0	38.2
1	2021	269	 9002	 20.4	 25.3	2.472	 2.3	14.0
1	2021	270	 6812	 19.8	 23.8	2.195	 2.8	 0.3
1	2021	271	 5200	 17.6	 22.4	2.141	 2.6	 8.6
1	2021	272	19184	 13.7	 25.6	1.839	 1.5	 0.1
1	2021	273	18907	 16.4	 27.6	1.984	 3.1	 0.0
1	2021	274	17497	 18.4	 28.2	2.328	 1.9	 0.0
1	2021	275	17516	 19.5	 30.0	2.354	 2.9	 0.0
1	2021	276	14719	 21.9	 31.7	2.475	 3.8	 0.0
1	2021	277	13602	 18.6	 30.0	2.401	 4.0	 2.1
1	2021	278	 5495	 15.1	 18.5	1.566	 5.4	 1.1
1	2021	279	 2684	 13.1	 16.5	1.482	 4.6	 3.1
1	2021	280	 2741	 12.7	 14.3	1.356	 4.1	 0.6
1	2021	281	 3317	 13.4	 17.2	1.561	 2.8	 0.3
1	2021	282	 7328	 15.5	 23.2	1.860	 2.8	 3.5
1	2021	283	 4113	 15.0	 18.0	1.117	 5.3	 3.8
1	2021	284	 9106	 13.4	 17.8	0.863	 3.4	 0.1
1	2021	285	15515	 13.4	 20.3	1.011	 2.8	 0.0
1	2021	286	16388	 11.5	 22.4	1.230	 1.9	 0.0
1	2021	287	13078	 14.0	 24.1	1.401	 3.6	 0.0
1	2021	288	 3575	 14.7	 17.9	1.600	 3.3	 2.6
1	2021	289	10685	  6.9	 15.7	0.717	 4.9	 0.3
1	2021	290	16926	  3.5	 13.9	0.545	 2.0	 0.0
1	2021	291	15762	  7.2	 17.9	0.831	 2.9	 0.0
1	2021	292	 8827	  9.0	 16.6	1.010	 2.9	 0.0
1	2021	293	 5992	 10.2	 13.2	0.975	 1.9	 0.1
1	2021	294	12775	  9.3	 16.9	1.077	 2.1	 0.1
1	2021	295	15511	  5.3	 18.5	0.874	 1.8	 0.0
1	2021	296	14265	  6.3	 18.4	0.892	 1.6	 0.0
1	2021	297	12502	  6.9	 18.4	0.918	 1.7	 0.2
1	2021	298	14996	  6.0	 19.6	0.978	 2.1	 0.0
1	2021	299	12544	  8.2	 20.4	1.129	 1.4	 0.0
1	2021	300	12409	  9.5	 20.2	1.221	 2.0	 0.0
1	2021	301	12350	 11.2	 21.2	1.237	 1.7	 0.0
1	2021	302	11732	 10.4	 21.2	1.254	 2.3	 0.0
1	2021	303	13851	 10.5	 22.5	1.267	 2.4	 0.0
1	2021	304	10565	 10.8	 22.1	1.298	 2.2	 0.0
1	2021	305	 9119	 11.2	 18.5	1.231	 3.0	 0.0
1	2021	306	 8405	 11.2	 19.2	1.290	 2.3	 0.3
1	2021	307	11581	  9.6	 20.6	1.260	 1.7	 0.1
1	2021	308	10365	  9.4	 21.1	1.266	 2.4	 0.0
1	2021	309	 8036	 12.6	 20.6	1.544	 2.7	 0.1
1	2021	310	 2964	 15.3	 18.2	1.718	 2.3	 1.9
1	2021	311	 2388	  0.4	 15.7	0.675	 6.5	23.1
1	2021	312	13615	 -0.5	  8.8	0.396	 3.0	 0.0
1	2021	313	13093	  0.5	 12.7	0.474	 3.1	 0.0
1	2021	314	12669	  3.4	 14.1	0.523	 2.8	 0.0
1	2021	315	12656	  4.5	 14.7	0.543	 2.5	 0.0
1	2021	316	12375	  3.1	 15.3	0.640	 2.2	 0.0
1	2021	317	12495	  3.3	 15.9	0.579	 2.9	 0.0
1	2021	318	12308	  2.5	 16.9	0.643	 2.2	 0.0
1	2021	319	11315	  6.7	 17.9	0.796	 1.7	 0.0
1	2021	320	11442	  5.9	 17.3	0.921	 2.4	 0.0
1	2021	321	 8060	  7.6	 17.7	1.031	 2.6	 0.0
1	2021	322	11524	  7.5	 19.0	0.968	 3.4	 0.0
1	2021	323	11061	  7.1	 18.7	1.098	 1.9	 0.0
1	2021	324	 6336	  7.8	 17.0	1.183	 3.1	 3.1
1	2021	325	 6539	  5.6	 13.0	0.698	 4.2	 0.0
1	2021	326	11878	 -1.5	  6.3	0.207	 3.2	 0.0
1	2021	327	11497	 -1.9	 10.2	0.327	 2.9	 0.0
1	2021	328	11210	  3.0	 15.6	0.500	 3.4	 0.0
1	2021	329	11158	  0.1	 15.6	0.534	 1.6	 0.0
1	2021	330	10835	  0.6	 15.7	0.588	 2.0	 0.0
1	2021	331	10486	  3.3	 14.3	0.734	 3.0	 0.0
1	2021	332	 8089	  5.3	 14.2	0.899	 2.4	 0.0
1	2021	333	 7436	  3.8	 14.5	0.930	 3.0	 2.6
1	2021	334	10800	 -1.1	  8.6	0.451	 3.7	 0.0
1	2021	335	10742	 -3.3	  8.8	0.319	 1.8	 0.0
1	2021	336	10675	 -0.3	 11.9	0.369	 3.2	 0.0
1	2021	337	10512	  0.5	 12.6	0.421	 2.0	 0.0
1	2021	338	10189	  0.0	 14.1	0.463	 2.2	 0.0
1	2021	339	10333	  0.9	 14.5	0.510	 2.6	 0.0
1	2021	340	10131	  2.3	 13.1	0.510	 3.8	 0.0
1	2021	341	 8644	  1.9	 10.6	0.556	 2.8	 0.0
1	2021	342	 6942	  2.9	 11.5	0.669	 2.0	 0.0
1	2021	343	 9666	  2.3	 13.3	0.799	 1.8	 0.0
1	2021	344	 8725	  1.2	 14.0	0.802	 2.0	 0.0
1	2021	345	 3880	  6.6	 11.2	0.831	 1.5	 0.4
1	2021	346	 7394	 -0.1	  8.3	0.539	 3.2	 0.0
1	2021	347	 9842	 -2.3	  9.1	0.478	 2.7	 0.0
1	2021	348	 9580	  3.4	 13.0	0.801	 3.4	 0.0
1	2021	349	 7636	  1.4	 13.3	0.891	 1.5	 0.0
1	2021	350	 8148	  2.4	 12.4	0.604	 3.3	 0.0
1	2021	351	 9883	 -4.4	  3.5	0.283	 3.4	 0.0
1	2021	352	 8891	 -4.5	  8.4	0.292	 3.3	 0.0
1	2021	353	 9891	 -1.7	 12.2	0.410	 3.3	 0.0
1	2021	354	 9841	  2.9	 14.4	0.507	 3.5	 0.0
1	2021	355	 9998	 -0.5	 13.5	0.529	 1.8	 0.0
1	2021	356	 9819	 -1.0	 13.4	0.648	 2.0	 0.0
1	2021	357	 6681	  0.3	  9.5	0.761	 2.9	 0.1
1	2021	358	 4028	 -3.8	  6.1	0.493	 5.3	 0.4
1	2021	359	 9724	 -6.8	 -1.6	0.200	 3.9	 0.0
1	2021	360	10459	 -8.0	 -0.8	0.189	 2.1	 0.0
1	2021	361	10374	 -6.7	  3.7	0.245	 2.5	 0.0
1	2021	362	10015	 -3.5	  7.0	0.319	 3.5	 0.0
1	2021	363	10449	 -3.4	  7.6	0.249	 3.0	 0.0
1	2021	364	10267	 -4.4	  8.2	0.310	 1.7	 0.0
1	2021	365	 7354	 -3.7	  7.9	0.367	 2.2	 0.0
