*------------------------------------------------------------*
*   Country: China
*   Station: 115.1_34.4
*      Year: 2020
*    Origin: AgERA5 dataset
*    Author: Huang Hai, CAU
* Longitude: 115.10 E
*  Latitude: 34.40 N
* Elevation: 54.00 m
*   Columns: 
*   ======== 
*  station number
*  year
*  day
*  irradiation (kJ路m-2路d-1)
*  minimum temperature (degrees Celsius)
*  maximum temperature (degrees Celsius)
*  vapour pressure (kPa)
*  mean wind speed (m路s-1)
*  precipitation (mm路d-1)
** WCCDESCRIPTION=115.1_34.4, China
** WCCFORMAT=2
** WCCYEARNR=2020
*------------------------------------------------------------*
115.10  34.40  54.00  -0.18  -0.55
1	2020	  1	 7877	 -4.0	  5.8	0.369	 1.6	 0.1
1	2020	  2	 2997	  2.3	  5.6	0.521	 0.9	 0.0
1	2020	  3	 6582	  1.0	  9.2	0.563	 1.3	 0.0
1	2020	  4	 9687	 -0.9	 11.6	0.658	 1.9	 0.0
1	2020	  5	  284	  2.9	  5.9	0.790	 4.3	21.5
1	2020	  6	  913	  0.9	  2.8	0.680	 4.1	16.0
1	2020	  7	 2424	 -1.9	  1.1	0.622	 4.7	12.8
1	2020	  8	 6964	 -4.9	  4.5	0.501	 1.4	 0.0
1	2020	  9	 6688	 -0.9	  5.6	0.515	 1.6	 0.0
1	2020	 10	 4941	 -0.8	  5.8	0.604	 1.4	 0.0
1	2020	 11	 6590	 -1.9	  5.5	0.600	 2.0	 0.0
1	2020	 12	 7186	 -4.7	  5.6	0.580	 1.3	 0.3
1	2020	 13	 5395	 -2.0	  5.6	0.601	 2.1	 0.2
1	2020	 14	11534	 -5.2	  4.4	0.393	 2.1	 0.0
1	2020	 15	 4646	 -4.1	  2.4	0.410	 2.3	 1.0
1	2020	 16	 7102	 -1.4	  4.1	0.529	 1.9	 0.2
1	2020	 17	 9830	 -3.9	  6.5	0.578	 2.0	 0.0
1	2020	 18	 9723	 -4.2	  7.9	0.604	 2.3	 0.0
1	2020	 19	12183	 -1.8	  8.4	0.428	 2.4	 0.0
1	2020	 20	10097	 -3.1	  8.6	0.484	 2.2	 0.0
1	2020	 21	 5814	 -2.5	  7.9	0.574	 2.1	 0.0
1	2020	 22	 8439	 -2.8	  8.4	0.658	 1.1	 0.0
1	2020	 23	 7194	 -0.4	  9.4	0.705	 1.8	 0.0
1	2020	 24	 5014	  2.6	  7.4	0.709	 3.2	 1.2
1	2020	 25	 7303	  1.1	  7.3	0.598	 1.8	 0.7
1	2020	 26	 3764	  0.5	  3.2	0.617	 2.8	 3.8
1	2020	 27	11499	 -1.5	  6.8	0.535	 2.4	 0.1
1	2020	 28	11773	 -4.1	  8.8	0.527	 1.7	 0.0
1	2020	 29	11857	 -3.0	  9.2	0.544	 1.9	 0.0
1	2020	 30	12990	 -4.0	  9.4	0.533	 1.7	 0.0
1	2020	 31	13256	 -1.5	 12.4	0.597	 2.7	 0.0
1	2020	 32	 9835	 -0.2	 11.8	0.628	 1.7	 0.0
1	2020	 33	11929	  1.4	 11.6	0.601	 2.2	 0.0
1	2020	 34	13518	  0.0	  9.5	0.511	 2.9	 0.0
1	2020	 35	13382	  0.4	 12.4	0.623	 3.3	 0.0
1	2020	 36	 3700	  1.0	  3.8	0.529	 4.2	 0.7
1	2020	 37	 5744	 -0.5	  4.1	0.559	 3.3	 2.4
1	2020	 38	11218	 -1.1	  7.8	0.649	 1.4	 0.0
1	2020	 39	11567	 -1.7	 10.5	0.674	 2.1	 0.0
1	2020	 40	14620	  0.5	 15.0	0.661	 3.5	 0.0
1	2020	 41	14530	  3.1	 16.1	0.741	 3.4	 0.0
1	2020	 42	14257	  5.6	 15.0	0.842	 2.5	 0.0
1	2020	 43	14591	  2.6	 16.9	0.966	 2.9	 0.0
1	2020	 44	11589	  6.2	 18.3	1.185	 3.4	 0.2
1	2020	 45	 4409	  2.0	 13.8	1.025	 4.6	 0.8
1	2020	 46	 4146	 -1.9	  3.2	0.448	 3.8	 4.4
1	2020	 47	16215	 -3.3	  6.5	0.276	 2.8	 0.0
1	2020	 48	16408	 -3.6	  9.0	0.309	 2.3	 0.0
1	2020	 49	16200	 -1.2	 13.5	0.395	 3.7	 0.0
1	2020	 50	11492	  2.5	 13.1	0.558	 2.8	 0.0
1	2020	 51	13432	  0.6	 15.4	0.679	 2.0	 0.0
1	2020	 52	16037	  5.4	 15.2	0.605	 3.1	 0.1
1	2020	 53	16793	  1.1	 13.5	0.394	 2.3	 0.0
1	2020	 54	16392	  4.6	 18.1	0.714	 4.0	 0.0
1	2020	 55	 7146	  9.7	 18.6	1.081	 3.0	 2.8
1	2020	 56	14532	  6.6	 15.2	0.942	 3.6	 0.0
1	2020	 57	 3876	  8.2	 10.9	0.912	 3.4	 0.4
1	2020	 58	 5104	  2.8	  8.5	0.577	 3.1	 7.8
1	2020	 59	11557	  0.8	  8.8	0.709	 1.7	 5.2
1	2020	 60	15453	  1.2	 13.0	0.819	 1.9	 0.0
1	2020	 61	 8100	  3.2	 12.0	0.823	 2.5	 0.2
1	2020	 62	10808	  2.5	 10.6	0.626	 2.4	 0.0
1	2020	 63	14530	 -0.4	 12.3	0.490	 2.7	 0.0
1	2020	 64	18677	 -0.6	 11.9	0.421	 2.5	 0.0
1	2020	 65	17999	  1.0	 14.0	0.552	 4.0	 0.0
1	2020	 66	12470	  3.6	 16.1	0.811	 3.4	 0.0
1	2020	 67	19050	  6.0	 17.6	0.868	 2.8	 0.0
1	2020	 68	16291	  7.9	 17.6	1.008	 3.5	 0.1
1	2020	 69	 4569	  7.0	 12.4	0.972	 3.5	 1.5
1	2020	 70	17053	  2.6	 14.3	0.680	 2.1	 0.0
1	2020	 71	19622	  2.7	 18.6	0.698	 3.7	 0.0
1	2020	 72	17091	  7.3	 19.4	0.888	 3.1	 0.0
1	2020	 73	13063	  5.2	 12.6	0.691	 4.1	 0.0
1	2020	 74	20990	  3.2	 16.8	0.492	 3.6	 0.0
1	2020	 75	20513	  4.7	 19.9	0.413	 2.1	 0.0
1	2020	 76	13338	  7.9	 18.4	0.772	 3.2	 0.0
1	2020	 77	20731	  8.8	 23.5	0.711	 2.8	 0.0
1	2020	 78	21291	 10.0	 26.0	0.710	 4.6	 0.0
1	2020	 79	21934	  6.8	 19.2	0.338	 2.9	 0.0
1	2020	 80	21263	  8.3	 26.1	0.760	 4.5	 0.0
1	2020	 81	18875	 12.9	 28.0	1.076	 3.6	 0.0
1	2020	 82	20977	 11.3	 21.5	0.651	 3.8	 0.0
1	2020	 83	21500	  8.6	 23.3	0.707	 3.1	 0.0
1	2020	 84	20144	 11.5	 23.9	0.832	 3.6	 0.0
1	2020	 85	 8552	 13.1	 19.7	1.478	 2.8	10.1
1	2020	 86	 6577	  7.5	 19.6	1.175	 5.6	 1.2
1	2020	 87	10520	  7.3	 12.4	0.400	 4.0	 0.0
1	2020	 88	22538	  4.3	 14.7	0.432	 2.6	 0.0
1	2020	 89	 7884	  6.0	  9.8	0.749	 2.1	 1.5
1	2020	 90	18595	  2.6	 13.8	0.789	 2.2	 0.0
1	2020	 91	 9134	  6.6	 13.5	0.879	 2.3	 0.0
1	2020	 92	 9778	  5.4	 15.5	1.017	 2.1	 3.3
1	2020	 93	 5868	  6.4	 11.7	0.909	 2.3	 1.1
1	2020	 94	22818	  3.4	 18.5	0.782	 1.5	 0.0
1	2020	 95	23602	  4.6	 21.8	0.811	 2.2	 0.0
1	2020	 96	22038	  8.0	 19.0	0.754	 3.1	 0.0
1	2020	 97	21371	  9.7	 21.6	0.726	 2.5	 0.0
1	2020	 98	23634	  7.4	 23.6	0.805	 3.1	 0.0
1	2020	 99	22299	  8.3	 24.0	0.843	 2.4	 0.0
1	2020	100	22218	  9.0	 21.9	0.957	 4.7	 0.6
1	2020	101	 7049	  5.8	 10.4	0.814	 5.6	 9.6
1	2020	102	19412	  4.8	 15.1	0.738	 3.4	 1.0
1	2020	103	25331	  6.6	 21.8	0.552	 4.3	 0.0
1	2020	104	24948	  5.4	 23.5	0.687	 3.0	 0.0
1	2020	105	19666	 11.9	 23.8	0.761	 3.7	 0.0
1	2020	106	24179	 11.2	 26.5	1.089	 3.7	 0.0
1	2020	107	18145	 15.4	 25.3	1.102	 3.1	 0.1
1	2020	108	25904	 10.7	 24.8	0.733	 3.4	 0.0
1	2020	109	 7713	 10.9	 18.0	0.949	 2.8	 6.7
1	2020	110	17199	 10.9	 21.3	1.117	 2.9	 1.0
1	2020	111	18828	 13.1	 20.6	0.730	 3.2	 0.0
1	2020	112	20419	  9.2	 21.1	0.812	 1.6	 0.0
1	2020	113	25653	  9.8	 18.3	0.467	 3.3	 0.0
1	2020	114	24520	  6.6	 20.7	0.508	 1.9	 0.0
1	2020	115	26952	  6.7	 24.0	0.405	 3.7	 0.0
1	2020	116	26975	 13.0	 26.4	0.467	 4.5	 0.0
1	2020	117	26181	 11.6	 25.6	0.745	 3.6	 0.0
1	2020	118	23636	 12.1	 22.2	0.700	 3.4	 1.2
1	2020	119	26804	 10.9	 26.1	0.643	 3.8	 0.0
1	2020	120	25330	 13.7	 32.0	1.160	 3.9	 0.0
1	2020	121	23652	 18.6	 35.0	1.641	 3.8	 0.0
1	2020	122	24590	 19.1	 31.8	1.914	 4.1	 0.1
1	2020	123	25545	 18.3	 34.4	2.166	 2.7	 0.0
1	2020	124	26262	 20.4	 38.8	1.474	 2.8	 0.0
1	2020	125	17560	 18.7	 29.3	1.620	 5.1	 0.1
1	2020	126	21061	 14.4	 24.3	1.259	 3.2	 0.2
1	2020	127	23396	 13.7	 26.2	1.362	 3.5	 0.6
1	2020	128	 7578	 16.8	 21.5	1.823	 3.2	14.4
1	2020	129	 6672	 15.0	 19.0	1.620	 5.3	 7.9
1	2020	130	15997	 11.1	 20.0	1.362	 2.6	 5.7
1	2020	131	26798	 12.1	 26.9	1.465	 2.2	 0.0
1	2020	132	26771	 15.0	 24.7	0.883	 4.7	 0.0
1	2020	133	27653	 15.3	 28.5	0.955	 3.1	 0.0
1	2020	134	23511	 15.2	 30.2	1.166	 3.2	 0.0
1	2020	135	18104	 18.3	 26.6	1.482	 2.4	 0.1
1	2020	136	26665	 14.6	 30.8	1.594	 2.5	 0.0
1	2020	137	25109	 18.3	 32.4	1.684	 4.2	 0.1
1	2020	138	26520	 18.6	 34.6	1.713	 4.1	 2.2
1	2020	139	28086	 14.0	 26.5	0.766	 3.7	 0.0
1	2020	140	27877	 14.6	 31.4	0.829	 2.3	 0.0
1	2020	141	13864	 19.2	 30.5	1.115	 2.6	 0.0
1	2020	142	27196	 18.9	 33.7	1.210	 2.9	 0.0
1	2020	143	27525	 21.4	 35.0	1.323	 2.5	 0.0
1	2020	144	25034	 22.6	 37.2	1.500	 4.6	 0.9
1	2020	145	18473	 19.1	 30.2	1.229	 2.1	 0.1
1	2020	146	19948	 22.3	 30.7	1.249	 4.0	 0.0
1	2020	147	26703	 18.3	 30.6	1.277	 3.0	 0.0
1	2020	148	26927	 17.6	 34.0	0.907	 2.5	 0.0
1	2020	149	28390	 17.5	 35.7	0.981	 2.1	 0.0
1	2020	150	11181	 23.7	 30.4	1.413	 4.0	 0.0
1	2020	151	21857	 19.6	 29.2	1.569	 3.4	 0.0
1	2020	152	24705	 19.2	 34.7	1.781	 1.9	 0.1
1	2020	153	26112	 21.1	 35.4	1.789	 3.7	 0.0
1	2020	154	21483	 24.6	 34.9	1.251	 2.7	 0.0
1	2020	155	29260	 20.4	 37.8	0.770	 3.0	 0.0
1	2020	156	25598	 23.5	 38.6	1.406	 3.5	 0.0
1	2020	157	20618	 25.1	 36.5	1.789	 2.7	 0.0
1	2020	158	28397	 21.3	 36.7	1.505	 2.4	 0.0
1	2020	159	26283	 22.8	 37.0	1.398	 4.0	 0.0
1	2020	160	25446	 23.3	 35.6	1.630	 4.1	 0.0
1	2020	161	11942	 22.7	 29.4	2.246	 2.9	 7.7
1	2020	162	20849	 21.2	 32.2	2.349	 2.2	 3.8
1	2020	163	17070	 22.8	 32.0	2.455	 2.2	 1.9
1	2020	164	12864	 21.7	 25.4	2.202	 3.5	12.9
1	2020	165	19995	 20.9	 31.4	2.278	 1.6	 0.1
1	2020	166	24108	 23.5	 33.9	2.553	 2.2	 0.0
1	2020	167	13808	 24.2	 33.2	2.579	 1.7	 3.7
1	2020	168	 5041	 19.3	 24.4	2.074	 3.3	27.9
1	2020	169	 2613	 18.1	 19.3	1.914	 3.4	39.2
1	2020	170	15339	 18.0	 25.7	2.042	 2.7	 4.8
1	2020	171	23938	 17.1	 28.2	2.017	 2.2	 0.0
1	2020	172	17255	 20.2	 28.0	2.169	 2.4	 0.1
1	2020	173	20949	 20.0	 28.8	2.203	 2.7	 0.1
1	2020	174	 7065	 21.8	 24.6	2.308	 2.6	 5.6
1	2020	175	10807	 21.5	 26.7	2.402	 2.2	 2.1
1	2020	176	27228	 20.0	 31.6	2.263	 1.6	 0.0
1	2020	177	26167	 21.5	 33.1	2.433	 2.6	 0.2
1	2020	178	20050	 24.1	 32.5	2.681	 2.2	 0.0
1	2020	179	19446	 24.3	 33.2	2.778	 2.5	 1.0
1	2020	180	11020	 22.7	 26.9	2.445	 4.4	14.2
1	2020	181	26953	 21.8	 30.5	2.261	 2.4	 0.0
1	2020	182	19177	 22.8	 29.5	2.494	 2.8	 2.7
1	2020	183	20099	 21.3	 29.7	2.310	 1.8	 0.0
1	2020	184	20294	 23.1	 30.8	2.463	 2.2	 1.0
1	2020	185	18832	 20.5	 28.7	2.563	 1.8	 0.9
1	2020	186	19692	 21.7	 30.0	2.533	 2.9	 0.3
1	2020	187	22211	 23.5	 32.4	2.693	 2.7	 0.2
1	2020	188	27202	 23.9	 36.0	2.608	 2.1	 0.0
1	2020	189	23595	 26.0	 35.7	2.914	 1.8	 1.3
1	2020	190	24899	 25.0	 34.0	2.296	 3.0	 0.0
1	2020	191	24011	 23.5	 32.7	2.249	 2.7	 0.0
1	2020	192	23688	 22.4	 32.6	2.337	 2.6	 0.0
1	2020	193	 6405	 21.5	 28.3	2.426	 4.8	28.4
1	2020	194	 5622	 20.2	 23.5	2.168	 4.8	21.2
1	2020	195	19340	 19.9	 28.0	2.251	 2.5	 0.1
1	2020	196	 8662	 20.9	 26.5	2.548	 0.9	 4.3
1	2020	197	21470	 20.3	 29.1	2.506	 1.5	 0.7
1	2020	198	23902	 20.6	 30.0	2.435	 2.3	 0.0
1	2020	199	 6481	 21.6	 24.1	2.451	 2.4	26.0
1	2020	200	12753	 21.5	 27.8	2.477	 2.6	 3.4
1	2020	201	15621	 22.2	 28.0	2.425	 2.7	 3.9
1	2020	202	25450	 19.9	 31.1	2.456	 2.2	 0.0
1	2020	203	17869	 21.9	 29.6	2.568	 3.4	 4.3
1	2020	204	 4082	 20.4	 22.8	2.347	 3.4	114.8
1	2020	205	24504	 21.1	 28.7	2.437	 2.9	 0.0
1	2020	206	15436	 20.5	 27.5	2.385	 2.1	 0.5
1	2020	207	23087	 18.3	 29.8	2.478	 1.5	 1.4
1	2020	208	 5850	 20.6	 24.9	2.431	 2.4	11.6
1	2020	209	13725	 19.8	 27.5	2.502	 1.9	 0.2
1	2020	210	19432	 20.9	 29.5	2.726	 2.0	 0.1
1	2020	211	16369	 23.2	 29.9	2.856	 2.1	 0.2
1	2020	212	17056	 23.2	 31.0	3.147	 2.5	 2.6
1	2020	213	18966	 24.2	 31.2	3.120	 2.5	 5.6
1	2020	214	19702	 25.1	 32.6	3.435	 2.7	 7.1
1	2020	215	 9596	 25.8	 31.4	3.463	 2.9	26.5
1	2020	216	18533	 26.5	 33.7	3.446	 3.1	12.3
1	2020	217	19881	 26.2	 33.8	3.448	 2.3	 8.3
1	2020	218	18340	 25.9	 32.9	3.465	 2.0	 7.3
1	2020	219	11973	 25.9	 32.5	3.413	 1.9	18.1
1	2020	220	 4411	 24.2	 26.5	3.104	 2.2	21.0
1	2020	221	10852	 23.7	 29.6	2.920	 1.8	 1.8
1	2020	222	20207	 22.9	 31.9	3.111	 1.4	 0.3
1	2020	223	21665	 24.6	 32.9	3.290	 2.3	 0.1
1	2020	224	21494	 24.8	 32.5	3.261	 2.8	 0.0
1	2020	225	14877	 25.3	 32.6	3.425	 3.3	13.2
1	2020	226	16678	 26.3	 31.6	3.328	 4.3	 5.8
1	2020	227	18463	 25.9	 32.5	3.356	 3.6	 2.0
1	2020	228	19172	 25.2	 32.5	3.149	 3.4	 0.6
1	2020	229	21053	 24.1	 33.5	3.216	 2.1	 0.4
1	2020	230	22245	 25.6	 34.0	3.177	 2.1	 0.0
1	2020	231	22115	 25.7	 33.0	3.125	 2.3	 0.0
1	2020	232	17656	 23.6	 31.4	2.805	 3.1	 5.0
1	2020	233	 3526	 20.4	 23.6	2.423	 3.8	24.0
1	2020	234	 7300	 20.5	 25.5	2.405	 3.3	 9.7
1	2020	235	10537	 21.7	 27.6	2.638	 1.8	 0.5
1	2020	236	17123	 22.2	 30.7	3.024	 2.4	 0.8
1	2020	237	16022	 23.0	 30.4	2.882	 3.5	 0.9
1	2020	238	16286	 20.7	 29.0	2.451	 2.1	 0.0
1	2020	239	22695	 22.3	 30.2	2.387	 3.0	 0.0
1	2020	240	23138	 18.8	 29.5	2.184	 1.8	 0.0
1	2020	241	23061	 20.4	 30.7	2.433	 2.0	 0.0
1	2020	242	22831	 20.3	 31.2	2.537	 1.6	 0.0
1	2020	243	20036	 21.9	 30.8	2.702	 1.8	 0.0
1	2020	244	19147	 23.7	 31.4	2.652	 2.1	 0.2
1	2020	245	21214	 22.4	 30.9	2.399	 2.6	 0.0
1	2020	246	20326	 20.3	 29.8	1.906	 2.8	 0.3
1	2020	247	22339	 18.3	 29.9	1.700	 2.2	 0.0
1	2020	248	22938	 18.7	 31.2	1.698	 2.6	 0.0
1	2020	249	21455	 20.1	 32.1	1.919	 2.8	 0.0
1	2020	250	20342	 20.9	 32.3	2.012	 1.6	 0.0
1	2020	251	22230	 19.5	 32.6	1.937	 2.1	 0.0
1	2020	252	20316	 20.0	 32.4	1.997	 1.9	 0.0
1	2020	253	18338	 21.6	 31.5	2.258	 1.8	 1.0
1	2020	254	12313	 20.8	 26.8	2.382	 1.3	11.4
1	2020	255	21248	 19.0	 27.5	1.863	 3.3	 0.0
1	2020	256	17367	 18.2	 27.0	1.802	 3.0	 0.0
1	2020	257	16680	 19.2	 27.2	2.015	 2.0	 0.4
1	2020	258	16928	 19.6	 28.4	2.181	 2.2	 0.3
1	2020	259	17959	 20.7	 28.9	2.188	 3.1	 0.6
1	2020	260	15047	 18.3	 29.9	1.616	 2.4	 0.0
1	2020	261	14302	 18.3	 26.9	1.360	 2.2	 0.0
1	2020	262	21250	 15.1	 29.4	1.476	 2.6	 0.0
1	2020	263	20585	 17.3	 29.8	1.334	 2.6	 0.0
1	2020	264	18211	 15.9	 28.4	1.558	 2.4	 0.0
1	2020	265	 4172	 18.3	 23.5	1.687	 2.2	 3.2
1	2020	266	10793	 17.2	 25.5	1.740	 1.8	 1.8
1	2020	267	15719	 18.2	 26.2	1.672	 1.6	 0.1
1	2020	268	16713	 16.9	 26.7	1.719	 1.2	 0.0
1	2020	269	15704	 16.9	 26.6	1.733	 2.2	 0.1
1	2020	270	14544	 16.9	 26.1	1.692	 2.3	 0.2
1	2020	271	17417	 18.3	 26.9	1.577	 2.5	 0.0
1	2020	272	13462	 16.0	 25.9	1.495	 2.2	 0.0
1	2020	273	11355	 18.5	 26.3	1.613	 2.0	 0.0
1	2020	274	12988	 16.7	 25.0	1.677	 2.6	 0.2
1	2020	275	12192	 17.9	 26.9	1.791	 2.7	 0.0
1	2020	276	 2504	 15.0	 20.6	1.485	 3.1	 9.2
1	2020	277	 5008	 15.3	 20.1	1.104	 2.5	 0.1
1	2020	278	11265	 10.6	 17.4	0.679	 4.2	 0.0
1	2020	279	 5568	  8.6	 16.0	0.669	 1.9	 0.2
1	2020	280	 8072	  7.9	 17.4	0.814	 1.9	 0.0
1	2020	281	10599	 10.9	 20.1	0.918	 1.5	 0.0
1	2020	282	14852	  9.5	 22.3	1.103	 2.0	 0.0
1	2020	283	10970	 13.7	 22.5	1.327	 1.5	 0.0
1	2020	284	 4952	 13.8	 22.6	1.473	 1.7	 0.1
1	2020	285	 4269	 16.7	 21.1	1.597	 1.4	 0.9
1	2020	286	 5465	 15.3	 20.0	1.395	 2.8	 0.1
1	2020	287	 4841	 13.6	 19.0	1.399	 2.2	 1.9
1	2020	288	 1783	 12.4	 15.8	1.393	 3.4	 7.9
1	2020	289	 5959	 11.3	 17.7	1.421	 1.1	 3.1
1	2020	290	10811	 10.0	 19.5	1.221	 2.3	 1.0
1	2020	291	14927	  7.8	 19.7	0.914	 1.9	 0.0
1	2020	292	14305	  8.5	 20.2	0.973	 2.1	 0.0
1	2020	293	15918	  8.9	 20.6	1.008	 1.9	 0.0
1	2020	294	10073	  8.1	 19.9	1.055	 2.3	 0.0
1	2020	295	15693	 11.1	 22.4	0.848	 3.1	 0.0
1	2020	296	15673	  6.6	 21.0	0.610	 2.2	 0.0
1	2020	297	15628	  6.9	 18.1	0.489	 2.2	 0.0
1	2020	298	15276	  5.7	 18.9	0.541	 2.3	 0.0
1	2020	299	13578	  9.5	 20.8	0.771	 2.4	 0.0
1	2020	300	13725	 10.5	 23.0	1.046	 1.6	 0.1
1	2020	301	 7195	 13.2	 20.0	0.914	 3.5	 0.0
1	2020	302	 8842	 11.6	 18.7	0.807	 2.7	 0.0
1	2020	303	12824	  9.2	 20.3	1.047	 1.2	 0.0
1	2020	304	11154	  8.9	 20.3	1.167	 1.7	 0.1
1	2020	305	 8171	 14.4	 20.9	1.300	 2.3	 0.0
1	2020	306	13000	 10.7	 21.8	0.870	 2.6	 0.0
1	2020	307	13354	  7.0	 19.8	0.513	 3.0	 0.0
1	2020	308	12670	  4.7	 16.8	0.457	 1.9	 0.0
1	2020	309	12694	  7.5	 18.4	0.502	 3.3	 0.0
1	2020	310	 7115	 10.8	 19.0	0.817	 2.2	 0.0
1	2020	311	12552	 11.1	 22.8	0.863	 2.7	 0.0
1	2020	312	13225	  9.8	 22.2	0.538	 2.8	 0.0
1	2020	313	13038	  6.7	 18.5	0.467	 2.6	 0.0
1	2020	314	12699	  4.3	 18.9	0.549	 2.0	 0.0
1	2020	315	12396	  6.4	 20.3	0.662	 2.5	 0.0
1	2020	316	11572	  8.4	 20.3	0.745	 3.4	 0.0
1	2020	317	11748	  9.0	 21.3	0.917	 2.3	 0.0
1	2020	318	11649	  8.3	 20.0	0.997	 2.3	 0.0
1	2020	319	11451	  8.6	 19.4	1.014	 2.6	 0.0
1	2020	320	11295	  8.7	 19.6	1.163	 2.2	 0.0
1	2020	321	 6660	  9.8	 19.3	1.233	 3.2	 0.1
1	2020	322	 1215	 14.1	 16.7	1.580	 3.3	34.2
1	2020	323	 1488	 11.1	 16.1	1.353	 3.2	23.2
1	2020	324	 8539	  8.3	 15.5	0.863	 3.3	 0.0
1	2020	325	10482	  5.4	 11.6	0.695	 3.9	 0.0
1	2020	326	 2162	  4.9	  7.8	0.794	 3.6	 8.6
1	2020	327	 5409	  3.2	  7.5	0.656	 3.6	 0.2
1	2020	328	 3376	  0.2	  4.6	0.546	 1.6	 0.3
1	2020	329	 8145	 -1.5	  6.7	0.574	 1.3	 0.0
1	2020	330	 5062	 -1.1	  7.1	0.615	 1.5	 0.1
1	2020	331	 5668	  4.7	  9.1	0.663	 2.6	 0.0
1	2020	332	 8238	  0.6	  9.4	0.619	 2.8	 0.0
1	2020	333	 5050	  0.3	  6.0	0.485	 1.8	 0.0
1	2020	334	 9352	 -0.8	  9.8	0.634	 1.5	 0.0
1	2020	335	 7147	  0.6	  8.1	0.620	 2.0	 0.0
1	2020	336	 3297	  1.0	  5.3	0.571	 2.5	 0.5
1	2020	337	 4798	 -1.4	  5.0	0.620	 1.8	 0.1
1	2020	338	 8950	  0.5	  5.4	0.475	 2.5	 0.0
1	2020	339	 9418	 -2.2	  6.3	0.500	 1.4	 0.0
1	2020	340	10016	 -0.9	  7.8	0.478	 2.1	 0.0
1	2020	341	 8400	 -1.6	  9.6	0.589	 1.7	 0.0
1	2020	342	 9139	  1.6	  8.6	0.552	 2.9	 0.1
1	2020	343	 9748	 -2.1	  7.7	0.468	 2.1	 0.0
1	2020	344	 4869	  1.9	  9.1	0.671	 1.9	 0.1
1	2020	345	 9209	  0.6	 10.2	0.682	 1.6	 0.0
1	2020	346	 7891	 -1.5	  9.6	0.575	 1.8	 0.0
1	2020	347	 8847	 -1.2	 11.0	0.593	 2.0	 0.0
1	2020	348	 7992	 -0.6	  4.9	0.263	 5.5	 0.0
1	2020	349	10055	 -5.9	  1.4	0.173	 1.6	 0.0
1	2020	350	10089	 -5.5	  3.8	0.250	 2.3	 0.0
1	2020	351	 9778	 -5.5	  4.9	0.312	 1.6	 0.0
1	2020	352	 8319	 -4.0	  5.8	0.330	 2.0	 0.0
1	2020	353	 8823	 -3.3	  6.0	0.336	 2.9	 0.0
1	2020	354	 9084	 -5.5	  5.0	0.327	 1.7	 0.0
1	2020	355	10076	 -3.7	  6.5	0.360	 2.0	 0.0
1	2020	356	10065	 -4.4	  8.4	0.391	 2.5	 0.0
1	2020	357	 9956	 -1.9	 10.3	0.466	 2.7	 0.0
1	2020	358	 9739	 -0.3	 11.0	0.503	 2.5	 0.0
1	2020	359	10082	 -3.0	  9.6	0.396	 2.0	 0.0
1	2020	360	 9637	 -2.7	 10.3	0.470	 2.2	 0.0
1	2020	361	 8182	 -0.4	 10.8	0.599	 2.0	 0.0
1	2020	362	10000	 -0.9	 12.2	0.630	 1.8	 0.0
1	2020	363	 8777	  1.0	 11.8	0.680	 4.0	 2.3
1	2020	364	 4518	 -6.7	  2.2	0.326	 5.4	 6.3
1	2020	365	10891	 -8.3	 -1.8	0.161	 2.6	 0.0
1	2020	366	10312	 -8.0	  1.2	0.168	 2.4	 0.0
