*------------------------------------------------------------*
*   Country: China
*   Station: 115.2_36.1
*      Year: 2021
*    Origin: AgERA5 dataset
*    Author: Huang Hai, CAU
* Longitude: 115.20 E
*  Latitude: 36.10 N
* Elevation: 49.00 m
*   Columns: 
*   ======== 
*  station number
*  year
*  day
*  irradiation (kJ路m-2路d-1)
*  minimum temperature (degrees Celsius)
*  maximum temperature (degrees Celsius)
*  vapour pressure (kPa)
*  mean wind speed (m路s-1)
*  precipitation (mm路d-1)
** WCCDESCRIPTION=115.2_36.1, China
** WCCFORMAT=2
** WCCYEARNR=2021
*------------------------------------------------------------*
115.20  36.10  49.00  -0.18  -0.55
1	2021	  1	10094	 -7.7	  4.7	0.202	 2.1	 0.0
1	2021	  2	 9926	 -6.2	  5.3	0.316	 1.8	 0.0
1	2021	  3	 7989	 -5.0	  3.1	0.327	 2.0	 0.0
1	2021	  4	 9522	 -6.8	  3.7	0.353	 2.4	 0.0
1	2021	  5	10113	 -6.0	  1.2	0.224	 2.5	 0.0
1	2021	  6	10540	-10.4	 -1.4	0.129	 4.6	 0.0
1	2021	  7	10828	-15.4	 -5.9	0.100	 2.4	 0.0
1	2021	  8	10752	-11.7	 -0.2	0.104	 2.7	 0.0
1	2021	  9	10770	 -8.8	  2.3	0.127	 2.1	 0.0
1	2021	 10	10578	 -6.5	  3.2	0.152	 2.5	 0.0
1	2021	 11	10860	 -4.4	  3.0	0.163	 3.6	 0.0
1	2021	 12	10859	 -3.6	 10.5	0.183	 4.2	 0.0
1	2021	 13	10952	 -1.5	 12.9	0.272	 2.6	 0.0
1	2021	 14	10913	 -2.5	 12.4	0.443	 2.8	 0.0
1	2021	 15	 9733	 -2.5	  8.3	0.336	 3.4	 0.0
1	2021	 16	10906	 -5.4	  3.7	0.304	 1.4	 0.0
1	2021	 17	11605	 -5.7	  5.9	0.189	 3.3	 0.0
1	2021	 18	11654	 -5.5	  9.7	0.239	 2.1	 0.0
1	2021	 19	11164	 -3.7	  6.5	0.355	 2.3	 0.0
1	2021	 20	11088	 -5.2	  7.3	0.407	 1.2	 0.0
1	2021	 21	10085	 -3.8	  7.7	0.470	 1.6	 0.0
1	2021	 22	 9668	 -3.6	  7.1	0.442	 2.9	 0.0
1	2021	 23	11689	 -3.3	  6.9	0.396	 1.8	 0.0
1	2021	 24	 7582	 -3.0	  8.5	0.479	 1.6	 0.1
1	2021	 25	 4878	 -0.9	  5.9	0.547	 1.8	 0.2
1	2021	 26	10760	 -4.0	  9.6	0.516	 1.6	 0.0
1	2021	 27	10551	 -0.4	 10.9	0.472	 4.6	 0.0
1	2021	 28	13005	 -2.5	  6.5	0.135	 3.2	 0.0
1	2021	 29	12789	 -3.5	 11.6	0.249	 3.3	 0.0
1	2021	 30	12553	 -2.6	 13.2	0.285	 2.1	 0.0
1	2021	 31	11951	 -2.7	 12.2	0.341	 2.7	 0.0
1	2021	 32	12889	  0.3	 11.1	0.256	 3.7	 0.0
1	2021	 33	13415	 -5.3	  7.5	0.244	 2.1	 0.0
1	2021	 34	13362	 -0.5	 12.6	0.330	 2.9	 0.0
1	2021	 35	11522	 -3.4	 11.9	0.342	 4.3	 0.0
1	2021	 36	13024	  2.6	 17.3	0.328	 3.5	 0.0
1	2021	 37	13519	  2.4	 19.6	0.279	 2.8	 0.0
1	2021	 38	11589	  1.2	  8.8	0.328	 5.0	 0.0
1	2021	 39	13930	 -3.5	  9.4	0.258	 2.8	 0.0
1	2021	 40	13916	 -0.2	 12.0	0.400	 3.8	 0.0
1	2021	 41	14048	 -0.5	 15.3	0.600	 2.1	 0.0
1	2021	 42	14333	  2.2	 16.9	0.599	 4.0	 0.0
1	2021	 43	13860	  6.1	 17.4	0.908	 3.1	 0.0
1	2021	 44	 8191	  6.1	 16.5	0.938	 2.8	 1.4
1	2021	 45	 9174	  5.8	 15.1	1.027	 2.8	12.5
1	2021	 46	14256	  0.0	  8.2	0.482	 3.9	 0.0
1	2021	 47	15281	 -0.7	  8.8	0.351	 3.7	 0.0
1	2021	 48	15557	 -5.1	  6.4	0.186	 2.2	 0.0
1	2021	 49	15406	 -3.3	 13.0	0.413	 3.7	 0.0
1	2021	 50	16046	  3.0	 21.8	0.360	 3.9	 0.0
1	2021	 51	16233	  3.7	 23.2	0.284	 3.9	 0.0
1	2021	 52	16244	  9.9	 26.7	0.377	 3.5	 0.0
1	2021	 53	15824	  5.9	 14.0	0.416	 4.7	 0.0
1	2021	 54	15446	  3.3	 11.9	0.366	 3.2	 0.0
1	2021	 55	 3391	  0.3	  7.1	0.500	 2.4	17.2
1	2021	 56	 9227	  0.0	  6.7	0.662	 2.9	 7.2
1	2021	 57	11990	  0.9	  9.8	0.553	 2.9	 0.0
1	2021	 58	15674	 -0.7	 12.9	0.581	 2.4	 0.0
1	2021	 59	 2548	  4.7	  9.5	0.934	 2.6	12.1
1	2021	 60	12169	 -1.5	  7.4	0.594	 4.6	 3.8
1	2021	 61	17675	 -2.3	 12.3	0.668	 3.9	 0.0
1	2021	 62	16662	  4.7	 15.4	0.686	 5.3	 0.0
1	2021	 63	17695	  4.3	 18.3	0.909	 3.6	 0.0
1	2021	 64	15523	  2.8	 19.7	0.873	 4.7	 0.0
1	2021	 65	 6001	 -0.4	  2.8	0.363	 5.1	 0.2
1	2021	 66	17885	 -1.9	  9.2	0.433	 1.3	 0.0
1	2021	 67	14765	  1.2	 13.1	0.671	 2.5	 0.0
1	2021	 68	18249	  3.2	 16.2	0.815	 3.1	 0.0
1	2021	 69	11100	  4.4	 14.1	0.900	 2.8	 0.0
1	2021	 70	 7480	  6.1	 13.3	0.979	 2.1	 3.4
1	2021	 71	18891	  3.1	 15.8	0.886	 2.5	 0.0
1	2021	 72	13986	  5.7	 16.5	0.917	 2.1	 0.0
1	2021	 73	11263	  7.7	 16.6	1.047	 3.8	 0.0
1	2021	 74	12511	 10.3	 18.6	1.057	 3.9	 3.3
1	2021	 75	19990	  4.2	 14.5	0.349	 2.6	 0.0
1	2021	 76	19465	  3.4	 16.1	0.546	 1.9	 0.0
1	2021	 77	 4939	  6.1	 11.2	0.725	 3.2	 1.6
1	2021	 78	 4900	  4.5	  9.1	0.593	 2.3	 3.6
1	2021	 79	18006	  1.6	 14.8	0.668	 2.2	 0.0
1	2021	 80	21891	  2.6	 11.8	0.268	 3.6	 0.0
1	2021	 81	21872	  0.6	 17.4	0.358	 3.4	 0.0
1	2021	 82	21481	  6.5	 21.7	0.661	 5.1	 0.0
1	2021	 83	20110	  7.1	 20.5	0.946	 2.7	 0.0
1	2021	 84	17121	  6.0	 22.0	0.935	 2.9	 0.0
1	2021	 85	 9993	 10.0	 18.5	1.151	 2.2	 3.8
1	2021	 86	16575	  7.9	 20.8	1.286	 2.2	 0.1
1	2021	 87	21744	 11.6	 23.4	0.967	 3.7	 0.0
1	2021	 88	 8238	  8.4	 17.4	0.573	 2.9	 0.3
1	2021	 89	21984	  5.1	 21.3	0.718	 2.4	 0.0
1	2021	 90	14655	  8.2	 20.2	0.855	 1.9	 0.3
1	2021	 91	 8967	 11.7	 19.2	0.884	 1.7	 0.2
1	2021	 92	 2928	  8.5	 13.9	0.870	 3.8	 2.3
1	2021	 93	 8861	  5.8	 13.2	0.928	 4.5	 3.8
1	2021	 94	23049	  2.5	 17.5	0.720	 1.6	 0.0
1	2021	 95	15281	  4.1	 18.0	0.669	 3.0	 0.0
1	2021	 96	22560	  3.9	 19.0	0.793	 1.4	 0.0
1	2021	 97	21473	  7.8	 21.2	0.912	 1.8	 0.0
1	2021	 98	21822	  6.4	 21.2	0.869	 2.1	 0.0
1	2021	 99	21690	  9.6	 22.3	0.855	 3.9	 0.0
1	2021	100	23098	  9.6	 22.1	0.742	 3.4	 0.0
1	2021	101	12644	 10.3	 19.5	1.044	 3.1	 0.0
1	2021	102	21801	  9.5	 23.5	1.220	 2.3	 1.0
1	2021	103	23388	  9.5	 17.3	0.534	 3.4	 0.0
1	2021	104	24712	  6.1	 20.5	0.659	 3.1	 0.0
1	2021	105	22075	 11.1	 24.8	0.846	 5.1	 0.0
1	2021	106	25178	  7.9	 24.4	0.341	 4.1	 0.0
1	2021	107	25908	  7.6	 18.8	0.293	 3.4	 0.0
1	2021	108	24929	  8.2	 23.9	0.511	 5.0	 0.0
1	2021	109	24751	 12.1	 26.5	0.863	 4.4	 0.0
1	2021	110	 3443	 13.5	 17.2	1.171	 2.2	 5.9
1	2021	111	 3242	 11.9	 14.6	1.255	 1.9	 4.0
1	2021	112	13690	 10.8	 19.7	1.283	 2.7	 5.6
1	2021	113	18078	  9.2	 20.9	1.206	 4.5	 0.0
1	2021	114	10926	 11.3	 19.1	1.162	 5.9	 0.0
1	2021	115	 4070	 12.1	 15.7	1.058	 3.1	 1.0
1	2021	116	17854	 12.0	 20.5	1.217	 1.7	 0.0
1	2021	117	26454	 11.7	 24.3	0.822	 2.8	 0.0
1	2021	118	25690	 12.0	 23.7	0.526	 3.9	 0.0
1	2021	119	24441	 13.4	 26.0	0.636	 5.1	 0.1
1	2021	120	23117	  9.5	 28.0	0.771	 4.3	 0.6
1	2021	121	25036	  8.2	 24.3	0.792	 3.0	 0.0
1	2021	122	23112	  8.4	 21.2	0.607	 2.4	 0.0
1	2021	123	12688	 11.8	 17.6	1.135	 2.5	 5.0
1	2021	124	25216	  9.4	 24.5	0.867	 3.6	 0.0
1	2021	125	27454	  7.9	 27.0	0.611	 4.0	 0.0
1	2021	126	26676	 16.5	 32.8	0.784	 5.1	 0.0
1	2021	127	27389	 13.8	 26.5	0.480	 3.6	 0.0
1	2021	128	26676	 16.0	 33.8	0.821	 4.3	 0.0
1	2021	129	23151	 16.8	 29.4	1.373	 2.8	 0.0
1	2021	130	22807	 18.7	 26.5	1.316	 5.0	 0.0
1	2021	131	24004	 13.0	 25.5	1.336	 2.8	 0.0
1	2021	132	25729	 13.1	 28.0	1.521	 2.1	 0.0
1	2021	133	20370	 16.8	 29.1	1.878	 2.9	 0.1
1	2021	134	 9308	 20.1	 25.7	2.098	 2.3	 0.7
1	2021	135	 8879	 13.3	 24.6	1.867	 4.5	 3.9
1	2021	136	 7319	 11.1	 19.5	1.193	 4.3	 2.4
1	2021	137	25574	 10.6	 26.0	1.104	 3.0	 0.0
1	2021	138	27255	 13.8	 28.2	1.334	 4.1	 0.0
1	2021	139	17356	 15.5	 26.2	1.593	 3.9	 0.0
1	2021	140	22572	 17.2	 26.7	1.787	 3.5	 2.2
1	2021	141	25335	 16.4	 29.6	1.976	 3.2	 2.7
1	2021	142	26642	 19.5	 32.0	1.876	 3.9	 0.0
1	2021	143	18254	 18.9	 25.2	1.273	 3.6	 0.3
1	2021	144	27683	 15.3	 31.6	0.838	 3.8	 0.0
1	2021	145	26852	 13.2	 30.2	0.822	 5.7	 0.0
1	2021	146	24856	 17.5	 34.1	1.509	 4.5	 0.9
1	2021	147	28129	 15.4	 34.7	1.224	 5.1	 0.0
1	2021	148	29028	 18.3	 29.7	0.631	 3.8	 0.0
1	2021	149	27598	 20.8	 35.2	1.226	 5.3	 0.0
1	2021	150	26942	 16.1	 29.8	1.297	 2.4	 0.0
1	2021	151	26290	 18.4	 34.6	1.773	 2.6	 0.0
1	2021	152	19136	 20.5	 30.0	2.019	 3.1	 0.4
1	2021	153	25998	 20.2	 34.9	1.964	 2.8	 1.0
1	2021	154	16665	 17.7	 26.5	1.237	 3.3	 0.8
1	2021	155	28589	 15.8	 34.4	0.851	 3.5	 0.0
1	2021	156	28377	 17.0	 33.5	1.043	 2.5	 0.0
1	2021	157	28235	 18.5	 37.8	1.376	 3.1	 0.0
1	2021	158	20636	 26.4	 35.7	1.872	 2.8	 0.0
1	2021	159	24587	 21.5	 35.0	1.623	 2.6	 0.0
1	2021	160	17018	 23.2	 32.5	2.008	 2.2	 0.1
1	2021	161	20917	 21.8	 30.2	2.087	 2.6	 0.2
1	2021	162	28281	 19.2	 34.1	1.620	 1.6	 0.0
1	2021	163	21303	 25.5	 36.0	2.066	 3.3	 0.0
1	2021	164	20567	 24.2	 33.1	2.600	 3.4	 1.2
1	2021	165	10359	 24.4	 30.0	3.072	 2.2	27.7
1	2021	166	20374	 23.3	 30.8	2.568	 4.3	 0.2
1	2021	167	 9988	 21.7	 27.1	2.383	 1.7	 2.3
1	2021	168	15704	 22.4	 29.3	2.249	 2.5	 2.1
1	2021	169	27006	 19.7	 32.2	1.905	 2.8	 0.0
1	2021	170	27028	 19.5	 33.3	1.723	 3.3	 0.0
1	2021	171	27719	 21.6	 34.3	1.791	 2.1	 0.0
1	2021	172	27498	 21.7	 36.0	1.671	 2.8	 0.0
1	2021	173	27786	 23.4	 34.1	1.788	 2.1	 0.0
1	2021	174	26111	 22.6	 36.5	1.635	 1.8	 0.0
1	2021	175	25611	 21.3	 34.6	1.785	 2.3	 0.0
1	2021	176	14876	 25.5	 32.0	2.175	 3.5	 0.0
1	2021	177	26487	 22.6	 35.5	2.391	 3.8	 0.0
1	2021	178	26116	 23.5	 35.3	2.441	 1.9	 0.0
1	2021	179	24667	 25.6	 37.2	2.348	 2.2	 0.0
1	2021	180	17914	 28.1	 33.8	2.395	 2.9	 2.4
1	2021	181	24332	 25.6	 36.4	2.421	 3.2	 1.5
1	2021	182	14275	 24.0	 32.2	2.419	 2.1	 1.7
1	2021	183	16245	 22.9	 31.7	2.604	 2.2	 4.6
1	2021	184	21353	 22.6	 30.5	2.497	 1.7	 2.1
1	2021	185	23970	 24.1	 35.4	2.434	 3.1	 0.0
1	2021	186	25479	 24.1	 33.7	2.289	 3.1	 0.0
1	2021	187	24550	 23.3	 33.4	2.507	 2.6	 0.0
1	2021	188	19983	 24.9	 32.9	2.827	 1.9	 0.2
1	2021	189	24608	 24.1	 35.3	2.501	 1.7	 3.9
1	2021	190	25947	 24.9	 38.3	2.597	 3.3	 0.4
1	2021	191	25413	 27.1	 38.1	3.000	 3.5	 0.0
1	2021	192	 8624	 25.9	 33.2	3.118	 4.7	43.6
1	2021	193	20279	 25.0	 32.7	3.142	 4.9	 9.8
1	2021	194	24724	 26.9	 34.4	3.107	 4.1	 0.0
1	2021	195	23691	 26.5	 34.5	3.175	 3.1	 5.2
1	2021	196	14843	 25.7	 31.1	3.099	 1.8	 3.8
1	2021	197	15107	 24.4	 30.4	3.061	 2.4	 4.1
1	2021	198	14230	 23.7	 28.3	2.849	 3.4	 2.8
1	2021	199	15866	 24.2	 30.0	2.909	 3.3	 1.1
1	2021	200	19785	 23.3	 30.6	2.759	 2.6	 0.4
1	2021	201	 7252	 24.1	 28.3	2.899	 2.8	 7.1
1	2021	202	 6102	 24.4	 28.0	3.051	 4.3	15.6
1	2021	203	 8073	 23.8	 27.7	2.818	 2.9	 1.6
1	2021	204	16931	 22.3	 29.7	2.910	 1.2	 3.6
1	2021	205	22827	 23.5	 31.9	2.903	 1.6	 1.1
1	2021	206	24003	 23.2	 32.4	2.868	 2.2	 0.0
1	2021	207	25711	 23.9	 32.9	2.817	 2.3	 0.0
1	2021	208	11546	 24.8	 30.3	3.127	 2.1	 9.2
1	2021	209	 5647	 23.1	 26.1	2.694	 5.1	31.0
1	2021	210	 7711	 20.7	 24.8	2.262	 6.8	66.2
1	2021	211	24682	 20.6	 30.5	2.663	 2.2	 0.0
1	2021	212	25153	 24.0	 34.3	3.342	 4.0	 0.0
1	2021	213	11400	 24.7	 29.9	2.883	 2.7	17.2
1	2021	214	23428	 21.8	 30.4	2.485	 2.4	 0.0
1	2021	215	23305	 21.4	 31.3	2.729	 1.5	 0.0
1	2021	216	19980	 23.8	 31.8	3.002	 2.5	 0.0
1	2021	217	 9345	 24.7	 29.6	3.063	 2.0	 0.4
1	2021	218	19237	 23.4	 32.1	3.049	 1.3	 0.4
1	2021	219	19843	 24.5	 31.5	3.048	 1.2	 3.0
1	2021	220	22392	 22.6	 31.4	2.909	 1.2	 0.2
1	2021	221	18911	 23.7	 30.9	2.979	 1.6	11.9
1	2021	222	21187	 23.9	 31.7	2.604	 2.7	 0.0
1	2021	223	22013	 21.8	 31.5	2.810	 1.5	 0.0
1	2021	224	15414	 24.3	 30.4	2.824	 2.6	 1.0
1	2021	225	16620	 23.1	 29.0	2.595	 1.8	 0.3
1	2021	226	23294	 20.4	 29.5	2.439	 2.0	 0.0
1	2021	227	21218	 19.8	 29.6	2.372	 1.7	 0.0
1	2021	228	20030	 21.6	 30.2	2.588	 1.6	 0.4
1	2021	229	19743	 22.0	 30.7	2.743	 1.7	 0.5
1	2021	230	19645	 22.2	 30.0	2.530	 2.0	 0.1
1	2021	231	13541	 23.1	 30.7	2.580	 3.1	 2.1
1	2021	232	15330	 22.1	 28.6	2.598	 3.8	11.8
1	2021	233	17763	 20.7	 30.1	2.716	 1.7	 0.0
1	2021	234	 9986	 23.2	 29.5	2.787	 2.7	 6.9
1	2021	235	18663	 21.0	 28.9	2.372	 2.7	 0.8
1	2021	236	24012	 20.2	 31.4	1.973	 2.6	 0.0
1	2021	237	24065	 19.0	 30.7	1.684	 2.7	 0.0
1	2021	238	15926	 19.3	 30.4	2.039	 2.9	 0.0
1	2021	239	20458	 19.1	 27.3	1.921	 4.6	 0.0
1	2021	240	11722	 17.9	 26.3	2.199	 1.9	 6.7
1	2021	241	 2508	 20.3	 21.5	2.363	 1.6	59.1
1	2021	242	10222	 19.8	 25.4	2.513	 2.8	30.8
1	2021	243	 4271	 20.8	 23.8	2.405	 4.7	18.9
1	2021	244	 6785	 18.8	 23.5	2.317	 2.2	 4.3
1	2021	245	17202	 17.6	 26.9	2.318	 1.5	 0.1
1	2021	246	16440	 18.9	 27.9	2.475	 2.6	 0.0
1	2021	247	 2881	 19.2	 23.1	2.130	 4.2	35.6
1	2021	248	 9641	 19.6	 24.5	2.209	 4.2	 0.1
1	2021	249	 9070	 19.3	 24.7	2.263	 4.2	 5.2
1	2021	250	22214	 16.0	 26.4	1.884	 2.4	 0.0
1	2021	251	21898	 18.4	 28.1	2.179	 4.2	 0.0
1	2021	252	21396	 20.1	 29.8	2.434	 4.3	 0.0
1	2021	253	17153	 20.6	 30.0	2.780	 1.9	 0.0
1	2021	254	21061	 22.3	 31.2	2.688	 2.8	 0.0
1	2021	255	20510	 21.1	 30.8	2.670	 2.0	 0.0
1	2021	256	19118	 20.7	 30.3	2.703	 1.8	 0.2
1	2021	257	18949	 20.3	 29.0	2.485	 2.6	 0.1
1	2021	258	21002	 18.8	 27.3	1.786	 2.2	 0.0
1	2021	259	15508	 17.0	 27.6	1.980	 3.0	 0.6
1	2021	260	 7341	 19.5	 24.8	2.222	 2.6	 1.0
1	2021	261	 1892	 17.0	 21.1	2.105	 3.3	12.9
1	2021	262	 1568	 16.3	 17.3	1.784	 5.5	83.2
1	2021	263	 9167	 16.3	 23.9	1.862	 4.4	 2.0
1	2021	264	20149	 17.0	 29.0	1.938	 2.6	 0.0
1	2021	265	18533	 16.5	 28.3	2.275	 1.9	 0.0
1	2021	266	12079	 21.6	 28.8	2.608	 2.3	 0.7
1	2021	267	 5689	 20.9	 26.0	2.604	 3.4	43.7
1	2021	268	 2529	 18.6	 22.2	2.050	 4.8	39.5
1	2021	269	 1664	 19.0	 20.6	2.213	 3.9	51.3
1	2021	270	 7547	 18.6	 23.6	2.153	 3.0	 0.4
1	2021	271	 2601	 14.7	 20.0	1.877	 1.9	 6.4
1	2021	272	18446	 13.5	 26.6	1.906	 2.7	 0.0
1	2021	273	18395	 18.0	 27.6	1.978	 4.5	 0.0
1	2021	274	14680	 17.7	 25.4	2.098	 2.9	 0.0
1	2021	275	15903	 16.6	 28.7	2.270	 2.7	 0.0
1	2021	276	 6697	 20.9	 27.3	2.410	 3.1	11.4
1	2021	277	 2541	 12.9	 20.8	1.664	 6.2	12.7
1	2021	278	 1937	 11.6	 13.2	1.275	 6.5	 7.6
1	2021	279	 1658	 10.4	 12.2	1.267	 5.4	 9.0
1	2021	280	11115	 10.2	 16.4	1.210	 3.1	 1.5
1	2021	281	 4934	 12.0	 16.7	1.398	 2.0	 0.7
1	2021	282	 7417	 14.3	 19.5	1.636	 1.9	 4.4
1	2021	283	11715	 12.3	 18.1	1.066	 4.1	 0.0
1	2021	284	16309	  8.7	 18.2	0.822	 2.4	 0.0
1	2021	285	16147	 10.6	 19.2	0.880	 2.0	 0.0
1	2021	286	15049	 11.0	 21.4	1.141	 0.8	 0.0
1	2021	287	 6161	 13.0	 18.1	1.502	 2.2	 4.6
1	2021	288	 7939	 12.6	 20.2	1.432	 2.6	 0.1
1	2021	289	14655	  4.3	 15.0	0.389	 4.7	 0.0
1	2021	290	16207	  2.4	 14.0	0.450	 3.1	 0.0
1	2021	291	14498	  7.8	 18.2	0.855	 3.4	 0.0
1	2021	292	 7474	  8.2	 14.4	0.907	 3.6	 0.0
1	2021	293	11664	  7.4	 16.2	0.972	 2.2	 0.0
1	2021	294	14304	  6.0	 17.0	1.014	 2.3	 0.1
1	2021	295	15059	  5.2	 17.0	0.769	 2.5	 0.0
1	2021	296	14564	  5.2	 17.7	0.828	 1.9	 0.0
1	2021	297	14391	  6.6	 18.7	0.880	 2.4	 0.0
1	2021	298	13707	  8.5	 20.0	1.008	 3.4	 0.0
1	2021	299	 5025	 10.8	 18.2	1.150	 2.3	 0.0
1	2021	300	12747	  7.1	 19.4	0.870	 1.8	 0.0
1	2021	301	13608	  9.1	 20.9	0.916	 2.1	 0.0
1	2021	302	12423	  9.1	 20.9	1.198	 2.3	 0.0
1	2021	303	13302	  8.8	 22.1	1.281	 1.6	 0.0
1	2021	304	12081	  9.6	 19.8	1.116	 3.1	 0.0
1	2021	305	11581	  9.6	 16.8	1.098	 2.3	 0.0
1	2021	306	 5977	  8.9	 17.4	1.263	 2.8	 0.9
1	2021	307	10606	  9.2	 20.1	1.161	 2.4	 0.0
1	2021	308	11870	  9.8	 20.8	1.196	 3.2	 0.0
1	2021	309	 7412	 12.2	 19.2	1.430	 1.9	 1.1
1	2021	310	 5547	 13.5	 18.4	1.602	 1.9	 4.8
1	2021	311	 4941	 -0.8	 14.8	0.575	 5.9	33.3
1	2021	312	12974	 -1.1	  8.8	0.349	 2.8	 0.0
1	2021	313	12385	  0.9	 12.6	0.459	 3.0	 0.0
1	2021	314	12049	  2.4	 14.2	0.534	 2.8	 0.0
1	2021	315	12042	  2.1	 14.0	0.554	 1.9	 0.0
1	2021	316	11892	  2.1	 14.3	0.575	 1.9	 0.0
1	2021	317	11860	  1.7	 16.2	0.637	 2.2	 0.0
1	2021	318	11576	  2.7	 17.0	0.691	 2.0	 0.0
1	2021	319	10382	  5.8	 14.8	0.813	 2.4	 0.1
1	2021	320	10859	  4.2	 13.8	0.870	 2.4	 0.0
1	2021	321	10128	  4.9	 17.4	0.911	 3.3	 0.0
1	2021	322	10952	  7.1	 18.9	0.922	 3.7	 0.0
1	2021	323	10353	  5.4	 14.5	0.897	 2.9	 0.0
1	2021	324	 5317	  7.0	 11.7	0.850	 3.5	 0.6
1	2021	325	 9690	  3.1	 11.9	0.546	 4.0	 0.1
1	2021	326	11189	 -1.1	  5.7	0.189	 3.0	 0.0
1	2021	327	10846	 -2.7	 10.0	0.335	 2.7	 0.0
1	2021	328	10722	 -0.9	 13.3	0.515	 2.1	 0.0
1	2021	329	10493	  0.1	 14.5	0.598	 1.8	 0.0
1	2021	330	10232	  0.5	 13.4	0.584	 2.2	 0.0
1	2021	331	 9607	 -0.1	 13.5	0.687	 2.4	 0.0
1	2021	332	 7817	  4.7	 13.1	0.852	 2.7	 0.0
1	2021	333	 5460	  1.9	 12.2	0.875	 2.7	 4.0
1	2021	334	10269	 -1.7	  6.7	0.386	 3.7	 0.0
1	2021	335	10053	 -2.9	  8.6	0.353	 2.3	 0.0
1	2021	336	10062	 -1.9	 11.7	0.369	 3.1	 0.0
1	2021	337	 9868	 -0.9	 12.0	0.372	 2.0	 0.0
1	2021	338	 9711	  0.1	 13.2	0.474	 2.4	 0.0
1	2021	339	 9699	  1.1	 13.2	0.515	 3.3	 0.0
1	2021	340	 9738	  1.0	 11.0	0.440	 4.1	 0.0
1	2021	341	 7747	 -0.9	  9.1	0.505	 1.9	 0.0
1	2021	342	 6137	 -0.5	  9.5	0.631	 2.3	 0.2
1	2021	343	 9144	  1.5	 11.5	0.715	 2.0	 0.0
1	2021	344	 5789	  0.0	 10.8	0.786	 1.4	 0.7
1	2021	345	 6803	  3.5	 11.7	0.904	 2.0	 1.2
1	2021	346	 8793	 -2.2	  5.2	0.318	 3.4	 0.0
1	2021	347	 9378	 -3.3	  7.7	0.408	 3.5	 0.0
1	2021	348	 9205	  1.4	 11.7	0.664	 2.9	 0.0
1	2021	349	 9084	 -1.8	 11.3	0.703	 1.3	 0.0
1	2021	350	 6098	 -1.4	  9.2	0.442	 2.9	 0.0
1	2021	351	 9560	 -4.3	  1.2	0.183	 3.2	 0.0
1	2021	352	 9218	 -4.2	  8.4	0.284	 3.5	 0.0
1	2021	353	 9355	 -1.8	 11.0	0.364	 3.1	 0.0
1	2021	354	 9355	 -1.3	 13.4	0.451	 2.3	 0.0
1	2021	355	 9296	 -2.2	 12.4	0.545	 1.6	 0.0
1	2021	356	 9083	 -1.9	  7.2	0.573	 2.9	 0.0
1	2021	357	 4329	 -1.7	  4.9	0.614	 3.5	 0.2
1	2021	358	 6746	 -6.3	  3.0	0.365	 5.3	 2.0
1	2021	359	 9009	 -8.2	 -3.6	0.164	 2.6	 0.0
1	2021	360	 9947	-10.0	 -0.9	0.182	 2.1	 0.0
1	2021	361	 9861	 -6.6	  4.0	0.231	 3.3	 0.0
1	2021	362	 9638	 -3.9	  5.5	0.329	 3.4	 0.0
1	2021	363	 9889	 -3.8	  5.4	0.209	 2.6	 0.0
1	2021	364	 9767	 -4.9	  8.7	0.303	 1.9	 0.0
1	2021	365	 8064	 -4.2	  7.6	0.346	 3.1	 0.0
