*------------------------------------------------------------*
*   Country: China
*   Station: 115.8_34.3
*      Year: 2020
*    Origin: AgERA5 dataset
*    Author: Huang Hai, CAU
* Longitude: 115.80 E
*  Latitude: 34.30 N
* Elevation: 45.00 m
*   Columns: 
*   ======== 
*  station number
*  year
*  day
*  irradiation (kJ路m-2路d-1)
*  minimum temperature (degrees Celsius)
*  maximum temperature (degrees Celsius)
*  vapour pressure (kPa)
*  mean wind speed (m路s-1)
*  precipitation (mm路d-1)
** WCCDESCRIPTION=115.8_34.3, China
** WCCFORMAT=2
** WCCYEARNR=2020
*------------------------------------------------------------*
115.80  34.30  45.00  -0.18  -0.55
1	2020	  1	 7538	 -4.2	  5.6	0.432	 1.6	 0.1
1	2020	  2	 1803	  2.6	  5.6	0.569	 1.0	 0.2
1	2020	  3	 6247	  3.1	  8.8	0.616	 1.2	 0.0
1	2020	  4	 9854	 -1.4	 11.3	0.675	 1.8	 0.0
1	2020	  5	  174	  4.4	  5.4	0.819	 3.9	23.7
1	2020	  6	  385	  2.7	  5.1	0.751	 4.0	18.9
1	2020	  7	 1111	 -0.7	  3.0	0.664	 4.4	18.8
1	2020	  8	 7338	 -4.4	  4.5	0.503	 1.5	 0.0
1	2020	  9	 7604	 -1.3	  5.9	0.530	 1.8	 0.0
1	2020	 10	 4585	 -1.2	  5.8	0.620	 1.5	 0.0
1	2020	 11	 6155	 -0.9	  5.8	0.605	 1.9	 0.0
1	2020	 12	 8428	 -5.1	  5.7	0.546	 1.2	 0.1
1	2020	 13	 5474	 -2.5	  5.8	0.591	 2.1	 0.3
1	2020	 14	11577	 -5.2	  4.0	0.388	 2.3	 0.0
1	2020	 15	 5707	 -4.2	  2.7	0.430	 2.4	 1.0
1	2020	 16	 5336	 -0.8	  3.9	0.554	 2.2	 0.8
1	2020	 17	 8054	 -1.7	  5.3	0.584	 1.5	 0.0
1	2020	 18	10294	 -4.0	  7.7	0.599	 2.1	 0.0
1	2020	 19	11985	 -0.6	  8.7	0.487	 2.6	 0.0
1	2020	 20	10245	 -3.5	  9.1	0.531	 1.8	 0.0
1	2020	 21	 5851	 -1.3	  8.4	0.585	 2.5	 0.0
1	2020	 22	 8627	 -2.6	  9.1	0.688	 1.4	 0.0
1	2020	 23	 5422	  2.4	  9.6	0.758	 2.0	 0.1
1	2020	 24	 5235	  1.8	  7.6	0.698	 2.5	 0.6
1	2020	 25	 7088	  2.0	  7.3	0.539	 1.8	 0.2
1	2020	 26	 3007	  0.5	  3.1	0.591	 2.6	 4.8
1	2020	 27	10019	 -1.8	  6.4	0.555	 2.2	 0.3
1	2020	 28	11226	 -4.3	  8.3	0.496	 1.9	 0.0
1	2020	 29	11687	 -3.1	  8.9	0.535	 1.9	 0.2
1	2020	 30	12975	 -3.5	  8.9	0.474	 2.1	 0.0
1	2020	 31	13125	 -2.4	 11.8	0.568	 2.7	 0.0
1	2020	 32	10315	 -1.1	 12.1	0.590	 2.1	 0.0
1	2020	 33	11615	  1.6	 11.9	0.577	 2.4	 0.0
1	2020	 34	13332	  0.4	  9.1	0.475	 3.1	 0.0
1	2020	 35	12851	  0.3	 12.8	0.639	 3.1	 0.0
1	2020	 36	 2999	  1.5	  4.1	0.527	 4.3	 0.5
1	2020	 37	 6735	 -0.4	  5.0	0.550	 3.4	 1.5
1	2020	 38	10044	 -2.2	  7.6	0.644	 1.3	 0.0
1	2020	 39	10454	  0.5	  9.3	0.689	 1.8	 0.0
1	2020	 40	14401	  0.6	 14.2	0.679	 3.6	 0.0
1	2020	 41	14417	  3.0	 15.9	0.721	 3.4	 0.0
1	2020	 42	11720	  6.1	 14.7	0.868	 2.3	 0.0
1	2020	 43	14538	  2.3	 16.5	0.948	 2.8	 0.0
1	2020	 44	13455	  5.7	 18.7	1.114	 3.6	 0.0
1	2020	 45	 2190	  1.9	 14.4	1.122	 4.3	 7.8
1	2020	 46	 3859	 -2.6	  2.4	0.429	 4.7	 7.4
1	2020	 47	16097	 -3.4	  5.6	0.292	 3.2	 0.0
1	2020	 48	16332	 -3.9	  8.2	0.327	 2.7	 0.0
1	2020	 49	16190	 -2.3	 12.9	0.415	 3.4	 0.0
1	2020	 50	11373	  1.8	 12.9	0.559	 2.9	 0.0
1	2020	 51	14299	 -0.1	 15.2	0.673	 2.2	 0.0
1	2020	 52	15306	  5.7	 14.6	0.683	 2.8	 0.1
1	2020	 53	16757	  0.5	 12.7	0.410	 2.0	 0.0
1	2020	 54	16384	  3.7	 17.7	0.672	 3.9	 0.0
1	2020	 55	 6045	  9.1	 16.7	1.112	 2.6	 8.1
1	2020	 56	10116	  8.0	 13.5	1.022	 3.5	 0.2
1	2020	 57	 5072	  6.9	 11.6	0.917	 2.9	 0.0
1	2020	 58	 9368	  2.6	  9.5	0.562	 3.1	 6.8
1	2020	 59	 8002	  1.7	  8.3	0.759	 1.6	 5.3
1	2020	 60	 9696	  4.6	 10.9	0.845	 1.6	 0.1
1	2020	 61	 6494	  2.4	 10.4	0.827	 2.4	 0.3
1	2020	 62	11055	  1.2	 10.1	0.615	 2.4	 0.0
1	2020	 63	14608	 -1.0	 12.1	0.541	 2.4	 0.0
1	2020	 64	18650	 -0.5	 11.5	0.438	 2.5	 0.0
1	2020	 65	18462	  0.4	 12.7	0.545	 3.9	 0.0
1	2020	 66	14166	  3.0	 15.1	0.783	 3.4	 0.0
1	2020	 67	18711	  4.5	 17.3	0.911	 2.5	 0.0
1	2020	 68	16393	  8.0	 17.4	1.010	 3.8	 0.0
1	2020	 69	 5632	  7.0	 12.2	0.998	 3.9	 1.8
1	2020	 70	15173	  4.5	 13.3	0.801	 2.2	 0.3
1	2020	 71	19785	  3.4	 17.9	0.723	 3.6	 0.0
1	2020	 72	16550	  6.3	 18.9	0.919	 2.8	 0.0
1	2020	 73	13540	  4.1	 12.2	0.753	 3.7	 0.0
1	2020	 74	20853	  2.6	 16.2	0.557	 3.3	 0.0
1	2020	 75	20784	  3.8	 19.3	0.494	 2.1	 0.0
1	2020	 76	12965	  6.8	 16.9	0.778	 3.5	 0.0
1	2020	 77	20214	  8.4	 22.2	0.885	 2.6	 0.0
1	2020	 78	21128	  8.8	 24.5	0.863	 4.7	 0.0
1	2020	 79	21897	  6.8	 18.0	0.389	 2.8	 0.0
1	2020	 80	21200	  8.0	 24.4	0.891	 4.6	 0.0
1	2020	 81	19501	 12.9	 27.0	1.219	 3.4	 0.0
1	2020	 82	21103	 11.8	 20.4	0.737	 3.6	 0.0
1	2020	 83	21641	  7.8	 22.0	0.761	 3.1	 0.0
1	2020	 84	20098	 10.7	 22.3	0.788	 3.7	 0.0
1	2020	 85	 8881	 11.7	 19.4	1.400	 3.1	10.6
1	2020	 86	 3565	  7.8	 16.2	1.214	 5.0	 2.4
1	2020	 87	13392	  7.7	 13.1	0.444	 4.1	 0.0
1	2020	 88	22547	  5.2	 14.2	0.459	 2.5	 0.0
1	2020	 89	 7625	  5.8	 10.7	0.762	 1.7	 0.7
1	2020	 90	17144	  2.3	 13.5	0.824	 1.8	 0.0
1	2020	 91	 7009	  7.5	 12.9	0.963	 1.5	 0.0
1	2020	 92	 9470	  7.2	 15.3	1.059	 1.9	 1.4
1	2020	 93	 9739	  7.2	 14.5	0.804	 2.1	 0.3
1	2020	 94	22718	  3.5	 17.9	0.818	 1.4	 0.0
1	2020	 95	23346	  4.9	 21.3	0.829	 2.4	 0.0
1	2020	 96	22183	  6.6	 18.2	0.678	 3.0	 0.0
1	2020	 97	19299	  8.9	 20.6	0.778	 2.6	 0.0
1	2020	 98	23617	  6.4	 22.7	0.825	 2.7	 0.0
1	2020	 99	21587	  7.3	 22.9	0.850	 2.2	 0.0
1	2020	100	21842	  9.1	 23.2	0.965	 4.1	 0.0
1	2020	101	10146	  6.2	 13.1	0.840	 5.2	 8.1
1	2020	102	19647	  5.0	 15.1	0.769	 3.7	 2.0
1	2020	103	25295	  7.1	 21.2	0.590	 4.6	 0.0
1	2020	104	25097	  4.3	 22.5	0.706	 2.7	 0.0
1	2020	105	18819	 11.8	 22.7	0.786	 3.6	 0.0
1	2020	106	24408	 10.3	 25.4	1.096	 3.4	 0.0
1	2020	107	17835	 14.6	 24.8	1.146	 3.1	 1.0
1	2020	108	25796	  9.2	 23.8	0.835	 3.3	 0.0
1	2020	109	 9631	  9.6	 18.4	0.999	 2.4	 6.3
1	2020	110	13143	 11.1	 18.2	1.207	 2.8	 3.7
1	2020	111	19687	 12.7	 19.9	0.788	 3.5	 0.0
1	2020	112	19964	  9.4	 20.2	0.928	 2.0	 0.1
1	2020	113	25864	  9.5	 17.5	0.551	 3.2	 0.2
1	2020	114	24987	  5.2	 19.9	0.566	 2.0	 0.0
1	2020	115	26746	  6.3	 22.9	0.533	 3.7	 0.0
1	2020	116	26948	 12.3	 25.7	0.599	 4.5	 0.0
1	2020	117	26046	 10.9	 24.1	0.820	 3.9	 0.0
1	2020	118	22240	 10.6	 21.2	0.758	 3.1	 2.4
1	2020	119	26926	  9.6	 24.3	0.766	 3.5	 0.0
1	2020	120	25585	 12.1	 30.0	1.272	 3.8	 0.0
1	2020	121	23447	 18.4	 33.5	1.771	 3.6	 0.0
1	2020	122	24155	 18.8	 30.2	1.946	 3.8	 0.6
1	2020	123	25391	 17.4	 32.5	2.256	 2.5	 0.0
1	2020	124	26383	 19.5	 36.6	1.938	 2.6	 0.0
1	2020	125	19063	 19.6	 28.8	1.809	 4.5	 0.0
1	2020	126	20177	 14.8	 22.5	1.322	 3.2	 1.3
1	2020	127	24291	 12.9	 24.8	1.392	 3.4	 0.0
1	2020	128	 6992	 17.2	 22.4	1.893	 3.4	14.6
1	2020	129	 5296	 14.9	 19.6	1.687	 4.7	14.1
1	2020	130	18693	 11.3	 20.9	1.382	 3.0	 2.7
1	2020	131	26500	 11.7	 26.0	1.553	 2.1	 0.0
1	2020	132	26079	 14.9	 23.6	0.996	 4.5	 0.0
1	2020	133	27702	 15.1	 27.4	1.029	 3.2	 0.0
1	2020	134	25327	 15.7	 29.9	1.272	 3.6	 0.0
1	2020	135	14661	 18.8	 26.4	1.708	 2.5	 0.6
1	2020	136	26625	 14.9	 29.4	1.774	 2.4	 0.0
1	2020	137	25420	 17.7	 31.0	1.733	 4.1	 0.0
1	2020	138	26483	 19.0	 33.8	1.846	 4.3	 2.0
1	2020	139	27987	 13.9	 25.3	0.838	 4.1	 0.1
1	2020	140	28098	 14.0	 30.3	0.952	 2.4	 0.0
1	2020	141	16704	 16.7	 30.2	1.270	 2.3	 0.0
1	2020	142	27475	 18.5	 32.1	1.393	 3.0	 0.0
1	2020	143	27359	 20.0	 33.6	1.621	 2.0	 0.0
1	2020	144	24740	 22.3	 35.6	1.694	 4.6	 1.7
1	2020	145	19564	 18.3	 29.6	1.343	 1.8	 0.0
1	2020	146	19539	 21.3	 29.1	1.392	 3.6	 0.0
1	2020	147	26038	 18.1	 29.6	1.422	 2.8	 0.0
1	2020	148	27061	 16.7	 33.0	1.140	 2.6	 0.0
1	2020	149	28022	 18.5	 34.8	1.172	 3.0	 0.0
1	2020	150	10587	 22.3	 29.8	1.517	 3.7	 0.2
1	2020	151	15387	 18.4	 25.2	1.650	 3.4	 0.2
1	2020	152	24395	 17.9	 33.7	1.931	 2.1	 0.0
1	2020	153	26129	 20.0	 34.6	1.875	 3.6	 0.1
1	2020	154	22301	 24.7	 34.2	1.428	 2.8	 0.0
1	2020	155	29295	 19.9	 36.8	0.957	 3.0	 0.0
1	2020	156	26172	 22.9	 37.4	1.574	 3.3	 0.0
1	2020	157	22377	 24.7	 36.3	1.956	 2.5	 0.0
1	2020	158	28536	 20.5	 35.7	1.597	 2.1	 0.0
1	2020	159	27554	 21.8	 36.4	1.524	 3.9	 0.0
1	2020	160	25330	 22.5	 35.0	1.660	 4.6	 0.0
1	2020	161	12176	 24.0	 29.6	2.277	 3.2	 3.7
1	2020	162	19842	 22.0	 31.5	2.561	 2.0	 3.2
1	2020	163	19770	 22.7	 32.9	2.336	 2.2	 1.1
1	2020	164	 9433	 20.8	 26.3	2.220	 3.5	14.8
1	2020	165	12241	 20.4	 28.4	2.372	 1.6	 0.2
1	2020	166	24873	 22.3	 33.5	2.661	 1.6	 0.2
1	2020	167	18336	 23.3	 33.5	2.549	 1.8	 1.5
1	2020	168	 5155	 18.7	 24.8	2.038	 3.3	26.7
1	2020	169	 2544	 18.0	 18.8	1.912	 3.5	38.9
1	2020	170	13120	 17.7	 24.7	2.035	 2.7	 7.3
1	2020	171	23828	 16.2	 27.8	2.023	 2.0	 0.2
1	2020	172	18420	 19.6	 28.2	2.242	 2.7	 0.2
1	2020	173	21614	 19.3	 28.3	2.230	 2.8	 0.2
1	2020	174	 8809	 20.9	 24.6	2.320	 3.0	10.3
1	2020	175	 5695	 21.1	 24.5	2.462	 2.4	 1.7
1	2020	176	27395	 19.3	 30.6	2.313	 1.9	 0.0
1	2020	177	26069	 21.5	 32.3	2.478	 2.7	 0.0
1	2020	178	20685	 23.2	 31.8	2.721	 2.5	 0.0
1	2020	179	20685	 23.8	 32.9	2.874	 2.4	 0.5
1	2020	180	 9456	 22.2	 26.6	2.516	 4.2	15.6
1	2020	181	24029	 21.3	 30.2	2.275	 2.7	 0.0
1	2020	182	17644	 22.4	 28.7	2.538	 2.5	 5.8
1	2020	183	18681	 20.6	 28.9	2.360	 2.0	 0.1
1	2020	184	18727	 22.7	 29.6	2.627	 2.6	 1.0
1	2020	185	18844	 21.2	 27.9	2.483	 2.2	 1.3
1	2020	186	15939	 20.6	 28.6	2.463	 2.8	 0.3
1	2020	187	23181	 22.7	 31.4	2.809	 2.6	 0.2
1	2020	188	27040	 23.6	 34.9	2.801	 2.0	 0.0
1	2020	189	25413	 24.5	 34.2	2.817	 2.0	 0.1
1	2020	190	25937	 24.0	 32.3	2.329	 3.1	 0.0
1	2020	191	23731	 22.3	 30.8	2.340	 2.8	 0.0
1	2020	192	24493	 21.2	 31.3	2.431	 2.4	 0.2
1	2020	193	 9253	 21.7	 28.7	2.440	 5.0	15.8
1	2020	194	 5040	 21.1	 23.5	2.258	 4.4	22.3
1	2020	195	19334	 20.0	 27.6	2.300	 2.5	 0.1
1	2020	196	 7785	 20.7	 25.7	2.580	 0.8	 4.0
1	2020	197	21093	 20.1	 28.6	2.612	 1.4	 1.5
1	2020	198	23479	 20.2	 29.4	2.485	 2.3	 0.1
1	2020	199	 6678	 21.0	 24.1	2.432	 2.6	34.8
1	2020	200	 9735	 21.3	 27.1	2.561	 2.4	 3.1
1	2020	201	13711	 21.5	 26.7	2.419	 2.7	 1.7
1	2020	202	25849	 19.1	 30.4	2.462	 1.7	 0.0
1	2020	203	16981	 21.3	 28.7	2.587	 3.2	 2.5
1	2020	204	 3522	 20.7	 25.0	2.531	 4.5	98.0
1	2020	205	21776	 21.2	 28.4	2.462	 3.1	 0.0
1	2020	206	18500	 20.5	 28.6	2.435	 2.1	 0.1
1	2020	207	19195	 18.6	 29.7	2.543	 1.3	 0.0
1	2020	208	 5645	 21.1	 24.8	2.499	 2.0	 9.6
1	2020	209	15549	 20.0	 27.8	2.533	 1.9	 0.3
1	2020	210	18390	 20.3	 28.9	2.723	 2.0	 0.1
1	2020	211	14490	 23.2	 29.1	2.876	 2.2	 0.1
1	2020	212	16774	 23.4	 30.6	3.105	 2.8	 4.3
1	2020	213	15620	 23.4	 29.8	3.048	 2.5	15.9
1	2020	214	21110	 24.3	 32.5	3.372	 2.4	18.9
1	2020	215	 9054	 25.5	 31.1	3.482	 2.5	23.4
1	2020	216	19730	 25.9	 33.2	3.490	 3.1	 0.4
1	2020	217	19189	 26.7	 32.8	3.473	 2.8	 1.8
1	2020	218	18764	 25.3	 32.7	3.344	 1.8	 0.6
1	2020	219	13072	 25.9	 32.3	3.382	 2.6	20.6
1	2020	220	 4868	 24.7	 28.1	3.228	 2.0	14.4
1	2020	221	11185	 23.8	 29.3	3.013	 1.8	 0.7
1	2020	222	23494	 22.5	 31.7	2.980	 1.3	 0.0
1	2020	223	21479	 24.0	 32.3	3.208	 2.0	 0.1
1	2020	224	22290	 24.1	 32.2	3.213	 2.7	 1.4
1	2020	225	15324	 25.0	 31.7	3.435	 3.4	25.4
1	2020	226	17832	 26.6	 31.7	3.300	 4.5	 4.2
1	2020	227	17591	 26.0	 32.3	3.341	 3.7	 3.3
1	2020	228	20280	 26.6	 32.7	3.268	 3.2	 0.4
1	2020	229	21040	 25.7	 33.5	3.328	 2.2	 0.2
1	2020	230	21896	 25.8	 34.1	3.375	 2.0	 0.1
1	2020	231	22266	 26.0	 33.3	3.179	 2.2	 0.0
1	2020	232	18240	 24.0	 32.4	2.960	 2.4	 6.4
1	2020	233	 5160	 20.9	 24.1	2.536	 3.6	14.1
1	2020	234	 6501	 21.3	 25.0	2.531	 2.6	10.7
1	2020	235	11457	 21.4	 27.7	2.715	 1.9	 0.5
1	2020	236	18620	 22.8	 31.0	3.112	 2.6	 0.7
1	2020	237	16065	 23.5	 31.1	3.045	 3.6	 1.0
1	2020	238	19955	 20.8	 28.8	2.453	 2.8	 0.0
1	2020	239	12011	 21.9	 27.4	2.507	 3.0	 1.1
1	2020	240	23180	 19.1	 28.9	2.240	 1.8	 0.0
1	2020	241	23166	 19.7	 30.4	2.450	 1.6	 0.0
1	2020	242	22699	 20.4	 31.0	2.622	 1.7	 0.0
1	2020	243	17058	 21.5	 29.8	2.815	 1.7	 0.0
1	2020	244	17849	 23.5	 30.9	2.861	 1.7	 0.2
1	2020	245	20856	 22.6	 30.4	2.493	 2.8	 0.2
1	2020	246	21241	 21.1	 29.4	2.053	 3.0	 1.2
1	2020	247	22229	 17.5	 28.9	1.701	 2.5	 0.0
1	2020	248	23024	 18.2	 30.8	1.797	 2.8	 0.0
1	2020	249	21822	 19.5	 31.9	1.928	 2.5	 0.0
1	2020	250	20956	 20.7	 31.8	2.027	 1.4	 0.0
1	2020	251	22333	 20.1	 32.3	1.978	 2.3	 0.0
1	2020	252	20604	 19.8	 31.8	2.093	 1.7	 0.0
1	2020	253	19899	 20.4	 31.5	2.202	 1.7	 0.1
1	2020	254	 8781	 19.8	 25.4	2.374	 1.3	14.7
1	2020	255	21396	 18.4	 27.1	1.927	 3.1	 0.0
1	2020	256	15584	 18.0	 25.8	1.855	 3.0	 0.0
1	2020	257	17111	 18.8	 26.7	2.069	 1.7	 0.4
1	2020	258	14879	 20.2	 27.4	2.275	 2.3	 0.6
1	2020	259	16030	 20.1	 27.8	2.266	 2.9	 0.9
1	2020	260	17595	 18.8	 30.0	1.798	 2.1	 0.0
1	2020	261	13496	 17.4	 26.3	1.408	 1.8	 0.0
1	2020	262	21407	 15.0	 28.7	1.458	 2.7	 0.0
1	2020	263	20826	 17.5	 29.3	1.378	 2.6	 0.0
1	2020	264	19059	 15.5	 28.4	1.606	 2.0	 0.0
1	2020	265	 5185	 18.5	 24.4	1.772	 2.2	 3.0
1	2020	266	12193	 17.5	 25.7	1.853	 1.6	 2.5
1	2020	267	12787	 18.6	 25.4	1.823	 1.3	 0.3
1	2020	268	16873	 17.1	 26.3	1.749	 1.0	 0.1
1	2020	269	15761	 16.4	 25.9	1.807	 1.9	 0.2
1	2020	270	14825	 16.2	 25.5	1.857	 2.2	 0.8
1	2020	271	18445	 16.1	 26.1	1.582	 2.5	 0.0
1	2020	272	14391	 15.9	 25.5	1.597	 2.2	 0.5
1	2020	273	14183	 17.8	 26.6	1.620	 1.9	 0.0
1	2020	274	12863	 17.5	 24.7	1.697	 2.5	 0.1
1	2020	275	12440	 17.5	 26.4	1.801	 2.8	 0.0
1	2020	276	 2574	 14.3	 20.0	1.680	 3.1	13.0
1	2020	277	 6986	 15.0	 20.8	1.251	 2.1	 0.9
1	2020	278	11720	 10.4	 17.0	0.705	 4.2	 0.0
1	2020	279	 6387	  7.9	 16.5	0.705	 2.1	 0.1
1	2020	280	 9328	  7.1	 17.3	0.839	 1.4	 0.0
1	2020	281	10574	 10.7	 19.7	0.904	 1.5	 0.0
1	2020	282	15731	 10.2	 22.2	1.185	 2.2	 0.0
1	2020	283	11603	 12.9	 21.9	1.389	 1.6	 0.0
1	2020	284	 6153	 13.0	 22.4	1.475	 1.9	 0.0
1	2020	285	 4500	 17.2	 21.1	1.581	 1.8	 1.0
1	2020	286	 4205	 15.6	 19.5	1.472	 2.5	 0.1
1	2020	287	 5146	 14.0	 19.0	1.372	 2.0	 0.8
1	2020	288	 2010	 13.1	 16.4	1.447	 3.6	 4.1
1	2020	289	 6042	 11.8	 18.0	1.488	 1.2	 3.0
1	2020	290	 9599	 11.3	 19.5	1.321	 2.1	 1.3
1	2020	291	14783	  6.4	 19.3	0.844	 1.7	 0.0
1	2020	292	14226	  6.8	 19.5	0.894	 2.0	 0.0
1	2020	293	15705	  8.3	 20.4	1.005	 1.7	 0.0
1	2020	294	11404	  7.4	 19.8	1.017	 2.1	 0.0
1	2020	295	15646	 10.3	 22.3	0.858	 3.0	 0.0
1	2020	296	15750	  7.0	 20.6	0.638	 2.2	 0.0
1	2020	297	15692	  6.3	 17.7	0.510	 2.3	 0.0
1	2020	298	15599	  4.3	 18.3	0.582	 2.1	 0.0
1	2020	299	12842	  8.2	 20.1	0.817	 2.5	 0.0
1	2020	300	13197	  9.9	 22.3	1.103	 1.5	 0.0
1	2020	301	 6789	 12.1	 19.4	1.082	 3.0	 0.0
1	2020	302	 9330	 11.2	 19.2	0.927	 2.5	 0.0
1	2020	303	 9864	  9.7	 19.8	1.158	 1.3	 0.0
1	2020	304	11612	  9.3	 20.1	1.170	 1.8	 0.0
1	2020	305	 6400	 13.5	 19.8	1.323	 2.6	 0.0
1	2020	306	12726	 11.0	 21.9	1.057	 2.4	 0.0
1	2020	307	13268	  7.2	 19.4	0.545	 3.0	 0.0
1	2020	308	12718	  4.5	 16.2	0.469	 1.8	 0.0
1	2020	309	12918	  6.7	 17.8	0.503	 3.2	 0.0
1	2020	310	 6707	  9.8	 17.9	0.886	 2.1	 0.0
1	2020	311	12496	 10.9	 22.2	1.011	 2.4	 0.0
1	2020	312	13215	  8.7	 21.8	0.560	 2.9	 0.0
1	2020	313	12981	  5.8	 18.7	0.543	 2.3	 0.0
1	2020	314	12729	  4.2	 18.4	0.580	 1.9	 0.0
1	2020	315	12397	  5.5	 19.6	0.713	 2.4	 0.0
1	2020	316	11938	  7.7	 19.9	0.759	 3.4	 0.0
1	2020	317	11771	  8.7	 20.4	0.933	 2.5	 0.0
1	2020	318	11715	  7.5	 19.9	0.994	 2.1	 0.0
1	2020	319	11498	  8.8	 18.9	1.067	 2.9	 0.0
1	2020	320	10833	  9.2	 19.4	1.216	 2.4	 0.0
1	2020	321	 7676	 10.6	 19.4	1.210	 3.2	 0.0
1	2020	322	 1587	 13.7	 17.5	1.637	 4.0	28.5
1	2020	323	 1207	 10.6	 17.8	1.489	 3.0	26.0
1	2020	324	 9372	  7.8	 15.8	0.976	 3.6	 0.0
1	2020	325	10889	  4.8	 11.2	0.701	 3.7	 0.0
1	2020	326	 1577	  5.1	  7.0	0.800	 3.7	 9.4
1	2020	327	 4389	  3.7	  7.3	0.676	 3.9	 0.3
1	2020	328	 4047	  0.1	  5.2	0.489	 1.6	 0.1
1	2020	329	 7800	 -1.2	  6.6	0.543	 1.0	 0.0
1	2020	330	 5920	 -0.9	  7.7	0.650	 1.7	 0.3
1	2020	331	 2327	  4.8	  7.7	0.700	 2.2	 0.1
1	2020	332	 5241	  3.8	  9.0	0.672	 2.8	 0.1
1	2020	333	 4268	  0.3	  5.7	0.541	 1.8	 0.0
1	2020	334	 8933	 -1.2	  9.3	0.645	 1.4	 0.0
1	2020	335	 9086	  0.5	  8.2	0.601	 1.9	 0.0
1	2020	336	 3456	  1.1	  5.8	0.536	 2.7	 0.3
1	2020	337	 5260	 -1.7	  5.1	0.637	 2.2	 0.2
1	2020	338	 9735	 -0.5	  5.5	0.461	 2.9	 0.0
1	2020	339	10072	 -2.1	  6.1	0.448	 1.2	 0.0
1	2020	340	 9908	 -1.4	  7.6	0.440	 1.9	 0.0
1	2020	341	 8937	 -2.3	  9.3	0.552	 1.6	 0.0
1	2020	342	 9592	  1.2	  9.1	0.578	 2.8	 0.1
1	2020	343	 9782	 -2.0	  7.4	0.446	 2.4	 0.0
1	2020	344	 2571	  2.5	  7.1	0.641	 1.8	 0.0
1	2020	345	 8640	  0.7	 10.1	0.739	 1.8	 0.0
1	2020	346	 8087	 -0.8	 10.2	0.633	 1.5	 0.0
1	2020	347	 8873	 -2.2	 10.7	0.605	 1.9	 0.0
1	2020	348	 8309	 -0.8	  4.2	0.290	 5.7	 0.0
1	2020	349	10107	 -5.5	  1.1	0.178	 1.6	 0.0
1	2020	350	10040	 -6.1	  3.2	0.246	 2.0	 0.0
1	2020	351	 9769	 -5.8	  4.5	0.308	 1.6	 0.0
1	2020	352	 8599	 -4.3	  5.4	0.339	 1.9	 0.0
1	2020	353	 8808	 -3.2	  6.0	0.351	 2.7	 0.0
1	2020	354	 9123	 -5.4	  4.9	0.371	 1.6	 0.0
1	2020	355	 9930	 -3.2	  6.7	0.387	 2.2	 0.0
1	2020	356	 9987	 -5.1	  7.8	0.384	 2.2	 0.0
1	2020	357	 9916	 -2.3	 10.0	0.426	 2.8	 0.0
1	2020	358	 8973	 -0.5	 11.3	0.541	 2.2	 0.0
1	2020	359	10017	 -3.0	  9.6	0.383	 2.0	 0.0
1	2020	360	 9433	 -2.4	  9.8	0.479	 2.4	 0.0
1	2020	361	 8272	 -0.9	 10.5	0.579	 2.0	 0.0
1	2020	362	 9854	 -0.5	 12.4	0.651	 1.9	 0.0
1	2020	363	 8280	  1.1	 13.1	0.751	 3.3	 1.4
1	2020	364	 3656	 -7.0	  3.8	0.366	 5.5	 7.2
1	2020	365	10887	 -8.7	 -2.7	0.150	 2.9	 0.0
1	2020	366	10440	 -8.8	  1.2	0.188	 2.2	 0.0
