*------------------------------------------------------------*
*   Country: China
*   Station: 115.1_34.4
*      Year: 2021
*    Origin: AgERA5 dataset
*    Author: Huang Hai, CAU
* Longitude: 115.10 E
*  Latitude: 34.40 N
* Elevation: 54.00 m
*   Columns: 
*   ======== 
*  station number
*  year
*  day
*  irradiation (kJ路m-2路d-1)
*  minimum temperature (degrees Celsius)
*  maximum temperature (degrees Celsius)
*  vapour pressure (kPa)
*  mean wind speed (m路s-1)
*  precipitation (mm路d-1)
** WCCDESCRIPTION=115.1_34.4, China
** WCCFORMAT=2
** WCCYEARNR=2021
*------------------------------------------------------------*
115.10  34.40  54.00  -0.18  -0.55
1	2021	  1	10747	 -4.9	  6.4	0.288	 3.0	 0.0
1	2021	  2	 9059	 -5.0	  7.8	0.486	 1.8	 0.0
1	2021	  3	 7144	 -3.2	  5.2	0.457	 2.2	 0.0
1	2021	  4	 9018	 -4.9	  6.6	0.446	 2.5	 0.0
1	2021	  5	 6253	 -4.4	  2.5	0.355	 2.7	 0.1
1	2021	  6	10726	 -6.5	  3.0	0.246	 3.5	 0.0
1	2021	  7	11497	-11.5	 -4.6	0.075	 2.4	 0.0
1	2021	  8	11503	 -8.0	  0.9	0.114	 3.1	 0.0
1	2021	  9	11487	 -7.2	  2.8	0.151	 1.8	 0.0
1	2021	 10	 9579	 -6.3	  4.1	0.207	 2.2	 0.0
1	2021	 11	11548	 -3.6	  4.2	0.186	 4.3	 0.0
1	2021	 12	11519	 -3.2	 11.6	0.274	 4.2	 0.0
1	2021	 13	11564	  1.4	 15.3	0.395	 3.0	 0.0
1	2021	 14	11505	 -0.3	 15.4	0.552	 3.4	 0.0
1	2021	 15	 9028	  0.5	  9.5	0.354	 3.5	 0.0
1	2021	 16	 9870	 -3.0	  4.5	0.350	 1.9	 0.0
1	2021	 17	12279	 -4.3	  6.8	0.237	 3.6	 0.0
1	2021	 18	12243	 -3.0	 11.1	0.370	 2.5	 0.0
1	2021	 19	11961	 -0.7	 11.2	0.443	 3.1	 0.0
1	2021	 20	 8629	 -2.4	  8.7	0.501	 1.2	 0.0
1	2021	 21	 7422	 -0.3	  9.3	0.570	 1.4	 0.0
1	2021	 22	 9445	 -1.6	  9.3	0.578	 2.6	 0.0
1	2021	 23	11959	  0.1	  9.2	0.574	 1.8	 0.0
1	2021	 24	 7309	 -1.6	  7.9	0.579	 2.5	 0.1
1	2021	 25	 2802	  1.8	  5.4	0.678	 2.6	 2.8
1	2021	 26	12320	 -1.7	 10.5	0.589	 2.3	 0.0
1	2021	 27	 8917	 -1.5	 10.6	0.670	 2.8	 0.0
1	2021	 28	13587	 -0.6	  8.0	0.231	 3.6	 0.0
1	2021	 29	12938	 -2.0	 12.5	0.470	 3.7	 0.0
1	2021	 30	12377	 -1.4	 14.3	0.455	 2.2	 0.0
1	2021	 31	12681	  0.1	 15.0	0.434	 2.8	 0.0
1	2021	 32	13405	  1.5	 14.5	0.415	 3.0	 0.0
1	2021	 33	13774	 -1.6	  9.1	0.374	 2.4	 0.0
1	2021	 34	13612	  0.7	 15.4	0.492	 3.1	 0.0
1	2021	 35	13339	 -1.5	 12.3	0.466	 2.6	 0.0
1	2021	 36	13890	  4.7	 16.5	0.501	 3.8	 0.0
1	2021	 37	13692	  3.6	 19.1	0.632	 3.3	 0.0
1	2021	 38	13188	  3.3	 11.2	0.527	 5.0	 0.0
1	2021	 39	12952	  0.4	  9.3	0.334	 2.6	 0.0
1	2021	 40	14311	 -0.8	 12.3	0.538	 2.8	 0.0
1	2021	 41	14100	  1.4	 15.6	0.695	 1.9	 0.0
1	2021	 42	14782	  0.9	 16.1	0.778	 2.4	 0.0
1	2021	 43	14256	  5.3	 17.6	1.030	 2.9	 0.0
1	2021	 44	 7574	  6.1	 15.9	1.037	 2.3	 0.1
1	2021	 45	14941	  7.5	 18.0	1.113	 2.6	 7.9
1	2021	 46	10879	  2.8	  8.3	0.603	 3.7	 0.0
1	2021	 47	15940	  1.6	 13.5	0.502	 3.5	 0.0
1	2021	 48	15994	 -1.6	  9.3	0.341	 2.2	 0.0
1	2021	 49	15499	 -0.9	 13.6	0.518	 3.1	 0.0
1	2021	 50	16322	  5.7	 21.7	0.549	 4.5	 0.0
1	2021	 51	16853	  6.4	 23.5	0.532	 4.5	 0.0
1	2021	 52	16513	 11.0	 26.2	0.770	 4.3	 0.0
1	2021	 53	16695	  7.3	 18.0	0.545	 4.7	 0.0
1	2021	 54	14774	  4.5	 13.0	0.443	 4.7	 0.0
1	2021	 55	 5241	  2.1	  8.5	0.619	 4.6	10.2
1	2021	 56	 3427	  0.7	  4.4	0.691	 4.7	12.0
1	2021	 57	12058	  3.3	 10.7	0.668	 3.5	 0.3
1	2021	 58	11139	  4.6	 10.9	0.740	 2.2	 0.0
1	2021	 59	 1302	  7.1	  9.2	1.044	 2.6	15.6
1	2021	 60	11135	  0.3	  8.5	0.697	 4.9	 2.1
1	2021	 61	17995	 -1.8	 11.8	0.687	 2.8	 0.0
1	2021	 62	16870	  4.3	 14.7	0.718	 3.6	 0.0
1	2021	 63	18171	  4.2	 18.0	0.967	 3.3	 0.0
1	2021	 64	13755	  7.9	 17.9	0.974	 3.0	 0.0
1	2021	 65	 9170	  1.6	 11.4	0.452	 5.6	 0.1
1	2021	 66	16652	  0.0	  9.5	0.529	 1.4	 0.0
1	2021	 67	12167	  1.9	 11.6	0.740	 1.8	 0.9
1	2021	 68	 9910	  4.8	 12.2	0.913	 1.6	 0.1
1	2021	 69	 7902	  4.9	 12.8	0.960	 1.9	 0.2
1	2021	 70	 5215	  5.8	 12.1	1.072	 1.5	 7.2
1	2021	 71	15968	  3.4	 14.6	0.947	 2.2	 0.0
1	2021	 72	14096	  7.7	 14.9	0.951	 1.7	 0.0
1	2021	 73	13951	  7.8	 17.6	1.162	 3.5	 0.2
1	2021	 74	11061	 12.6	 20.8	1.465	 3.3	 3.6
1	2021	 75	21225	  6.4	 15.6	0.539	 3.6	 0.0
1	2021	 76	17284	  5.1	 14.8	0.549	 2.5	 0.0
1	2021	 77	 3960	  8.0	 11.5	0.677	 3.5	 0.5
1	2021	 78	 4212	  5.5	  9.4	0.771	 2.7	 4.6
1	2021	 79	15718	  2.0	 13.9	0.848	 2.3	 0.0
1	2021	 80	21403	  3.7	 12.4	0.443	 3.3	 0.0
1	2021	 81	22329	  0.9	 16.4	0.489	 3.1	 0.0
1	2021	 82	18598	  6.3	 18.7	0.751	 4.9	 0.0
1	2021	 83	21240	  7.6	 21.2	1.019	 2.8	 0.0
1	2021	 84	21366	  7.4	 22.0	0.989	 3.1	 0.0
1	2021	 85	 4908	 10.4	 17.3	1.225	 1.5	 5.2
1	2021	 86	14802	  8.0	 19.8	1.363	 2.2	 0.6
1	2021	 87	22072	 11.7	 25.6	1.446	 3.4	 0.0
1	2021	 88	16632	 12.8	 20.0	1.022	 3.8	 0.0
1	2021	 89	21244	  8.5	 21.4	0.699	 3.3	 0.0
1	2021	 90	 4904	  9.8	 15.0	0.918	 3.8	 4.8
1	2021	 91	 6007	 10.8	 15.2	0.995	 3.6	 0.0
1	2021	 92	 2943	  9.2	 13.0	1.072	 3.4	 4.8
1	2021	 93	 6340	  8.2	 13.0	0.976	 5.1	 1.7
1	2021	 94	23130	  3.2	 16.3	0.588	 2.3	 0.0
1	2021	 95	12527	  4.2	 16.7	0.760	 2.3	 0.0
1	2021	 96	20878	  4.0	 18.3	0.907	 1.4	 0.0
1	2021	 97	13098	  9.4	 18.4	1.030	 1.8	 0.0
1	2021	 98	22183	  6.2	 20.2	1.033	 1.9	 0.0
1	2021	 99	19902	  6.5	 20.2	0.928	 2.8	 0.0
1	2021	100	22961	  8.6	 20.6	0.752	 3.2	 0.0
1	2021	101	 6964	 10.3	 15.9	1.169	 2.7	 0.0
1	2021	102	22106	  9.8	 22.8	1.292	 1.9	 0.0
1	2021	103	18364	 12.5	 18.4	0.917	 3.8	 0.0
1	2021	104	19188	  8.5	 19.2	0.955	 2.5	 0.0
1	2021	105	22406	 10.5	 23.8	1.205	 4.2	 0.0
1	2021	106	23419	 11.7	 22.7	0.496	 3.8	 0.0
1	2021	107	26115	  7.3	 19.8	0.390	 2.8	 0.0
1	2021	108	23611	  7.9	 22.2	0.588	 3.8	 0.0
1	2021	109	25136	  9.1	 25.1	0.794	 3.1	 0.0
1	2021	110	 3285	 13.5	 17.0	1.390	 3.0	15.8
1	2021	111	 3057	 12.3	 14.3	1.398	 3.2	10.0
1	2021	112	11854	 12.1	 19.2	1.396	 2.8	 3.5
1	2021	113	20733	 10.1	 20.8	1.296	 3.7	 0.4
1	2021	114	 7943	 11.8	 17.8	1.224	 4.6	 1.1
1	2021	115	 5252	 12.3	 15.6	1.221	 3.5	 0.8
1	2021	116	13627	 11.5	 18.7	1.278	 1.8	 0.2
1	2021	117	25034	 11.2	 24.3	1.012	 2.9	 0.0
1	2021	118	25573	 15.0	 23.9	0.729	 3.7	 0.0
1	2021	119	23162	 14.6	 29.1	0.784	 5.5	 0.0
1	2021	120	24569	 13.5	 30.1	0.844	 4.8	 0.1
1	2021	121	26358	  9.7	 25.8	0.881	 2.8	 0.0
1	2021	122	22276	 13.1	 22.4	0.601	 4.1	 0.2
1	2021	123	 7044	 13.2	 16.3	1.178	 2.1	16.0
1	2021	124	24439	 10.9	 25.0	1.160	 3.5	 0.0
1	2021	125	26717	  9.9	 26.8	0.815	 3.1	 0.0
1	2021	126	24238	 15.7	 29.7	1.404	 5.9	 0.0
1	2021	127	25557	 17.0	 25.8	0.763	 3.8	 0.0
1	2021	128	26942	 15.1	 32.8	1.430	 3.9	 0.0
1	2021	129	25597	 19.2	 32.4	2.106	 3.3	 0.0
1	2021	130	25013	 19.1	 31.3	1.817	 4.0	 0.0
1	2021	131	20983	 17.7	 26.3	1.504	 3.3	 0.1
1	2021	132	24619	 14.7	 28.4	1.729	 1.9	 0.0
1	2021	133	12929	 17.4	 26.2	1.993	 3.1	 0.3
1	2021	134	10111	 18.7	 25.1	2.234	 2.8	 7.7
1	2021	135	 7075	 17.5	 23.2	2.194	 4.0	27.4
1	2021	136	 6122	 11.8	 17.1	1.194	 5.3	 6.2
1	2021	137	21171	 11.4	 22.7	1.267	 2.3	 0.0
1	2021	138	26818	 11.3	 25.1	1.476	 2.8	 0.0
1	2021	139	10529	 14.2	 22.9	1.688	 2.6	 0.0
1	2021	140	24444	 14.7	 26.8	1.813	 3.4	 0.4
1	2021	141	24519	 16.9	 28.8	1.999	 2.9	 0.0
1	2021	142	25895	 18.0	 30.4	1.919	 2.6	 0.1
1	2021	143	10799	 17.7	 23.6	1.623	 3.2	 2.5
1	2021	144	28249	 14.8	 30.9	1.173	 4.1	 0.0
1	2021	145	21360	 17.7	 28.0	1.150	 4.3	 0.0
1	2021	146	22262	 19.2	 28.9	1.696	 4.6	 0.0
1	2021	147	26828	 15.1	 32.6	1.604	 4.9	 0.0
1	2021	148	29092	 21.4	 30.9	0.898	 3.5	 0.0
1	2021	149	26334	 19.7	 34.5	1.876	 3.9	 0.0
1	2021	150	27229	 18.8	 32.8	1.912	 1.5	 0.0
1	2021	151	26365	 20.6	 34.7	2.010	 2.7	 0.0
1	2021	152	19915	 22.7	 32.7	2.157	 2.5	 0.6
1	2021	153	25262	 23.0	 35.4	2.042	 2.8	 0.7
1	2021	154	 9113	 19.2	 27.0	1.611	 2.8	 3.6
1	2021	155	29356	 16.1	 34.0	0.914	 3.9	 0.0
1	2021	156	28143	 21.0	 37.7	1.101	 3.6	 0.0
1	2021	157	26858	 21.9	 38.0	1.696	 4.3	 0.0
1	2021	158	23930	 25.4	 39.6	1.194	 4.4	 0.0
1	2021	159	26323	 23.9	 37.5	1.428	 2.1	 0.0
1	2021	160	17130	 25.2	 34.6	1.790	 2.5	 0.0
1	2021	161	22589	 23.4	 34.1	1.992	 2.3	 0.0
1	2021	162	24113	 23.7	 34.9	1.923	 2.3	 0.0
1	2021	163	20829	 26.2	 36.5	2.285	 3.4	 0.1
1	2021	164	10147	 24.6	 29.1	2.822	 3.0	 8.7
1	2021	165	10484	 24.1	 31.6	3.189	 2.5	42.1
1	2021	166	18294	 24.7	 32.1	2.834	 3.7	 6.0
1	2021	167	 8933	 23.0	 28.0	2.485	 2.3	 3.0
1	2021	168	 9706	 22.5	 28.0	2.482	 2.4	 4.7
1	2021	169	11447	 18.2	 25.3	1.773	 3.1	 0.1
1	2021	170	22788	 16.2	 30.3	1.891	 2.6	 0.0
1	2021	171	26997	 19.5	 32.2	1.857	 2.9	 0.0
1	2021	172	27731	 19.8	 32.9	1.871	 2.7	 0.0
1	2021	173	27961	 20.7	 33.9	1.931	 2.1	 0.0
1	2021	174	24262	 20.9	 34.5	1.673	 2.4	 0.0
1	2021	175	24809	 21.4	 34.3	1.864	 2.5	 0.0
1	2021	176	10427	 23.9	 29.1	2.426	 2.5	 2.2
1	2021	177	21705	 21.9	 33.6	2.569	 2.6	 0.0
1	2021	178	25997	 21.9	 34.3	2.567	 2.1	 0.0
1	2021	179	25025	 23.4	 35.5	2.606	 2.2	 0.0
1	2021	180	23408	 25.6	 35.5	2.404	 2.1	 0.2
1	2021	181	25582	 26.0	 37.1	2.358	 3.2	 0.0
1	2021	182	20749	 24.4	 35.2	2.317	 2.7	 0.5
1	2021	183	19986	 24.9	 34.4	2.406	 3.0	 3.4
1	2021	184	21624	 22.9	 32.6	2.358	 2.0	 2.4
1	2021	185	23483	 23.8	 34.6	2.355	 3.3	 0.0
1	2021	186	21771	 22.5	 32.2	2.285	 2.4	 0.8
1	2021	187	13876	 23.3	 31.2	2.796	 1.9	 0.8
1	2021	188	14680	 23.9	 31.8	2.796	 2.0	 0.5
1	2021	189	25282	 22.8	 35.7	2.634	 2.6	 0.0
1	2021	190	26325	 24.3	 37.1	2.895	 3.4	 0.1
1	2021	191	21757	 26.3	 36.7	3.132	 4.0	 0.3
1	2021	192	 7557	 28.8	 32.9	3.018	 6.0	 7.3
1	2021	193	19871	 27.4	 34.4	3.016	 5.8	 8.7
1	2021	194	23371	 26.8	 36.4	2.975	 4.8	 0.2
1	2021	195	23566	 27.1	 36.8	3.018	 3.4	 9.8
1	2021	196	15685	 24.8	 32.6	2.883	 2.3	20.0
1	2021	197	10876	 24.9	 29.5	3.028	 1.1	34.8
1	2021	198	17160	 24.3	 30.1	2.905	 3.1	 2.4
1	2021	199	10829	 23.7	 30.0	2.946	 3.8	11.1
1	2021	200	12016	 23.8	 30.1	2.945	 4.0	 8.9
1	2021	201	 6010	 24.3	 28.5	3.067	 4.0	29.6
1	2021	202	 5558	 24.9	 28.5	3.074	 4.1	30.6
1	2021	203	13260	 24.6	 29.0	2.796	 3.8	 0.2
1	2021	204	14877	 24.0	 29.6	3.031	 2.8	 5.4
1	2021	205	22808	 24.2	 31.5	2.840	 2.4	 0.1
1	2021	206	23298	 23.3	 32.0	2.872	 1.5	 0.1
1	2021	207	24252	 23.5	 32.5	2.853	 2.5	 0.0
1	2021	208	10666	 25.3	 30.4	3.020	 4.0	 3.0
1	2021	209	 6284	 22.8	 25.7	2.645	 7.7	128.9
1	2021	210	13799	 22.1	 27.1	2.337	 5.6	21.5
1	2021	211	23748	 20.7	 32.2	2.902	 2.4	 0.1
1	2021	212	24989	 24.8	 34.2	3.401	 2.8	 0.0
1	2021	213	20379	 24.5	 34.0	3.045	 2.5	 8.4
1	2021	214	23654	 23.7	 31.4	2.622	 3.0	 1.1
1	2021	215	23441	 22.7	 31.6	2.791	 2.2	 0.2
1	2021	216	22508	 24.0	 32.3	3.066	 1.8	 0.1
1	2021	217	17862	 25.4	 31.8	3.143	 1.6	 5.1
1	2021	218	21996	 23.9	 32.2	3.045	 1.8	 0.3
1	2021	219	21828	 24.7	 32.7	2.947	 1.8	 0.0
1	2021	220	21914	 23.3	 32.3	2.883	 1.3	 0.0
1	2021	221	21244	 24.0	 31.6	2.755	 2.2	 0.1
1	2021	222	17527	 21.0	 30.7	2.621	 1.5	 0.0
1	2021	223	15856	 22.7	 30.8	2.834	 2.4	 0.0
1	2021	224	10661	 24.7	 30.0	2.873	 2.5	 1.5
1	2021	225	 7323	 21.7	 25.3	2.586	 1.5	11.4
1	2021	226	19808	 20.1	 28.9	2.466	 2.0	 0.1
1	2021	227	20667	 20.5	 29.3	2.429	 2.1	 0.1
1	2021	228	19082	 22.8	 30.1	2.757	 1.7	 0.7
1	2021	229	21169	 21.8	 30.6	2.733	 1.5	 0.1
1	2021	230	20169	 22.6	 31.0	2.744	 2.0	 0.5
1	2021	231	21055	 23.0	 31.6	2.825	 3.3	 1.4
1	2021	232	13153	 22.7	 29.1	2.700	 3.5	19.2
1	2021	233	19095	 19.8	 29.7	2.622	 1.6	 0.0
1	2021	234	 5179	 23.5	 27.6	2.846	 3.5	71.4
1	2021	235	13209	 22.5	 28.3	2.451	 3.4	46.0
1	2021	236	20023	 21.8	 30.7	2.358	 2.5	 0.0
1	2021	237	21205	 20.0	 30.3	1.924	 3.0	 0.0
1	2021	238	 7964	 19.3	 25.0	1.999	 3.2	 5.3
1	2021	239	 6862	 17.3	 22.1	2.068	 1.6	 1.5
1	2021	240	 8893	 17.7	 24.7	2.276	 1.4	 5.4
1	2021	241	 2730	 20.8	 23.1	2.565	 2.2	30.8
1	2021	242	 5124	 20.8	 25.9	2.682	 2.6	44.0
1	2021	243	 9949	 21.6	 25.9	2.567	 4.0	 5.7
1	2021	244	 5537	 20.1	 22.7	2.301	 2.8	 8.9
1	2021	245	17767	 19.1	 27.5	2.282	 1.9	 0.6
1	2021	246	19162	 18.4	 28.4	2.384	 2.6	 0.4
1	2021	247	 2048	 20.1	 24.0	2.342	 3.8	61.8
1	2021	248	11386	 19.1	 25.3	2.185	 4.0	 0.8
1	2021	249	 4311	 20.3	 23.7	2.326	 3.6	 2.4
1	2021	250	18402	 18.6	 26.1	2.067	 1.9	 0.0
1	2021	251	21201	 17.3	 28.0	2.156	 2.8	 0.0
1	2021	252	21307	 19.3	 29.9	2.431	 3.4	 0.0
1	2021	253	21531	 20.4	 31.4	2.674	 2.4	 0.0
1	2021	254	21833	 20.8	 31.9	2.436	 2.4	 0.0
1	2021	255	21225	 21.0	 31.0	2.466	 2.4	 0.0
1	2021	256	21290	 19.7	 29.4	2.228	 2.5	 0.0
1	2021	257	21037	 18.4	 30.1	2.263	 2.1	 0.0
1	2021	258	17922	 20.8	 29.3	2.178	 1.8	 0.3
1	2021	259	18324	 19.0	 29.5	2.064	 2.7	 0.0
1	2021	260	 5828	 20.9	 24.9	2.236	 3.3	 0.2
1	2021	261	 5951	 20.6	 25.6	2.439	 3.2	 8.1
1	2021	262	 5352	 16.4	 24.3	2.111	 3.9	22.3
1	2021	263	16499	 16.9	 26.2	1.910	 3.4	 0.0
1	2021	264	20498	 20.2	 30.2	2.067	 3.5	 0.0
1	2021	265	18739	 19.6	 30.9	2.408	 1.9	 0.0
1	2021	266	18201	 19.4	 31.7	2.297	 2.7	 0.0
1	2021	267	 3929	 22.3	 26.5	2.378	 2.7	28.9
1	2021	268	 3425	 20.3	 24.3	2.390	 3.6	43.4
1	2021	269	 6045	 19.7	 22.0	2.196	 3.7	 7.0
1	2021	270	 6216	 19.3	 23.9	2.139	 2.9	 0.1
1	2021	271	 3696	 16.4	 21.4	2.011	 2.8	10.9
1	2021	272	18568	 12.5	 26.2	1.863	 1.7	 0.0
1	2021	273	18873	 16.5	 27.7	1.952	 3.4	 0.0
1	2021	274	17071	 18.4	 28.4	2.282	 2.2	 0.0
1	2021	275	17098	 18.0	 30.3	2.345	 2.9	 0.0
1	2021	276	13894	 22.3	 31.7	2.466	 3.5	 0.1
1	2021	277	10005	 16.1	 26.5	2.008	 5.9	 1.1
1	2021	278	 3933	 13.5	 16.0	1.320	 6.3	 1.5
1	2021	279	 2523	 12.1	 14.1	1.297	 5.3	 2.9
1	2021	280	 1721	 11.5	 12.9	1.250	 4.0	 4.0
1	2021	281	 3353	 12.5	 15.9	1.444	 2.9	 2.3
1	2021	282	 6220	 14.2	 21.4	1.660	 2.8	 0.9
1	2021	283	 4376	 15.3	 18.1	1.098	 4.8	 0.5
1	2021	284	 8592	 13.3	 17.9	0.809	 3.2	 0.0
1	2021	285	15621	 13.7	 20.3	0.976	 2.8	 0.0
1	2021	286	16198	 12.1	 22.4	1.143	 2.0	 0.0
1	2021	287	12457	 13.6	 23.4	1.401	 3.4	 0.5
1	2021	288	 2731	 14.6	 17.4	1.623	 2.9	 1.6
1	2021	289	12052	  7.4	 15.6	0.603	 4.9	 0.1
1	2021	290	16659	  4.0	 14.4	0.516	 2.2	 0.0
1	2021	291	15651	  8.4	 18.4	0.860	 3.1	 0.0
1	2021	292	 8589	  9.5	 16.7	0.997	 3.4	 0.0
1	2021	293	 5796	  9.8	 13.6	1.028	 1.9	 1.0
1	2021	294	13621	  7.8	 17.4	1.051	 2.4	 0.3
1	2021	295	15225	  5.3	 18.9	0.906	 1.5	 0.0
1	2021	296	13751	  6.4	 18.8	0.859	 1.5	 0.0
1	2021	297	14050	  8.9	 19.0	0.881	 1.4	 0.1
1	2021	298	14778	  7.0	 20.2	0.967	 2.2	 0.0
1	2021	299	11247	  8.6	 20.6	1.157	 1.9	 0.0
1	2021	300	11778	 10.2	 20.2	1.187	 2.4	 0.0
1	2021	301	12343	 10.0	 21.4	1.143	 1.3	 0.0
1	2021	302	11410	  9.9	 21.7	1.204	 2.3	 0.0
1	2021	303	13834	 10.1	 22.9	1.304	 2.3	 0.0
1	2021	304	 9963	 10.8	 21.2	1.290	 2.2	 0.0
1	2021	305	 8744	 10.1	 18.1	1.126	 3.2	 0.0
1	2021	306	 8914	 11.2	 19.3	1.345	 1.8	 0.2
1	2021	307	11339	  9.8	 20.6	1.212	 2.0	 0.0
1	2021	308	10569	  9.5	 21.3	1.249	 2.3	 0.0
1	2021	309	 6742	 14.1	 21.1	1.485	 2.4	 0.0
1	2021	310	 3044	 13.7	 18.8	1.665	 2.8	 1.9
1	2021	311	 3051	  0.5	 15.3	0.618	 5.7	25.8
1	2021	312	13617	 -0.3	  9.5	0.358	 2.9	 0.0
1	2021	313	13137	  1.4	 13.2	0.391	 4.0	 0.0
1	2021	314	12718	  3.9	 14.6	0.494	 2.7	 0.0
1	2021	315	12636	  4.7	 14.9	0.527	 2.2	 0.0
1	2021	316	12494	  4.3	 15.3	0.566	 2.4	 0.0
1	2021	317	12550	  3.9	 17.0	0.500	 2.9	 0.0
1	2021	318	12402	  3.4	 17.2	0.558	 2.2	 0.0
1	2021	319	11228	  6.5	 17.3	0.753	 2.3	 0.0
1	2021	320	11347	  5.8	 16.3	0.867	 2.8	 0.0
1	2021	321	 8208	  7.2	 18.4	0.947	 2.5	 0.0
1	2021	322	11561	  7.8	 19.3	0.896	 3.6	 0.0
1	2021	323	10819	  7.2	 18.3	1.065	 2.1	 0.0
1	2021	324	 6705	  7.5	 15.3	0.957	 3.7	 0.2
1	2021	325	 7048	  5.0	 13.6	0.658	 3.3	 0.0
1	2021	326	11937	 -0.6	  6.9	0.178	 2.6	 0.0
1	2021	327	11566	 -2.7	 11.1	0.318	 2.9	 0.0
1	2021	328	11337	  3.8	 16.5	0.415	 3.6	 0.0
1	2021	329	11192	  0.7	 15.5	0.495	 1.9	 0.0
1	2021	330	10856	  1.3	 15.7	0.583	 2.0	 0.0
1	2021	331	10229	  2.8	 14.3	0.691	 2.7	 0.0
1	2021	332	 7861	  5.2	 13.7	0.886	 2.3	 0.0
1	2021	333	 6578	  3.1	 14.3	0.877	 3.1	 2.6
1	2021	334	10938	 -0.4	  9.2	0.339	 3.6	 0.0
1	2021	335	10792	 -2.9	  9.3	0.324	 2.3	 0.0
1	2021	336	10754	 -0.4	 12.4	0.330	 3.6	 0.0
1	2021	337	10591	  0.0	 13.1	0.348	 1.9	 0.0
1	2021	338	10383	  0.6	 14.6	0.424	 2.1	 0.0
1	2021	339	10376	  1.1	 14.9	0.504	 2.5	 0.0
1	2021	340	10279	  2.3	 13.3	0.459	 4.2	 0.0
1	2021	341	 9169	  2.3	 10.4	0.541	 2.8	 0.0
1	2021	342	 5855	  3.0	 11.0	0.670	 1.9	 0.0
1	2021	343	 9779	  1.3	 13.4	0.753	 2.2	 0.0
1	2021	344	 7626	  1.3	 13.7	0.831	 2.1	 0.0
1	2021	345	 5290	  5.9	 11.5	0.942	 1.7	 1.1
1	2021	346	 8052	  0.5	  8.4	0.538	 3.4	 0.0
1	2021	347	 9852	 -2.1	  9.4	0.465	 2.6	 0.0
1	2021	348	 9749	  3.3	 13.2	0.780	 3.4	 0.0
1	2021	349	 7922	  1.1	 13.0	0.832	 1.5	 0.0
1	2021	350	 7629	  1.6	 12.4	0.520	 3.0	 0.0
1	2021	351	 9805	 -3.1	  3.8	0.256	 3.4	 0.0
1	2021	352	 8620	 -3.5	  9.3	0.276	 3.7	 0.0
1	2021	353	 9994	 -1.2	 12.9	0.399	 3.5	 0.0
1	2021	354	 9958	  3.2	 15.0	0.448	 3.5	 0.0
1	2021	355	10112	 -0.6	 14.1	0.449	 1.7	 0.0
1	2021	356	 9902	 -0.3	 12.3	0.595	 2.6	 0.0
1	2021	357	 8400	 -0.4	  9.1	0.678	 3.5	 0.1
1	2021	358	 4909	 -3.9	  4.9	0.467	 5.7	 1.4
1	2021	359	 9612	 -6.6	 -1.7	0.189	 3.8	 0.0
1	2021	360	10411	 -7.8	 -0.4	0.202	 1.5	 0.0
1	2021	361	10516	 -6.7	  4.0	0.235	 2.6	 0.0
1	2021	362	10100	 -3.2	  7.4	0.310	 3.7	 0.0
1	2021	363	10526	 -3.2	  7.9	0.241	 2.7	 0.0
1	2021	364	10252	 -4.2	  8.4	0.290	 1.9	 0.0
1	2021	365	 6736	 -3.8	  8.2	0.358	 2.1	 0.0
