*------------------------------------------------------------*
*   Country: China
*   Station: 115.2_36.1
*      Year: 2020
*    Origin: AgERA5 dataset
*    Author: Huang Hai, CAU
* Longitude: 115.20 E
*  Latitude: 36.10 N
* Elevation: 49.00 m
*   Columns: 
*   ======== 
*  station number
*  year
*  day
*  irradiation (kJ路m-2路d-1)
*  minimum temperature (degrees Celsius)
*  maximum temperature (degrees Celsius)
*  vapour pressure (kPa)
*  mean wind speed (m路s-1)
*  precipitation (mm路d-1)
** WCCDESCRIPTION=115.2_36.1, China
** WCCFORMAT=2
** WCCYEARNR=2020
*------------------------------------------------------------*
115.20  36.10  49.00  -0.18  -0.55
1	2020	  1	 9186	 -4.0	  4.3	0.256	 2.2	 0.0
1	2020	  2	 9521	 -5.1	  5.9	0.352	 1.3	 0.0
1	2020	  3	 8612	 -4.1	  7.5	0.427	 1.4	 0.0
1	2020	  4	 7887	 -1.9	  9.9	0.573	 1.7	 0.0
1	2020	  5	  630	  0.6	  3.0	0.658	 2.9	11.5
1	2020	  6	 2801	 -0.4	  3.4	0.643	 3.9	 1.2
1	2020	  7	 2021	 -7.1	  2.3	0.584	 4.6	13.6
1	2020	  8	 8452	 -9.1	  3.4	0.414	 1.3	 0.0
1	2020	  9	10001	 -4.9	  5.8	0.430	 1.9	 0.0
1	2020	 10	 8975	 -4.1	  6.2	0.522	 1.7	 0.0
1	2020	 11	 5737	 -5.3	  3.5	0.417	 2.0	 0.0
1	2020	 12	 9063	 -5.4	  3.7	0.405	 0.8	 0.0
1	2020	 13	 7946	 -5.8	  4.0	0.431	 2.0	 0.0
1	2020	 14	11263	 -6.7	  3.1	0.358	 1.5	 0.0
1	2020	 15	 8910	 -5.9	  3.4	0.352	 1.2	 0.0
1	2020	 16	 5452	 -3.6	  1.6	0.437	 1.0	 0.6
1	2020	 17	 9953	 -4.4	  5.7	0.503	 2.0	 0.0
1	2020	 18	 9764	 -4.9	  7.5	0.542	 2.7	 0.0
1	2020	 19	11637	 -4.4	  7.6	0.346	 2.3	 0.0
1	2020	 20	11194	 -3.7	  7.0	0.373	 2.7	 0.0
1	2020	 21	 8944	 -4.0	  8.0	0.529	 2.7	 0.0
1	2020	 22	 8937	 -3.1	  8.2	0.601	 1.8	 0.0
1	2020	 23	 9424	 -3.0	  9.5	0.638	 1.8	 0.0
1	2020	 24	 9428	  0.4	  6.3	0.523	 3.4	 0.0
1	2020	 25	10377	 -2.0	  7.9	0.467	 1.6	 0.0
1	2020	 26	 4549	  0.0	  4.4	0.463	 2.9	 0.7
1	2020	 27	11098	 -2.7	  6.7	0.435	 2.2	 0.1
1	2020	 28	11858	 -3.5	  7.9	0.455	 1.4	 0.0
1	2020	 29	11320	 -3.7	  7.7	0.492	 2.2	 0.0
1	2020	 30	12412	 -4.1	  8.3	0.447	 1.8	 0.0
1	2020	 31	12694	 -1.4	 12.1	0.543	 2.9	 0.0
1	2020	 32	 9986	 -3.0	  9.2	0.469	 2.3	 0.0
1	2020	 33	12156	 -2.2	  9.4	0.443	 2.3	 0.0
1	2020	 34	12616	 -4.7	  8.4	0.394	 3.2	 0.0
1	2020	 35	12151	 -1.3	  7.4	0.511	 3.7	 0.0
1	2020	 36	 3423	 -4.2	  1.0	0.343	 2.3	 0.4
1	2020	 37	 5160	 -1.7	  2.8	0.496	 1.7	 2.4
1	2020	 38	12112	 -2.3	  8.8	0.588	 2.6	 0.0
1	2020	 39	12715	 -3.5	 10.3	0.623	 1.8	 0.0
1	2020	 40	14119	 -0.4	 15.3	0.558	 3.1	 0.0
1	2020	 41	14372	 -0.2	 15.4	0.549	 2.6	 0.0
1	2020	 42	13560	  3.0	 15.4	0.722	 2.9	 0.0
1	2020	 43	14278	  3.2	 16.8	0.859	 3.5	 0.0
1	2020	 44	12821	  6.5	 17.8	1.053	 3.8	 0.2
1	2020	 45	 2596	  0.0	 12.9	0.827	 5.1	 2.6
1	2020	 46	 9089	 -4.2	  3.6	0.320	 4.3	 0.4
1	2020	 47	15570	 -6.5	  5.5	0.225	 2.5	 0.0
1	2020	 48	15802	 -5.6	  8.7	0.248	 2.5	 0.0
1	2020	 49	15409	 -0.9	 14.1	0.317	 4.4	 0.0
1	2020	 50	12763	  1.8	 13.2	0.500	 2.8	 0.0
1	2020	 51	12581	 -0.6	 12.5	0.644	 1.6	 0.0
1	2020	 52	15581	  4.4	 14.9	0.538	 2.6	 0.5
1	2020	 53	16578	 -0.5	 11.9	0.277	 2.5	 0.0
1	2020	 54	15897	  3.5	 17.8	0.584	 4.8	 0.0
1	2020	 55	 3035	  7.7	 12.3	0.897	 2.9	 5.4
1	2020	 56	 7772	  4.6	 10.4	0.824	 3.6	 0.0
1	2020	 57	 7725	  5.0	 10.2	0.670	 3.0	 0.0
1	2020	 58	 5350	  0.8	  7.0	0.473	 1.3	 3.3
1	2020	 59	13351	 -0.2	  9.2	0.664	 2.2	 5.0
1	2020	 60	15898	  1.3	 13.4	0.784	 2.7	 0.0
1	2020	 61	10825	  1.9	 11.8	0.668	 2.8	 0.2
1	2020	 62	12099	  1.5	 12.1	0.570	 4.6	 0.0
1	2020	 63	17909	  0.1	 11.6	0.362	 3.3	 0.0
1	2020	 64	18317	 -0.8	  9.3	0.263	 2.7	 0.0
1	2020	 65	17656	 -1.1	 13.2	0.442	 4.3	 0.0
1	2020	 66	16617	  4.3	 16.5	0.694	 4.3	 0.0
1	2020	 67	18546	  4.1	 16.5	0.795	 2.4	 0.0
1	2020	 68	12805	  5.1	 16.6	0.916	 2.8	 0.2
1	2020	 69	 8132	  5.3	 12.3	0.877	 4.3	 0.3
1	2020	 70	18133	  3.5	 14.0	0.574	 2.0	 0.0
1	2020	 71	19607	  1.7	 19.0	0.567	 4.3	 0.0
1	2020	 72	17618	  8.1	 21.5	0.701	 5.1	 0.0
1	2020	 73	19490	  4.5	 13.2	0.398	 3.1	 0.0
1	2020	 74	20484	  2.8	 17.0	0.357	 3.4	 0.0
1	2020	 75	20338	  3.8	 20.3	0.357	 2.4	 0.0
1	2020	 76	17369	  7.6	 20.1	0.583	 4.6	 0.0
1	2020	 77	20633	  6.2	 22.1	0.545	 2.5	 0.0
1	2020	 78	21090	  9.3	 27.4	0.373	 4.9	 0.0
1	2020	 79	21283	  6.6	 19.1	0.285	 3.5	 0.0
1	2020	 80	20718	 10.7	 26.8	0.561	 5.1	 0.0
1	2020	 81	15435	 11.6	 23.8	0.793	 4.2	 0.0
1	2020	 82	21040	  7.2	 20.7	0.525	 2.8	 0.0
1	2020	 83	21230	  9.5	 24.0	0.663	 3.8	 0.0
1	2020	 84	18403	 11.3	 22.9	0.686	 3.9	 0.0
1	2020	 85	17544	 12.1	 22.0	1.161	 3.6	 2.6
1	2020	 86	 4616	  5.6	 14.8	0.943	 5.6	 2.7
1	2020	 87	20170	  5.2	 13.3	0.315	 3.8	 0.0
1	2020	 88	22083	  1.4	 14.9	0.344	 2.0	 0.0
1	2020	 89	18357	  6.9	 14.7	0.584	 3.5	 0.0
1	2020	 90	21984	  4.1	 16.8	0.718	 3.7	 0.0
1	2020	 91	15905	  7.2	 15.9	0.848	 3.4	 0.0
1	2020	 92	 9791	  5.1	 15.1	0.663	 2.9	 0.3
1	2020	 93	13325	  6.3	 14.6	0.851	 1.6	 1.3
1	2020	 94	22192	  3.3	 20.4	0.692	 2.2	 0.0
1	2020	 95	22774	  5.7	 20.3	0.626	 3.0	 0.0
1	2020	 96	21501	  6.6	 19.7	0.673	 3.8	 0.0
1	2020	 97	23037	 10.7	 22.7	0.686	 4.1	 0.0
1	2020	 98	22680	 10.2	 24.7	0.887	 3.0	 0.0
1	2020	 99	20695	 10.1	 20.3	0.833	 2.4	 0.3
1	2020	100	10474	  7.2	 13.5	0.803	 4.8	 6.0
1	2020	101	 4165	  5.9	  7.6	0.817	 3.8	12.0
1	2020	102	22343	  3.7	 16.6	0.686	 3.1	 0.1
1	2020	103	24936	  6.5	 21.4	0.498	 4.2	 0.0
1	2020	104	24576	  6.8	 23.9	0.733	 3.3	 0.0
1	2020	105	19843	 11.5	 23.4	0.748	 4.2	 0.0
1	2020	106	23613	 10.7	 25.9	1.026	 4.2	 0.0
1	2020	107	24301	 14.1	 23.6	1.063	 3.3	 0.8
1	2020	108	25013	  9.2	 21.9	0.654	 3.4	 0.0
1	2020	109	16746	  8.1	 20.7	0.937	 1.9	 1.2
1	2020	110	20627	 10.8	 21.3	1.070	 2.6	 1.5
1	2020	111	23939	 12.6	 20.8	0.522	 3.7	 0.0
1	2020	112	24943	  8.8	 20.1	0.442	 2.6	 0.0
1	2020	113	26230	  6.9	 16.7	0.265	 2.6	 0.0
1	2020	114	26597	  5.1	 18.2	0.302	 2.2	 0.0
1	2020	115	26813	  6.5	 24.8	0.372	 4.9	 0.0
1	2020	116	26312	 11.9	 22.7	0.489	 4.3	 0.0
1	2020	117	25729	  9.6	 22.8	0.636	 3.0	 0.0
1	2020	118	26080	 11.0	 23.0	0.658	 2.8	 0.0
1	2020	119	26116	 13.1	 27.0	0.750	 5.9	 0.0
1	2020	120	25831	 13.9	 30.5	1.128	 4.5	 0.0
1	2020	121	25830	 17.5	 34.0	1.635	 3.8	 0.0
1	2020	122	25026	 19.5	 32.5	1.813	 5.2	 0.0
1	2020	123	25263	 18.1	 32.4	2.121	 3.6	 0.0
1	2020	124	25832	 19.3	 34.7	2.209	 3.1	 0.0
1	2020	125	 7466	 13.6	 24.6	1.180	 5.7	 3.7
1	2020	126	25406	 11.4	 23.6	1.369	 1.7	 7.7
1	2020	127	23762	 12.4	 25.4	1.507	 2.9	 0.0
1	2020	128	 5673	 16.2	 19.5	1.714	 2.9	 6.6
1	2020	129	 4303	 12.8	 17.7	1.514	 5.2	10.2
1	2020	130	17211	  9.7	 20.8	1.374	 2.4	 1.3
1	2020	131	26892	 11.8	 27.7	1.480	 2.9	 0.0
1	2020	132	22261	 15.7	 25.0	0.901	 4.6	 0.4
1	2020	133	27426	 14.6	 25.5	0.826	 3.5	 0.0
1	2020	134	24158	 16.1	 30.5	1.175	 4.0	 0.1
1	2020	135	17165	 18.2	 27.3	1.517	 2.9	 0.0
1	2020	136	26388	 14.8	 30.1	1.711	 2.8	 0.0
1	2020	137	22614	 19.4	 32.8	1.854	 4.4	 1.0
1	2020	138	26251	 13.5	 31.1	1.491	 3.6	 2.6
1	2020	139	26523	 11.3	 24.4	0.854	 3.9	 0.0
1	2020	140	27799	 14.7	 29.3	0.878	 2.8	 0.0
1	2020	141	25374	 16.2	 32.4	1.073	 3.7	 0.0
1	2020	142	27017	 19.4	 34.0	1.191	 4.3	 0.0
1	2020	143	28018	 17.8	 32.7	1.145	 2.8	 0.0
1	2020	144	24596	 20.4	 28.9	1.337	 4.2	 0.0
1	2020	145	20657	 17.0	 29.6	1.297	 1.9	 0.0
1	2020	146	24638	 20.4	 32.2	1.109	 3.3	 0.0
1	2020	147	27105	 16.4	 28.6	1.298	 3.4	 0.0
1	2020	148	27146	 17.6	 32.6	0.936	 3.3	 0.0
1	2020	149	28038	 17.5	 35.0	0.907	 3.3	 0.0
1	2020	150	22709	 23.3	 32.7	1.286	 5.2	 0.2
1	2020	151	18723	 18.4	 27.7	1.554	 4.2	 0.0
1	2020	152	26668	 16.9	 32.3	1.449	 3.0	 0.0
1	2020	153	25010	 20.7	 35.0	1.396	 4.3	 0.5
1	2020	154	22697	 18.6	 33.9	1.200	 2.5	 0.0
1	2020	155	28653	 22.0	 38.7	0.854	 3.7	 0.0
1	2020	156	27418	 23.5	 37.9	1.263	 2.4	 0.0
1	2020	157	24609	 20.7	 33.5	1.557	 3.0	 0.0
1	2020	158	27203	 21.3	 35.8	1.719	 2.4	 0.0
1	2020	159	27302	 25.2	 37.1	1.341	 4.1	 0.0
1	2020	160	24576	 23.3	 35.5	1.394	 3.5	 0.0
1	2020	161	16552	 23.4	 31.9	1.828	 2.4	 1.0
1	2020	162	24809	 21.1	 33.8	1.976	 1.4	 0.0
1	2020	163	19543	 22.6	 34.8	2.169	 2.3	 2.4
1	2020	164	18887	 19.2	 28.5	1.987	 2.3	 9.9
1	2020	165	26317	 19.2	 32.1	2.163	 2.2	 0.0
1	2020	166	27071	 21.7	 33.0	1.489	 3.2	 0.0
1	2020	167	13925	 21.2	 33.1	1.587	 1.9	 0.0
1	2020	168	 7613	 20.7	 26.3	2.006	 1.6	10.3
1	2020	169	 4690	 19.3	 21.1	2.057	 1.6	20.1
1	2020	170	19455	 17.7	 26.3	1.948	 2.5	 0.1
1	2020	171	21994	 16.6	 28.2	1.894	 2.7	 0.0
1	2020	172	25547	 20.1	 30.1	1.952	 3.6	 0.0
1	2020	173	23043	 20.8	 30.6	2.119	 3.0	 0.0
1	2020	174	17103	 21.2	 29.4	2.131	 3.1	 3.8
1	2020	175	10891	 21.4	 27.9	2.246	 2.0	 0.9
1	2020	176	26910	 19.6	 31.8	2.081	 1.7	 0.0
1	2020	177	24101	 21.2	 32.7	2.355	 2.8	 3.8
1	2020	178	17290	 25.9	 31.9	2.523	 2.0	 0.1
1	2020	179	24368	 23.8	 34.8	2.506	 1.7	 0.4
1	2020	180	19030	 24.6	 31.8	2.593	 1.9	 0.8
1	2020	181	19815	 22.8	 30.8	2.544	 1.6	 4.4
1	2020	182	22538	 21.5	 29.2	2.280	 3.2	 2.9
1	2020	183	26196	 20.5	 31.9	1.882	 2.7	 0.0
1	2020	184	18813	 22.3	 30.9	2.378	 2.6	 7.4
1	2020	185	12722	 20.9	 26.6	2.402	 1.9	 5.4
1	2020	186	16440	 21.5	 29.3	2.462	 2.8	 0.6
1	2020	187	23635	 22.1	 31.9	2.677	 2.4	28.2
1	2020	188	26715	 22.3	 33.4	2.641	 1.8	 0.0
1	2020	189	25722	 23.7	 33.1	2.573	 2.3	 0.0
1	2020	190	21893	 24.4	 32.6	2.532	 2.2	 0.0
1	2020	191	19160	 23.5	 30.7	2.374	 2.4	 2.1
1	2020	192	15853	 22.4	 29.1	2.479	 1.3	 0.1
1	2020	193	 8719	 23.2	 28.0	2.441	 2.1	 1.4
1	2020	194	 9694	 20.9	 24.8	2.105	 4.2	 9.6
1	2020	195	22214	 20.0	 28.5	2.331	 2.6	 0.1
1	2020	196	16114	 21.3	 28.4	2.460	 2.2	 0.0
1	2020	197	24541	 20.1	 30.0	2.294	 2.8	 0.0
1	2020	198	24843	 21.7	 31.0	2.426	 3.3	 0.0
1	2020	199	14105	 22.0	 27.9	2.334	 2.9	 0.6
1	2020	200	20456	 19.2	 29.7	2.282	 2.4	 0.0
1	2020	201	18394	 22.2	 29.6	2.337	 2.9	 0.1
1	2020	202	26926	 20.0	 33.0	2.253	 3.0	 0.0
1	2020	203	20179	 23.2	 31.3	2.399	 3.5	 0.0
1	2020	204	 9213	 22.4	 25.5	2.412	 3.6	12.2
1	2020	205	23640	 20.4	 30.3	2.125	 3.1	 0.0
1	2020	206	26533	 19.7	 31.9	2.279	 1.8	 0.0
1	2020	207	17415	 21.5	 32.3	2.351	 2.2	 0.0
1	2020	208	 8246	 21.1	 25.7	2.440	 2.8	10.0
1	2020	209	16750	 19.6	 28.1	2.359	 2.1	 0.0
1	2020	210	17342	 21.0	 29.8	2.557	 2.4	 0.1
1	2020	211	20589	 23.1	 31.6	2.734	 2.9	 0.0
1	2020	212	19615	 22.4	 31.6	2.906	 3.0	 0.4
1	2020	213	19396	 24.5	 31.5	2.995	 3.7	 2.0
1	2020	214	17235	 25.0	 33.6	3.239	 3.0	 4.4
1	2020	215	15199	 24.4	 32.5	3.176	 3.6	23.4
1	2020	216	16853	 26.1	 33.6	3.542	 2.9	 0.0
1	2020	217	11865	 25.0	 30.3	3.214	 2.5	21.4
1	2020	218	 7708	 24.3	 28.6	3.116	 2.3	 9.8
1	2020	219	 3797	 23.0	 24.7	2.806	 2.1	44.1
1	2020	220	 5246	 22.5	 26.4	2.926	 3.2	16.1
1	2020	221	18841	 22.7	 29.6	2.734	 2.1	 0.0
1	2020	222	22573	 22.6	 32.1	2.938	 1.7	 0.0
1	2020	223	19613	 23.9	 32.1	3.218	 2.4	 1.0
1	2020	224	17813	 25.2	 32.3	3.315	 2.6	 0.0
1	2020	225	 9424	 24.8	 31.1	3.306	 3.1	10.7
1	2020	226	14795	 25.3	 31.5	3.325	 3.5	11.8
1	2020	227	22042	 24.6	 32.6	3.286	 3.2	 1.0
1	2020	228	 9008	 21.0	 27.5	2.619	 2.9	33.1
1	2020	229	14643	 21.5	 29.2	2.805	 2.3	 3.6
1	2020	230	21465	 22.9	 32.8	3.207	 2.2	 0.0
1	2020	231	22691	 25.3	 32.9	3.225	 3.2	 0.6
1	2020	232	15579	 21.5	 27.0	2.425	 4.2	 3.2
1	2020	233	 3439	 20.1	 22.4	2.395	 3.8	18.8
1	2020	234	16651	 18.2	 25.9	2.084	 2.8	 0.0
1	2020	235	14696	 20.0	 27.2	2.355	 1.2	 0.0
1	2020	236	16436	 21.7	 29.5	2.899	 3.4	 0.3
1	2020	237	10437	 21.2	 27.0	2.684	 3.6	14.8
1	2020	238	16434	 19.6	 29.6	2.481	 1.4	 0.0
1	2020	239	19001	 20.5	 29.0	2.397	 2.8	 0.0
1	2020	240	22417	 18.3	 29.6	2.292	 2.1	 0.0
1	2020	241	22552	 20.6	 30.5	2.546	 2.1	 0.0
1	2020	242	22560	 21.3	 31.2	2.584	 1.9	 0.0
1	2020	243	20254	 20.9	 30.7	2.775	 1.3	 0.1
1	2020	244	18117	 23.2	 30.8	2.768	 2.2	 1.3
1	2020	245	22665	 20.8	 30.9	2.309	 1.7	 0.0
1	2020	246	19928	 18.8	 28.7	1.754	 3.0	 0.6
1	2020	247	22859	 18.0	 27.8	1.462	 2.6	 0.0
1	2020	248	22648	 16.8	 30.0	1.586	 2.2	 0.0
1	2020	249	21192	 21.2	 33.2	1.645	 3.9	 0.0
1	2020	250	20984	 21.8	 32.7	1.938	 2.5	 0.0
1	2020	251	21435	 18.6	 32.0	2.104	 1.9	 0.9
1	2020	252	20049	 20.7	 30.8	2.112	 2.0	 0.4
1	2020	253	16209	 20.2	 30.3	2.094	 1.0	 0.3
1	2020	254	17050	 21.3	 29.9	1.837	 2.4	 0.1
1	2020	255	19028	 17.8	 26.9	1.630	 3.3	 0.0
1	2020	256	13533	 17.9	 25.3	1.846	 3.5	 0.1
1	2020	257	17105	 18.3	 26.8	2.088	 2.1	 0.6
1	2020	258	16257	 19.3	 28.3	2.215	 1.9	 0.6
1	2020	259	17827	 20.2	 29.6	2.124	 3.5	 1.2
1	2020	260	20604	 16.5	 27.8	1.190	 3.0	 0.0
1	2020	261	18725	 16.4	 26.7	1.069	 2.2	 0.0
1	2020	262	21059	 16.0	 31.1	1.101	 3.1	 0.0
1	2020	263	20668	 16.6	 31.2	1.172	 3.0	 0.0
1	2020	264	20047	 18.6	 30.5	1.234	 2.7	 0.0
1	2020	265	13023	 17.1	 28.2	1.481	 1.9	 0.0
1	2020	266	13588	 18.7	 27.7	1.477	 1.7	 0.0
1	2020	267	13559	 19.1	 26.7	1.885	 1.5	 1.5
1	2020	268	14348	 16.6	 24.6	1.859	 1.7	 1.2
1	2020	269	15664	 15.5	 25.5	1.692	 2.2	 0.0
1	2020	270	14152	 15.5	 25.4	1.717	 2.1	 0.2
1	2020	271	13083	 18.2	 26.4	1.523	 1.9	 0.2
1	2020	272	13473	 16.1	 26.2	1.469	 2.4	 0.5
1	2020	273	13300	 17.0	 26.9	1.618	 2.9	 0.1
1	2020	274	 9668	 16.1	 23.2	1.475	 2.0	 0.0
1	2020	275	13541	 17.6	 27.8	1.704	 3.1	 0.3
1	2020	276	 4314	 17.3	 21.2	1.005	 2.8	 0.0
1	2020	277	 6622	 15.4	 20.5	0.986	 1.9	 0.2
1	2020	278	14825	  9.3	 17.7	0.539	 4.9	 0.0
1	2020	279	 9527	  7.4	 17.6	0.595	 2.0	 0.0
1	2020	280	 8663	  9.3	 18.5	0.791	 2.8	 0.0
1	2020	281	16103	 12.0	 21.9	0.737	 2.6	 0.0
1	2020	282	13097	  8.3	 22.1	1.026	 2.0	 0.0
1	2020	283	13411	 11.8	 23.3	1.179	 2.0	 0.0
1	2020	284	 3445	 12.5	 19.6	1.442	 1.5	 1.0
1	2020	285	10590	 14.7	 23.4	1.555	 2.3	 0.2
1	2020	286	13520	 13.6	 21.0	0.850	 3.1	 0.1
1	2020	287	 7409	 13.3	 20.7	1.307	 2.5	 2.0
1	2020	288	 3759	 11.6	 15.4	1.355	 2.5	 9.9
1	2020	289	 9520	 10.7	 18.4	1.286	 3.2	 0.0
1	2020	290	12526	  9.9	 19.1	1.029	 3.0	 0.0
1	2020	291	16018	  7.4	 21.3	0.862	 3.3	 0.0
1	2020	292	15383	  9.3	 21.6	1.004	 2.9	 0.0
1	2020	293	15412	  9.8	 21.3	0.971	 2.4	 0.0
1	2020	294	11925	 10.3	 21.2	1.001	 4.4	 0.0
1	2020	295	15718	  8.6	 20.0	0.649	 3.3	 0.0
1	2020	296	15257	  6.0	 19.4	0.477	 2.3	 0.0
1	2020	297	15145	  4.0	 16.7	0.423	 1.9	 0.0
1	2020	298	14910	  4.4	 19.1	0.524	 2.8	 0.0
1	2020	299	13520	 10.3	 21.1	0.668	 3.4	 0.0
1	2020	300	13873	  9.9	 23.3	0.969	 2.0	 0.0
1	2020	301	 6877	 12.2	 17.7	0.611	 3.7	 0.0
1	2020	302	 8637	 11.6	 17.8	0.642	 2.0	 0.0
1	2020	303	 7095	 10.3	 17.6	0.828	 1.1	 0.0
1	2020	304	13376	  6.0	 18.4	0.903	 1.5	 0.0
1	2020	305	11314	 11.4	 21.6	1.138	 2.7	 0.0
1	2020	306	 9659	  9.4	 18.8	0.680	 2.6	 0.0
1	2020	307	13420	  5.9	 16.5	0.415	 3.3	 0.0
1	2020	308	13186	  3.3	 16.9	0.410	 2.1	 0.0
1	2020	309	12729	  7.4	 18.6	0.475	 4.6	 0.0
1	2020	310	 5180	 11.1	 17.5	0.715	 3.4	 0.0
1	2020	311	12422	  8.8	 21.4	0.714	 2.6	 0.0
1	2020	312	12670	  8.1	 20.8	0.418	 3.1	 0.0
1	2020	313	12587	  5.2	 15.8	0.325	 3.2	 0.0
1	2020	314	12086	  3.6	 17.8	0.484	 2.0	 0.0
1	2020	315	11734	  4.7	 19.3	0.621	 2.5	 0.0
1	2020	316	11291	  7.6	 19.5	0.718	 3.8	 0.0
1	2020	317	10771	  9.8	 20.4	0.871	 2.9	 0.0
1	2020	318	11503	  7.8	 18.2	0.744	 2.6	 0.0
1	2020	319	10397	  6.8	 18.7	1.037	 2.4	 0.0
1	2020	320	10036	  8.1	 19.3	1.140	 2.1	 0.0
1	2020	321	 7164	 10.6	 18.4	1.126	 2.0	 0.1
1	2020	322	  809	 11.5	 13.8	1.362	 2.8	14.8
1	2020	323	 2175	  8.4	 13.1	1.249	 3.9	 6.7
1	2020	324	 8312	  4.7	 14.0	0.912	 3.4	 0.0
1	2020	325	10474	  2.8	 10.4	0.640	 2.6	 0.0
1	2020	326	 4835	  3.2	  7.1	0.709	 2.5	 3.4
1	2020	327	 7947	 -0.1	  6.5	0.579	 3.2	 0.1
1	2020	328	 6332	 -1.0	  6.5	0.520	 1.5	 0.2
1	2020	329	 7954	  0.4	  7.2	0.624	 2.3	 0.0
1	2020	330	 9357	 -1.0	  9.0	0.615	 1.5	 0.0
1	2020	331	 8086	  2.7	  8.8	0.594	 2.6	 0.0
1	2020	332	 8559	  0.2	  8.6	0.569	 2.8	 0.0
1	2020	333	 5833	 -1.1	  5.2	0.399	 2.0	 0.0
1	2020	334	 9435	 -1.8	  7.3	0.524	 1.7	 0.0
1	2020	335	 5836	 -3.6	  5.8	0.512	 1.5	 0.1
1	2020	336	 5290	 -0.7	  5.9	0.559	 1.0	 1.5
1	2020	337	 4064	 -1.1	  3.4	0.617	 1.3	 0.3
1	2020	338	 8932	 -4.4	  4.8	0.437	 1.7	 0.0
1	2020	339	 9270	 -4.6	  6.1	0.464	 1.7	 0.0
1	2020	340	 9418	 -2.8	  8.1	0.517	 2.5	 0.0
1	2020	341	 9151	 -0.6	  8.9	0.561	 1.9	 0.0
1	2020	342	 8436	 -2.3	  4.5	0.359	 3.0	 0.0
1	2020	343	 8956	 -5.2	  5.5	0.325	 2.1	 0.0
1	2020	344	 6417	  0.1	  9.2	0.607	 2.7	 0.0
1	2020	345	 8805	 -2.0	  9.8	0.621	 1.4	 0.0
1	2020	346	 6155	 -2.6	  8.3	0.558	 1.7	 0.0
1	2020	347	 8508	 -2.5	 10.2	0.531	 2.1	 0.0
1	2020	348	 9387	 -3.5	  3.8	0.171	 5.6	 0.0
1	2020	349	 9659	 -7.5	  0.8	0.180	 1.9	 0.0
1	2020	350	 9430	 -6.9	  2.9	0.251	 1.6	 0.0
1	2020	351	 9434	 -7.3	  3.5	0.271	 1.5	 0.0
1	2020	352	 8524	 -5.2	  5.4	0.342	 2.5	 0.0
1	2020	353	 9337	 -4.7	  3.2	0.264	 2.9	 0.0
1	2020	354	 8808	 -6.8	  4.1	0.288	 2.2	 0.0
1	2020	355	 9297	 -5.3	  5.5	0.344	 1.6	 0.0
1	2020	356	 9358	 -4.8	  6.7	0.368	 2.4	 0.0
1	2020	357	 9416	 -3.7	  8.8	0.469	 2.7	 0.0
1	2020	358	 8525	 -1.4	  9.7	0.400	 2.6	 0.0
1	2020	359	 9554	 -4.4	  7.9	0.259	 2.3	 0.0
1	2020	360	 9487	 -3.3	  9.1	0.341	 2.6	 0.0
1	2020	361	 8624	 -1.6	 10.7	0.511	 2.5	 0.0
1	2020	362	 9294	 -3.8	  9.7	0.539	 1.1	 0.0
1	2020	363	 6870	 -1.6	  4.8	0.537	 4.4	 1.2
1	2020	364	 5983	 -8.3	  0.6	0.193	 5.3	 2.3
1	2020	365	10247	 -9.3	 -3.1	0.102	 3.1	 0.0
1	2020	366	10213	 -8.9	  1.7	0.146	 2.7	 0.0
