*------------------------------------------------------------*
*   Country: China
*   Station: 115.5_34.4
*      Year: 2021
*    Origin: AgERA5 dataset
*    Author: Huang Hai, CAU
* Longitude: 115.50 E
*  Latitude: 34.40 N
* Elevation: 53.00 m
*   Columns: 
*   ======== 
*  station number
*  year
*  day
*  irradiation (kJ路m-2路d-1)
*  minimum temperature (degrees Celsius)
*  maximum temperature (degrees Celsius)
*  vapour pressure (kPa)
*  mean wind speed (m路s-1)
*  precipitation (mm路d-1)
** WCCDESCRIPTION=115.5_34.4, China
** WCCFORMAT=2
** WCCYEARNR=2021
*------------------------------------------------------------*
115.50  34.40  53.00  -0.18  -0.55
1	2021	  1	10681	 -5.5	  5.7	0.281	 2.8	 0.0
1	2021	  2	 9045	 -4.9	  7.5	0.469	 1.9	 0.0
1	2021	  3	 6984	 -3.3	  5.5	0.443	 2.0	 0.0
1	2021	  4	 8940	 -4.6	  6.8	0.480	 2.5	 0.0
1	2021	  5	 5240	 -4.6	  2.3	0.356	 2.6	 0.1
1	2021	  6	10639	 -6.9	  2.8	0.240	 3.8	 0.0
1	2021	  7	11413	-12.1	 -5.4	0.072	 2.6	 0.0
1	2021	  8	11403	 -8.7	  0.5	0.125	 2.8	 0.0
1	2021	  9	11383	 -7.7	  2.8	0.155	 2.0	 0.0
1	2021	 10	 9819	 -6.5	  4.2	0.200	 2.0	 0.0
1	2021	 11	11452	 -4.2	  4.1	0.194	 3.9	 0.0
1	2021	 12	11430	 -3.3	 10.7	0.283	 4.1	 0.0
1	2021	 13	11438	  1.1	 14.3	0.423	 2.9	 0.0
1	2021	 14	11344	 -0.9	 15.2	0.549	 3.4	 0.0
1	2021	 15	 8877	  0.4	  9.5	0.377	 3.8	 0.0
1	2021	 16	 9822	 -3.4	  4.1	0.349	 1.7	 0.0
1	2021	 17	12078	 -4.3	  6.2	0.258	 3.5	 0.0
1	2021	 18	12129	 -2.8	 10.6	0.383	 2.6	 0.0
1	2021	 19	11922	 -0.8	 11.2	0.430	 3.6	 0.0
1	2021	 20	 9528	 -2.0	  9.8	0.541	 1.3	 0.1
1	2021	 21	 6335	  0.4	  9.4	0.618	 1.5	 0.0
1	2021	 22	 8705	 -0.9	  9.5	0.663	 2.2	 0.0
1	2021	 23	12113	  0.8	  9.3	0.586	 1.7	 0.0
1	2021	 24	 8067	 -1.8	  8.1	0.573	 2.4	 0.0
1	2021	 25	 1530	  2.1	  4.9	0.722	 2.7	 4.3
1	2021	 26	12309	 -1.4	 10.4	0.586	 2.7	 0.0
1	2021	 27	 8903	 -1.6	 10.1	0.685	 2.8	 0.0
1	2021	 28	13479	 -1.4	  7.5	0.256	 3.2	 0.0
1	2021	 29	12938	 -2.3	 12.3	0.437	 3.8	 0.0
1	2021	 30	12441	 -1.7	 14.1	0.494	 2.0	 0.0
1	2021	 31	12841	 -0.1	 15.0	0.491	 2.8	 0.0
1	2021	 32	13161	  1.8	 14.1	0.447	 3.1	 0.0
1	2021	 33	13658	 -1.9	  9.0	0.396	 2.5	 0.0
1	2021	 34	13466	  0.4	 15.2	0.530	 3.0	 0.0
1	2021	 35	13540	 -0.7	 12.1	0.424	 2.6	 0.0
1	2021	 36	13632	  4.8	 16.1	0.543	 3.9	 0.0
1	2021	 37	13637	  3.8	 18.7	0.677	 3.4	 0.0
1	2021	 38	13207	  3.8	 12.2	0.571	 4.8	 0.0
1	2021	 39	12735	  0.2	  8.9	0.323	 2.6	 0.0
1	2021	 40	14315	 -0.9	 12.1	0.489	 2.9	 0.0
1	2021	 41	13555	  1.0	 15.3	0.664	 1.8	 0.0
1	2021	 42	14622	  0.6	 16.2	0.816	 2.7	 0.0
1	2021	 43	14247	  5.3	 17.1	1.003	 2.9	 0.0
1	2021	 44	 8358	  6.3	 16.2	1.015	 2.1	 0.0
1	2021	 45	13090	  7.8	 17.9	1.149	 2.6	10.4
1	2021	 46	11223	  2.4	  8.4	0.594	 3.5	 0.0
1	2021	 47	15803	  1.5	 13.2	0.504	 3.5	 0.0
1	2021	 48	15932	 -2.0	  8.7	0.303	 2.2	 0.0
1	2021	 49	15504	 -1.7	 13.2	0.486	 3.0	 0.0
1	2021	 50	16189	  5.4	 21.3	0.610	 4.6	 0.0
1	2021	 51	16673	  6.4	 23.1	0.574	 4.4	 0.0
1	2021	 52	16415	 11.2	 25.6	0.868	 4.5	 0.0
1	2021	 53	16561	  7.5	 18.1	0.576	 4.6	 0.0
1	2021	 54	14690	  4.1	 12.7	0.447	 5.0	 0.0
1	2021	 55	 4874	  3.3	  8.2	0.624	 4.6	 5.5
1	2021	 56	 3166	  0.9	  4.9	0.699	 4.6	12.7
1	2021	 57	11156	  3.2	 10.5	0.648	 3.4	 0.1
1	2021	 58	11810	  4.4	 12.1	0.680	 2.4	 0.0
1	2021	 59	 1860	  7.2	 10.5	1.060	 3.0	13.0
1	2021	 60	 9694	  0.0	  8.7	0.704	 4.9	 3.1
1	2021	 61	17934	 -2.4	 11.7	0.649	 2.5	 0.0
1	2021	 62	16544	  4.0	 14.5	0.707	 3.5	 0.0
1	2021	 63	18050	  3.8	 18.0	0.935	 3.2	 0.0
1	2021	 64	14160	  7.8	 17.9	0.948	 2.8	 0.0
1	2021	 65	10373	  2.1	 11.6	0.518	 5.2	 0.4
1	2021	 66	16290	  0.5	  9.8	0.520	 1.5	 0.0
1	2021	 67	13463	  1.9	 12.4	0.728	 1.9	 1.3
1	2021	 68	 8122	  5.5	 12.3	0.940	 1.3	 0.3
1	2021	 69	 9742	  5.3	 13.7	0.959	 2.0	 0.0
1	2021	 70	 4338	  7.7	 11.9	1.045	 1.6	 8.7
1	2021	 71	17377	  3.1	 14.7	0.916	 2.0	 0.0
1	2021	 72	12989	  7.3	 14.6	0.941	 1.8	 0.0
1	2021	 73	14981	  7.6	 17.7	1.125	 3.4	 0.1
1	2021	 74	10211	 12.7	 20.6	1.449	 3.2	 2.8
1	2021	 75	21097	  6.5	 15.9	0.578	 3.5	 0.0
1	2021	 76	18195	  4.7	 15.3	0.518	 2.8	 0.0
1	2021	 77	 5686	  7.9	 11.5	0.621	 3.5	 0.6
1	2021	 78	 4035	  5.9	  9.9	0.756	 2.7	 5.3
1	2021	 79	15522	  2.7	 14.1	0.826	 2.7	 0.3
1	2021	 80	21323	  3.5	 12.3	0.402	 3.5	 0.0
1	2021	 81	22205	  1.8	 16.3	0.486	 3.2	 0.0
1	2021	 82	18820	  5.9	 18.7	0.716	 4.8	 0.0
1	2021	 83	21322	  7.5	 21.2	0.997	 2.9	 0.0
1	2021	 84	21155	  7.3	 22.1	0.963	 3.1	 0.0
1	2021	 85	 7253	  9.8	 18.3	1.197	 1.7	 3.7
1	2021	 86	14220	  8.3	 19.5	1.332	 2.2	 0.5
1	2021	 87	21980	 11.6	 25.6	1.411	 3.5	 0.0
1	2021	 88	18501	 12.6	 20.8	0.925	 4.0	 0.0
1	2021	 89	21391	  8.8	 21.6	0.642	 3.7	 0.0
1	2021	 90	 4266	  9.2	 14.8	0.899	 3.9	10.6
1	2021	 91	 6024	 10.4	 14.8	0.993	 3.8	 0.2
1	2021	 92	 2883	  9.7	 12.8	1.161	 3.3	 4.0
1	2021	 93	 5509	  8.1	 12.7	0.978	 5.1	 2.5
1	2021	 94	23423	  3.2	 16.6	0.564	 2.6	 0.0
1	2021	 95	14177	  4.1	 17.1	0.726	 2.5	 0.0
1	2021	 96	21256	  4.8	 18.5	0.837	 1.2	 0.0
1	2021	 97	12781	  9.5	 18.4	1.009	 1.8	 0.0
1	2021	 98	22486	  6.3	 20.3	1.030	 1.9	 0.0
1	2021	 99	20700	  6.8	 20.4	0.936	 2.6	 0.0
1	2021	100	23246	  8.8	 20.7	0.745	 3.3	 0.0
1	2021	101	 7318	 10.9	 16.4	1.192	 2.9	 0.0
1	2021	102	21256	 10.1	 22.4	1.307	 2.0	 0.0
1	2021	103	17700	 12.6	 18.8	0.989	 3.5	 0.0
1	2021	104	21451	  9.4	 19.6	0.909	 2.4	 0.0
1	2021	105	21166	 10.4	 23.7	1.199	 4.3	 0.0
1	2021	106	22748	 12.0	 22.6	0.508	 3.7	 0.0
1	2021	107	26055	  6.9	 19.5	0.415	 3.2	 0.0
1	2021	108	23604	  7.4	 21.9	0.567	 3.4	 0.0
1	2021	109	25194	  8.6	 25.1	0.805	 2.9	 0.0
1	2021	110	 3326	 13.5	 16.5	1.346	 3.2	15.2
1	2021	111	 3134	 12.4	 15.1	1.436	 2.9	 9.8
1	2021	112	10329	 12.7	 19.2	1.429	 2.9	 4.6
1	2021	113	20690	 10.3	 21.1	1.287	 3.9	 0.3
1	2021	114	 9042	 11.8	 18.3	1.235	 4.3	 0.1
1	2021	115	 6117	 12.7	 15.8	1.233	 3.3	 0.7
1	2021	116	11992	 11.2	 18.8	1.298	 1.9	 0.1
1	2021	117	24846	 11.0	 24.1	1.051	 2.8	 0.0
1	2021	118	24968	 15.0	 23.5	0.788	 3.8	 0.0
1	2021	119	23006	 13.6	 28.7	0.828	 5.5	 0.0
1	2021	120	24065	 12.1	 29.0	0.932	 4.6	 0.5
1	2021	121	26309	  9.3	 25.2	0.888	 2.6	 0.0
1	2021	122	23207	 12.3	 22.2	0.593	 4.1	 0.0
1	2021	123	 8304	 14.0	 17.5	1.209	 2.6	16.4
1	2021	124	25034	 11.2	 24.2	1.144	 3.9	 0.0
1	2021	125	26477	 10.9	 26.7	0.899	 3.2	 0.0
1	2021	126	24104	 15.2	 29.1	1.407	 5.9	 0.0
1	2021	127	25197	 16.7	 25.4	0.824	 3.8	 0.0
1	2021	128	27081	 14.8	 32.0	1.491	 3.9	 0.0
1	2021	129	25509	 19.0	 32.0	2.120	 3.4	 0.0
1	2021	130	24480	 19.4	 31.7	1.894	 3.4	 0.0
1	2021	131	22022	 17.2	 26.0	1.506	 3.1	 0.2
1	2021	132	25235	 15.0	 27.7	1.696	 1.9	 0.0
1	2021	133	12036	 17.0	 25.5	2.017	 3.0	 0.7
1	2021	134	 8213	 18.8	 24.3	2.225	 3.0	10.8
1	2021	135	 6619	 19.0	 22.7	2.209	 3.7	28.0
1	2021	136	 6351	 11.5	 18.9	1.191	 5.2	 7.4
1	2021	137	21449	 11.4	 23.1	1.259	 2.2	 0.0
1	2021	138	26387	 11.1	 24.7	1.450	 2.6	 0.0
1	2021	139	11325	 13.8	 22.6	1.658	 2.5	 0.0
1	2021	140	22896	 15.6	 26.2	1.760	 3.2	 0.0
1	2021	141	24590	 16.9	 28.5	1.989	 2.9	 0.0
1	2021	142	24970	 18.3	 30.1	2.056	 2.5	 0.0
1	2021	143	 8535	 16.8	 23.3	1.767	 3.1	 2.8
1	2021	144	28116	 14.6	 30.1	1.310	 4.1	 0.0
1	2021	145	22193	 17.0	 27.8	1.192	 4.2	 0.0
1	2021	146	22113	 19.2	 27.9	1.686	 4.6	 0.0
1	2021	147	27234	 15.1	 32.2	1.670	 4.9	 0.0
1	2021	148	29151	 21.0	 30.2	0.932	 3.6	 0.0
1	2021	149	26426	 19.4	 33.7	1.896	 4.1	 0.0
1	2021	150	27186	 18.8	 32.5	2.061	 1.4	 0.0
1	2021	151	26085	 20.4	 34.3	2.130	 2.6	 0.0
1	2021	152	20178	 22.3	 32.8	2.125	 2.4	 0.4
1	2021	153	24204	 23.2	 34.6	2.139	 2.9	 0.4
1	2021	154	 8251	 17.8	 26.0	1.700	 3.0	 4.8
1	2021	155	29272	 16.6	 33.3	1.052	 3.9	 0.0
1	2021	156	28156	 21.1	 36.8	1.250	 3.8	 0.1
1	2021	157	27047	 21.7	 36.8	1.678	 4.3	 0.0
1	2021	158	23444	 24.1	 38.5	1.190	 4.3	 0.0
1	2021	159	26136	 24.0	 36.9	1.460	 2.6	 0.0
1	2021	160	18651	 24.1	 33.8	1.952	 2.6	 0.0
1	2021	161	21833	 23.5	 33.5	2.051	 2.1	 0.0
1	2021	162	23955	 23.1	 34.3	2.019	 2.3	 0.0
1	2021	163	21880	 25.6	 36.2	2.262	 3.3	 0.0
1	2021	164	10735	 24.6	 29.3	2.850	 2.7	 8.6
1	2021	165	 9820	 24.0	 31.7	3.133	 2.9	63.0
1	2021	166	18116	 24.6	 31.5	2.853	 3.6	 6.8
1	2021	167	 9743	 22.2	 28.6	2.462	 2.5	 1.3
1	2021	168	10073	 22.5	 28.1	2.554	 2.3	 3.0
1	2021	169	11127	 18.3	 25.7	1.882	 2.7	 0.1
1	2021	170	23280	 16.1	 30.1	1.889	 2.6	 0.0
1	2021	171	26907	 19.1	 31.9	1.943	 2.8	 0.0
1	2021	172	27617	 19.3	 32.6	2.019	 2.4	 0.0
1	2021	173	27906	 21.0	 33.6	2.086	 1.9	 0.0
1	2021	174	26111	 20.7	 34.1	1.807	 2.4	 0.0
1	2021	175	24761	 21.8	 33.8	1.980	 2.5	 0.0
1	2021	176	10038	 23.6	 28.5	2.434	 2.4	 1.5
1	2021	177	22179	 21.2	 32.8	2.532	 2.3	 0.0
1	2021	178	25920	 21.1	 33.7	2.587	 2.2	 0.0
1	2021	179	24968	 22.8	 34.6	2.671	 1.9	 0.0
1	2021	180	23357	 24.8	 34.7	2.529	 2.1	 0.1
1	2021	181	25455	 25.4	 36.1	2.476	 3.3	 0.2
1	2021	182	21914	 23.5	 34.3	2.378	 2.8	 0.3
1	2021	183	20960	 24.6	 33.6	2.459	 3.3	 1.7
1	2021	184	23927	 22.6	 32.2	2.239	 2.7	 5.8
1	2021	185	23224	 23.2	 33.3	2.417	 3.1	 0.0
1	2021	186	20499	 22.4	 31.2	2.464	 2.3	 1.1
1	2021	187	12899	 23.1	 30.3	2.843	 2.0	 0.9
1	2021	188	12043	 24.1	 30.7	2.928	 1.7	 1.0
1	2021	189	24989	 22.7	 34.4	2.755	 2.5	 0.0
1	2021	190	25985	 23.9	 35.8	2.970	 3.3	 0.0
1	2021	191	22891	 26.0	 36.1	3.165	 3.9	 0.2
1	2021	192	 9885	 28.5	 34.1	3.001	 5.8	 0.4
1	2021	193	18622	 25.9	 33.1	2.999	 6.0	13.9
1	2021	194	20452	 26.8	 35.4	3.039	 5.1	 0.0
1	2021	195	23557	 27.1	 35.7	3.074	 3.6	 8.8
1	2021	196	15656	 25.1	 32.9	2.893	 2.2	27.6
1	2021	197	 9284	 24.8	 27.5	2.971	 1.7	49.5
1	2021	198	15520	 24.1	 29.4	2.890	 3.0	 9.3
1	2021	199	13885	 23.8	 29.8	2.935	 4.3	17.4
1	2021	200	15220	 23.9	 30.8	2.911	 4.1	 3.2
1	2021	201	 6781	 24.6	 29.9	3.113	 4.1	13.6
1	2021	202	 6767	 25.1	 29.2	3.025	 4.3	 6.9
1	2021	203	12217	 24.6	 29.3	2.778	 3.7	 0.1
1	2021	204	16407	 24.1	 30.0	3.013	 3.0	 2.9
1	2021	205	22521	 24.2	 31.3	2.815	 2.5	 0.1
1	2021	206	22902	 23.5	 32.1	2.844	 1.7	 0.0
1	2021	207	21792	 24.1	 31.8	2.907	 3.1	 0.3
1	2021	208	12929	 24.7	 30.6	3.004	 4.6	10.6
1	2021	209	 4864	 22.8	 24.9	2.682	 8.6	155.9
1	2021	210	 8698	 21.5	 25.7	2.384	 5.8	15.8
1	2021	211	23340	 20.2	 31.9	2.844	 2.2	 0.1
1	2021	212	24840	 24.7	 34.2	3.361	 2.6	 0.0
1	2021	213	21759	 24.0	 33.9	2.976	 2.5	 8.2
1	2021	214	23144	 23.4	 31.6	2.693	 2.7	 1.3
1	2021	215	21525	 22.8	 31.0	2.859	 2.2	 0.7
1	2021	216	21675	 23.8	 32.1	3.095	 2.0	 0.3
1	2021	217	16662	 25.0	 31.8	3.166	 1.6	11.4
1	2021	218	21690	 23.8	 32.2	3.021	 2.0	 0.7
1	2021	219	21837	 24.2	 32.5	2.961	 1.8	 0.1
1	2021	220	22760	 22.7	 32.2	2.859	 1.3	 0.0
1	2021	221	20207	 23.8	 31.5	2.872	 1.8	 0.6
1	2021	222	18015	 21.1	 30.8	2.652	 1.5	 0.0
1	2021	223	15857	 22.8	 30.6	2.874	 2.4	 0.0
1	2021	224	11937	 24.5	 30.0	2.890	 2.5	 0.9
1	2021	225	 8211	 21.9	 25.6	2.551	 1.4	 8.2
1	2021	226	20962	 20.2	 28.9	2.447	 2.1	 0.1
1	2021	227	21664	 20.5	 29.5	2.443	 2.1	 0.0
1	2021	228	17579	 23.4	 29.6	2.778	 1.8	 1.0
1	2021	229	20892	 21.7	 30.3	2.745	 1.2	 0.1
1	2021	230	20899	 22.8	 30.7	2.709	 2.1	 0.3
1	2021	231	20331	 22.9	 31.3	2.774	 3.2	 0.5
1	2021	232	12569	 22.4	 28.7	2.713	 3.6	14.0
1	2021	233	20539	 19.4	 29.9	2.576	 1.5	 0.0
1	2021	234	 5849	 23.1	 27.7	2.851	 3.6	18.6
1	2021	235	11432	 23.0	 28.2	2.547	 3.7	50.3
1	2021	236	20715	 21.7	 30.7	2.463	 2.6	 0.0
1	2021	237	21508	 19.6	 30.6	2.041	 2.9	 0.0
1	2021	238	 8132	 19.6	 25.2	2.052	 2.9	 5.8
1	2021	239	 6372	 18.5	 22.0	2.093	 1.4	 4.3
1	2021	240	 9806	 17.6	 25.0	2.319	 1.3	 5.4
1	2021	241	 3604	 20.9	 23.7	2.605	 2.6	22.1
1	2021	242	 5556	 21.4	 26.6	2.771	 2.4	38.6
1	2021	243	11854	 21.7	 26.9	2.684	 3.3	 0.8
1	2021	244	 5974	 20.1	 23.3	2.331	 2.7	 7.6
1	2021	245	13994	 20.0	 27.1	2.380	 1.9	 0.6
1	2021	246	18089	 18.5	 28.2	2.397	 2.4	 0.1
1	2021	247	 2029	 20.3	 23.7	2.424	 3.5	67.3
1	2021	248	 9100	 19.2	 24.3	2.195	 4.0	 0.5
1	2021	249	 5001	 20.3	 23.7	2.319	 3.6	 2.4
1	2021	250	17520	 17.8	 25.8	2.056	 2.0	 0.0
1	2021	251	21562	 16.4	 27.6	2.090	 2.6	 0.0
1	2021	252	21005	 19.3	 29.6	2.363	 3.3	 0.0
1	2021	253	21490	 20.6	 31.2	2.642	 2.5	 0.0
1	2021	254	21738	 20.5	 31.8	2.487	 2.2	 0.0
1	2021	255	21191	 21.1	 30.9	2.484	 2.5	 0.0
1	2021	256	21153	 19.1	 29.3	2.214	 2.6	 0.0
1	2021	257	20777	 17.8	 30.0	2.252	 2.2	 0.0
1	2021	258	19097	 20.0	 29.4	2.098	 1.8	 0.1
1	2021	259	19024	 18.4	 29.5	2.101	 2.4	 0.0
1	2021	260	 9050	 21.2	 26.4	2.234	 3.2	 0.1
1	2021	261	 6569	 21.1	 26.2	2.412	 2.9	 5.9
1	2021	262	 7511	 16.7	 26.4	2.222	 3.8	26.8
1	2021	263	12999	 16.8	 25.4	1.856	 3.7	 0.2
1	2021	264	20370	 20.4	 30.1	2.066	 3.5	 0.0
1	2021	265	18676	 19.7	 31.0	2.415	 2.1	 0.0
1	2021	266	18719	 20.4	 31.6	2.330	 2.9	 0.0
1	2021	267	 6298	 22.9	 28.6	2.383	 4.1	15.2
1	2021	268	 3657	 21.2	 25.2	2.404	 3.8	42.0
1	2021	269	 8289	 20.2	 24.4	2.422	 2.5	11.1
1	2021	270	 6488	 19.7	 24.0	2.160	 2.8	 0.2
1	2021	271	 4755	 17.2	 22.2	2.080	 2.7	 9.9
1	2021	272	19034	 13.2	 26.0	1.810	 1.5	 0.0
1	2021	273	18815	 16.5	 27.8	1.965	 3.2	 0.0
1	2021	274	17243	 18.5	 28.4	2.302	 2.0	 0.0
1	2021	275	17231	 18.7	 30.2	2.355	 2.9	 0.0
1	2021	276	14376	 21.9	 31.8	2.441	 3.7	 0.0
1	2021	277	12358	 17.7	 29.0	2.251	 4.7	 1.8
1	2021	278	 5077	 14.4	 17.7	1.459	 5.7	 1.1
1	2021	279	 2696	 12.7	 15.8	1.393	 4.8	 1.9
1	2021	280	 2403	 12.2	 13.4	1.293	 4.2	 1.0
1	2021	281	 3601	 13.0	 16.9	1.513	 2.9	 0.4
1	2021	282	 7108	 15.1	 23.0	1.784	 2.9	 2.6
1	2021	283	 4456	 15.1	 18.3	1.072	 5.3	 2.0
1	2021	284	 8821	 13.5	 17.9	0.817	 3.4	 0.0
1	2021	285	15590	 13.4	 20.4	0.983	 2.9	 0.0
1	2021	286	16246	 11.7	 22.6	1.207	 1.9	 0.0
1	2021	287	13234	 13.7	 24.1	1.386	 3.6	 0.1
1	2021	288	 3370	 14.6	 17.7	1.586	 3.2	 2.0
1	2021	289	11170	  7.0	 15.7	0.658	 4.9	 0.1
1	2021	290	16752	  3.6	 14.2	0.521	 2.1	 0.0
1	2021	291	15685	  7.5	 18.2	0.828	 3.0	 0.0
1	2021	292	 8767	  9.2	 16.8	0.994	 3.0	 0.0
1	2021	293	 5832	 10.2	 13.3	1.002	 1.9	 0.4
1	2021	294	13237	  8.7	 17.2	1.051	 2.2	 0.1
1	2021	295	15381	  5.3	 18.7	0.862	 1.7	 0.0
1	2021	296	14061	  6.2	 18.6	0.860	 1.6	 0.0
1	2021	297	13041	  7.3	 18.7	0.889	 1.6	 0.3
1	2021	298	14903	  6.3	 19.9	0.958	 2.1	 0.0
1	2021	299	12137	  8.3	 20.6	1.113	 1.5	 0.0
1	2021	300	12134	  9.9	 20.3	1.221	 2.1	 0.0
1	2021	301	12399	 11.4	 21.4	1.220	 1.6	 0.0
1	2021	302	11646	 10.2	 21.5	1.218	 2.3	 0.0
1	2021	303	13787	 10.3	 22.8	1.255	 2.4	 0.0
1	2021	304	10314	 10.9	 21.9	1.283	 2.1	 0.0
1	2021	305	 8999	 10.6	 18.5	1.197	 3.0	 0.0
1	2021	306	 8635	 11.3	 19.4	1.294	 2.1	 0.2
1	2021	307	11477	  9.5	 20.7	1.234	 1.8	 0.1
1	2021	308	10426	  9.3	 21.2	1.249	 2.3	 0.0
1	2021	309	 7762	 13.0	 20.7	1.524	 2.6	 0.0
1	2021	310	 2927	 14.9	 18.7	1.705	 2.3	 2.0
1	2021	311	 2752	  0.6	 15.7	0.642	 6.4	23.2
1	2021	312	13557	 -0.5	  9.0	0.374	 2.9	 0.0
1	2021	313	13049	  0.7	 13.0	0.439	 3.3	 0.0
1	2021	314	12629	  3.4	 14.3	0.504	 2.8	 0.0
1	2021	315	12599	  4.5	 14.8	0.525	 2.4	 0.0
1	2021	316	12361	  3.5	 15.4	0.608	 2.3	 0.0
1	2021	317	12461	  3.4	 16.2	0.548	 2.9	 0.0
1	2021	318	12283	  2.8	 17.1	0.603	 2.1	 0.0
1	2021	319	11243	  6.5	 17.7	0.768	 1.7	 0.0
1	2021	320	11377	  5.9	 17.1	0.895	 2.6	 0.0
1	2021	321	 8099	  7.5	 18.0	1.001	 2.5	 0.0
1	2021	322	11490	  7.5	 19.2	0.932	 3.4	 0.0
1	2021	323	11038	  7.0	 18.8	1.079	 1.9	 0.0
1	2021	324	 6610	  7.1	 16.5	1.109	 3.4	 1.4
1	2021	325	 6755	  5.6	 13.3	0.683	 3.9	 0.0
1	2021	326	11853	 -1.2	  6.4	0.186	 3.2	 0.0
1	2021	327	11473	 -2.2	 10.5	0.313	 2.9	 0.0
1	2021	328	11206	  3.2	 15.9	0.465	 3.4	 0.0
1	2021	329	11120	  0.1	 15.6	0.521	 1.7	 0.0
1	2021	330	10799	  0.9	 15.8	0.577	 2.0	 0.0
1	2021	331	10405	  3.1	 14.3	0.713	 2.9	 0.0
1	2021	332	 7862	  5.2	 14.1	0.887	 2.4	 0.0
1	2021	333	 7269	  3.4	 14.5	0.904	 3.0	 2.6
1	2021	334	10813	 -0.9	  8.8	0.413	 3.7	 0.0
1	2021	335	10720	 -3.2	  8.9	0.304	 2.0	 0.0
1	2021	336	10662	 -0.4	 12.2	0.349	 3.3	 0.0
1	2021	337	10504	  0.4	 12.9	0.385	 2.0	 0.0
1	2021	338	10209	  0.2	 14.4	0.435	 2.2	 0.0
1	2021	339	10311	  0.9	 14.8	0.491	 2.6	 0.0
1	2021	340	10147	  2.1	 13.3	0.477	 4.0	 0.0
1	2021	341	 8823	  2.0	 10.6	0.545	 2.8	 0.0
1	2021	342	 6634	  3.0	 11.5	0.658	 2.0	 0.0
1	2021	343	 9678	  1.7	 13.4	0.769	 1.9	 0.0
1	2021	344	 8434	  1.1	 14.0	0.803	 2.1	 0.0
1	2021	345	 4309	  6.5	 11.4	0.855	 1.6	 0.5
1	2021	346	 7610	  0.0	  8.4	0.532	 3.2	 0.0
1	2021	347	 9827	 -2.3	  9.3	0.460	 2.7	 0.0
1	2021	348	 9614	  3.4	 13.1	0.788	 3.4	 0.0
1	2021	349	 7698	  1.2	 13.3	0.870	 1.5	 0.0
1	2021	350	 8030	  2.3	 12.4	0.562	 3.3	 0.0
1	2021	351	 9841	 -4.1	  3.6	0.268	 3.4	 0.0
1	2021	352	 8769	 -4.1	  8.9	0.279	 3.4	 0.0
1	2021	353	 9893	 -1.6	 12.5	0.397	 3.3	 0.0
1	2021	354	 9851	  3.0	 14.7	0.484	 3.5	 0.0
1	2021	355	10008	 -0.8	 13.8	0.487	 1.7	 0.0
1	2021	356	 9820	 -0.9	 13.2	0.615	 2.2	 0.0
1	2021	357	 7223	  0.0	  9.5	0.728	 3.1	 0.1
1	2021	358	 4326	 -3.9	  5.7	0.481	 5.4	 0.6
1	2021	359	 9716	 -6.8	 -1.6	0.188	 3.9	 0.0
1	2021	360	10411	 -8.0	 -0.7	0.186	 1.9	 0.0
1	2021	361	10392	 -6.6	  3.9	0.232	 2.5	 0.0
1	2021	362	10011	 -3.3	  7.2	0.311	 3.6	 0.0
1	2021	363	10450	 -3.5	  7.7	0.236	 2.9	 0.0
1	2021	364	10264	 -4.4	  8.3	0.292	 1.7	 0.0
1	2021	365	 7144	 -3.6	  8.2	0.356	 2.1	 0.0
