*------------------------------------------------------------*
*   Country: China
*   Station: 115.4_34.5
*      Year: 2020
*    Origin: AgERA5 dataset
*    Author: Huang Hai, CAU
* Longitude: 115.40 E
*  Latitude: 34.50 N
* Elevation: 57.00 m
*   Columns: 
*   ======== 
*  station number
*  year
*  day
*  irradiation (kJ路m-2路d-1)
*  minimum temperature (degrees Celsius)
*  maximum temperature (degrees Celsius)
*  vapour pressure (kPa)
*  mean wind speed (m路s-1)
*  precipitation (mm路d-1)
** WCCDESCRIPTION=115.4_34.5, China
** WCCFORMAT=2
** WCCYEARNR=2020
*------------------------------------------------------------*
115.40  34.50  57.00  -0.18  -0.55
1	2020	  1	 8714	 -4.0	  5.8	0.377	 1.8	 0.0
1	2020	  2	 3534	  2.1	  5.9	0.520	 0.9	 0.0
1	2020	  3	 6495	  1.1	  8.7	0.562	 1.2	 0.0
1	2020	  4	 9376	 -0.8	 11.3	0.648	 1.9	 0.0
1	2020	  5	  214	  2.9	  5.3	0.777	 4.1	21.8
1	2020	  6	  998	  1.4	  2.7	0.694	 4.1	13.3
1	2020	  7	 1821	 -1.8	  1.1	0.632	 4.8	15.3
1	2020	  8	 7468	 -5.8	  4.7	0.495	 1.4	 0.0
1	2020	  9	 8137	 -2.2	  5.6	0.523	 1.7	 0.3
1	2020	 10	 5539	 -1.1	  6.0	0.603	 1.6	 0.0
1	2020	 11	 6371	 -2.6	  4.4	0.592	 2.0	 0.1
1	2020	 12	 7535	 -4.9	  4.8	0.544	 1.2	 0.2
1	2020	 13	 5180	 -2.6	  4.8	0.572	 2.1	 0.2
1	2020	 14	11456	 -5.4	  3.9	0.393	 2.1	 0.0
1	2020	 15	 5542	 -4.3	  2.6	0.418	 2.0	 0.7
1	2020	 16	 7174	 -1.3	  4.1	0.531	 1.8	 0.3
1	2020	 17	 9431	 -3.4	  6.1	0.580	 2.0	 0.0
1	2020	 18	10103	 -4.1	  8.0	0.611	 2.4	 0.0
1	2020	 19	12050	 -1.3	  8.4	0.435	 2.5	 0.0
1	2020	 20	10291	 -3.4	  8.6	0.510	 2.3	 0.0
1	2020	 21	 5967	 -1.7	  8.1	0.578	 2.3	 0.0
1	2020	 22	 8622	 -2.7	  8.7	0.670	 1.2	 0.0
1	2020	 23	 7507	  0.2	  9.6	0.711	 1.7	 0.0
1	2020	 24	 5714	  2.4	  7.6	0.695	 2.9	 0.4
1	2020	 25	 7257	  1.3	  7.4	0.589	 1.7	 0.4
1	2020	 26	 3474	  0.6	  3.2	0.612	 2.7	 3.8
1	2020	 27	11403	 -2.1	  6.8	0.529	 2.4	 0.2
1	2020	 28	11516	 -4.1	  8.5	0.516	 1.9	 0.0
1	2020	 29	11533	 -2.7	  9.0	0.542	 2.2	 0.1
1	2020	 30	12841	 -3.8	  9.2	0.510	 1.9	 0.0
1	2020	 31	13077	 -1.2	 12.3	0.599	 2.8	 0.0
1	2020	 32	 9967	 -0.7	 11.7	0.630	 1.7	 0.0
1	2020	 33	12283	  2.0	 11.5	0.590	 2.2	 0.0
1	2020	 34	13213	  0.6	  9.3	0.485	 3.0	 0.0
1	2020	 35	13101	  0.6	 11.8	0.624	 3.3	 0.0
1	2020	 36	 3090	  0.6	  2.8	0.502	 3.9	 0.6
1	2020	 37	 4697	 -0.6	  3.4	0.558	 3.0	 2.7
1	2020	 38	10972	 -0.7	  8.0	0.654	 1.5	 0.0
1	2020	 39	10820	 -1.6	 10.3	0.680	 2.2	 0.0
1	2020	 40	14444	  0.8	 14.8	0.657	 3.6	 0.0
1	2020	 41	14396	  3.1	 16.2	0.742	 3.4	 0.0
1	2020	 42	13790	  6.0	 15.1	0.841	 2.6	 0.0
1	2020	 43	14497	  2.9	 16.8	0.960	 3.0	 0.0
1	2020	 44	12071	  6.5	 18.6	1.151	 3.5	 0.2
1	2020	 45	 3058	  1.6	 14.2	1.027	 4.6	 0.9
1	2020	 46	 4271	 -2.1	  3.0	0.427	 4.2	 4.1
1	2020	 47	16030	 -3.5	  6.0	0.283	 2.8	 0.0
1	2020	 48	16252	 -3.7	  8.7	0.312	 2.3	 0.0
1	2020	 49	15998	 -0.7	 13.5	0.395	 3.9	 0.0
1	2020	 50	11419	  2.8	 13.2	0.546	 3.0	 0.0
1	2020	 51	13208	  0.3	 15.1	0.674	 2.0	 0.0
1	2020	 52	15743	  5.9	 15.0	0.622	 3.0	 0.2
1	2020	 53	16671	  0.8	 13.0	0.391	 2.1	 0.0
1	2020	 54	16253	  4.5	 18.1	0.695	 4.1	 0.0
1	2020	 55	 7062	  9.8	 17.8	1.067	 3.0	 4.2
1	2020	 56	13844	  6.9	 14.2	0.945	 3.6	 0.0
1	2020	 57	 4002	  7.7	 11.0	0.902	 3.2	 0.1
1	2020	 58	 7446	  2.5	  9.2	0.555	 2.9	 7.2
1	2020	 59	11403	  0.8	  8.8	0.719	 1.6	 5.9
1	2020	 60	14700	  2.0	 13.0	0.826	 2.0	 0.0
1	2020	 61	 7392	  2.8	 11.3	0.825	 2.5	 0.5
1	2020	 62	11777	  1.8	 10.9	0.625	 2.7	 0.0
1	2020	 63	14352	 -0.1	 11.9	0.490	 2.9	 0.0
1	2020	 64	18539	 -0.8	 11.5	0.406	 2.4	 0.0
1	2020	 65	18095	  0.7	 13.4	0.539	 4.0	 0.0
1	2020	 66	13390	  3.7	 16.3	0.793	 3.6	 0.0
1	2020	 67	18928	  6.1	 17.4	0.858	 2.7	 0.0
1	2020	 68	16085	  8.4	 17.6	0.993	 3.5	 0.4
1	2020	 69	 4188	  6.8	 12.2	0.978	 3.7	 1.3
1	2020	 70	16516	  3.6	 14.0	0.714	 2.1	 0.0
1	2020	 71	19663	  2.7	 18.7	0.678	 3.8	 0.0
1	2020	 72	17909	  7.6	 19.7	0.869	 3.4	 0.0
1	2020	 73	14152	  5.3	 12.5	0.688	 3.9	 0.0
1	2020	 74	20818	  3.6	 16.7	0.509	 3.6	 0.0
1	2020	 75	20578	  5.1	 19.9	0.422	 2.2	 0.0
1	2020	 76	13490	  7.8	 18.1	0.751	 3.5	 0.0
1	2020	 77	20728	  8.7	 23.2	0.742	 2.9	 0.0
1	2020	 78	21140	 10.1	 26.1	0.654	 4.7	 0.0
1	2020	 79	21740	  6.3	 18.9	0.352	 2.8	 0.0
1	2020	 80	21109	  8.7	 25.8	0.759	 4.8	 0.0
1	2020	 81	18930	 13.7	 28.1	1.080	 3.8	 0.0
1	2020	 82	20912	 10.6	 21.2	0.666	 3.5	 0.0
1	2020	 83	21416	  8.3	 23.1	0.740	 3.1	 0.0
1	2020	 84	19712	 11.0	 23.4	0.772	 3.6	 0.0
1	2020	 85	 8813	 12.2	 19.1	1.386	 3.0	 7.9
1	2020	 86	 5808	  7.4	 18.6	1.135	 5.4	 1.1
1	2020	 87	12230	  7.3	 12.7	0.390	 4.0	 0.0
1	2020	 88	22430	  4.3	 14.8	0.405	 2.5	 0.0
1	2020	 89	 8296	  6.5	 10.8	0.735	 2.2	 0.6
1	2020	 90	18903	  2.8	 14.6	0.803	 2.3	 0.0
1	2020	 91	 9081	  6.8	 13.6	0.897	 2.4	 0.0
1	2020	 92	 8509	  6.0	 15.4	1.007	 2.1	 2.6
1	2020	 93	 5011	  7.1	 11.4	0.891	 2.1	 1.2
1	2020	 94	22597	  3.6	 18.6	0.762	 1.4	 0.0
1	2020	 95	23241	  4.5	 22.0	0.810	 2.1	 0.0
1	2020	 96	21572	  7.4	 19.0	0.712	 3.3	 0.0
1	2020	 97	21219	  9.8	 21.8	0.710	 2.8	 0.0
1	2020	 98	23773	  8.0	 23.8	0.800	 3.2	 0.0
1	2020	 99	20912	  8.5	 23.0	0.836	 2.3	 0.2
1	2020	100	20998	  9.2	 21.2	0.956	 4.6	 0.5
1	2020	101	 5554	  5.7	  9.5	0.825	 5.2	10.6
1	2020	102	20215	  4.2	 15.3	0.751	 3.4	 0.6
1	2020	103	25164	  7.0	 21.6	0.562	 4.4	 0.0
1	2020	104	24789	  5.7	 23.5	0.692	 3.1	 0.0
1	2020	105	19076	 12.0	 23.6	0.756	 3.8	 0.0
1	2020	106	24168	 11.0	 26.5	1.074	 3.7	 0.0
1	2020	107	18416	 14.9	 24.6	1.084	 3.2	 0.3
1	2020	108	25603	 10.4	 24.2	0.769	 3.3	 0.0
1	2020	109	10113	 10.1	 18.9	0.960	 2.6	 5.4
1	2020	110	15182	 11.0	 20.5	1.139	 2.7	 1.9
1	2020	111	21043	 13.1	 20.5	0.678	 3.5	 0.0
1	2020	112	20065	  9.0	 20.7	0.798	 2.0	 0.0
1	2020	113	26162	  9.2	 17.6	0.424	 3.3	 0.0
1	2020	114	25212	  6.0	 20.2	0.496	 2.0	 0.0
1	2020	115	26799	  6.2	 23.9	0.430	 3.9	 0.0
1	2020	116	26765	 13.3	 25.6	0.487	 4.6	 0.0
1	2020	117	25981	 11.2	 24.8	0.758	 3.6	 0.0
1	2020	118	23253	 10.8	 22.1	0.708	 3.2	 1.9
1	2020	119	26608	 11.0	 25.7	0.692	 4.1	 0.0
1	2020	120	25405	 13.3	 31.6	1.177	 4.0	 0.0
1	2020	121	24137	 18.4	 34.8	1.662	 3.7	 0.0
1	2020	122	24357	 19.3	 31.8	1.887	 4.2	 0.3
1	2020	123	25312	 17.9	 33.8	2.237	 2.8	 0.0
1	2020	124	26281	 19.3	 37.9	1.698	 2.5	 0.0
1	2020	125	14549	 18.5	 27.5	1.562	 4.8	 0.1
1	2020	126	21879	 13.6	 23.8	1.290	 3.0	 0.5
1	2020	127	24141	 13.4	 25.9	1.372	 3.4	 0.0
1	2020	128	 6592	 17.1	 21.9	1.805	 3.2	11.8
1	2020	129	 4665	 14.5	 18.6	1.604	 5.4	10.1
1	2020	130	17114	 10.9	 20.8	1.368	 2.8	 5.4
1	2020	131	26706	 12.1	 26.9	1.480	 2.3	 0.0
1	2020	132	26143	 15.4	 24.4	0.896	 4.7	 0.0
1	2020	133	27485	 15.3	 27.6	0.970	 3.2	 0.0
1	2020	134	24637	 15.8	 30.3	1.203	 3.7	 0.1
1	2020	135	16621	 18.4	 26.8	1.555	 2.4	 0.3
1	2020	136	26519	 14.5	 30.3	1.649	 2.6	 0.0
1	2020	137	24180	 18.5	 32.1	1.678	 4.4	 0.1
1	2020	138	26611	 17.4	 34.0	1.711	 3.9	 0.7
1	2020	139	27897	 13.3	 26.0	0.808	 3.8	 0.0
1	2020	140	27880	 14.7	 31.0	0.815	 2.4	 0.0
1	2020	141	17487	 18.4	 31.2	1.129	 2.7	 0.0
1	2020	142	27099	 19.4	 33.3	1.230	 3.3	 0.0
1	2020	143	27636	 20.9	 34.3	1.273	 2.5	 0.0
1	2020	144	24905	 22.2	 35.8	1.535	 4.5	 2.7
1	2020	145	17316	 18.2	 29.2	1.288	 1.7	 0.1
1	2020	146	21867	 22.3	 30.5	1.254	 4.2	 0.0
1	2020	147	26528	 17.9	 29.9	1.309	 3.0	 0.0
1	2020	148	26785	 17.2	 33.6	0.990	 2.7	 0.0
1	2020	149	28009	 18.4	 35.3	1.040	 2.7	 0.0
1	2020	150	13257	 23.6	 31.1	1.388	 4.3	 0.0
1	2020	151	20003	 19.2	 27.4	1.592	 3.5	 0.0
1	2020	152	25014	 18.3	 34.1	1.772	 2.3	 0.1
1	2020	153	26112	 20.6	 35.4	1.738	 3.9	 0.0
1	2020	154	22670	 23.7	 34.5	1.261	 2.7	 0.0
1	2020	155	29155	 20.4	 37.7	0.823	 3.1	 0.0
1	2020	156	25434	 23.5	 38.5	1.378	 3.5	 0.0
1	2020	157	21786	 24.9	 36.2	1.771	 2.5	 0.0
1	2020	158	28169	 22.0	 36.4	1.545	 2.3	 0.0
1	2020	159	27272	 22.9	 37.0	1.426	 3.8	 0.0
1	2020	160	26178	 23.0	 35.6	1.571	 4.1	 0.0
1	2020	161	12228	 22.6	 29.2	2.223	 3.0	10.5
1	2020	162	20101	 21.2	 31.8	2.398	 2.1	 2.0
1	2020	163	17600	 22.6	 32.3	2.417	 2.2	 1.5
1	2020	164	11666	 20.7	 25.8	2.121	 3.5	22.0
1	2020	165	19931	 20.6	 30.9	2.305	 1.7	 0.0
1	2020	166	24724	 23.3	 33.1	2.578	 2.2	 0.0
1	2020	167	13522	 23.8	 33.4	2.613	 1.7	 0.9
1	2020	168	 5223	 19.1	 24.8	2.150	 2.6	25.0
1	2020	169	 2272	 18.0	 19.1	1.902	 3.4	39.5
1	2020	170	13671	 18.0	 25.1	2.026	 2.6	 4.1
1	2020	171	22820	 16.5	 28.1	2.004	 2.1	 0.0
1	2020	172	17901	 19.7	 28.1	2.180	 2.5	 0.1
1	2020	173	21130	 20.3	 29.0	2.235	 2.6	 0.0
1	2020	174	 9677	 21.2	 25.7	2.309	 2.6	 8.6
1	2020	175	 7082	 21.1	 25.5	2.424	 2.3	 1.6
1	2020	176	27309	 19.5	 31.2	2.219	 1.6	 0.0
1	2020	177	25665	 21.5	 32.8	2.474	 2.6	 0.0
1	2020	178	19701	 24.1	 32.1	2.696	 2.4	 0.1
1	2020	179	21534	 24.3	 33.5	2.742	 2.4	 0.2
1	2020	180	15022	 23.2	 27.1	2.450	 4.0	 7.8
1	2020	181	25829	 21.7	 30.5	2.233	 2.3	 0.0
1	2020	182	19408	 22.3	 29.2	2.477	 2.8	 4.5
1	2020	183	22132	 20.6	 29.8	2.289	 1.9	 0.0
1	2020	184	20712	 22.8	 30.8	2.539	 2.3	 0.7
1	2020	185	17414	 20.8	 28.5	2.553	 1.9	 1.3
1	2020	186	17628	 21.2	 29.3	2.503	 2.9	 0.2
1	2020	187	21560	 23.6	 32.2	2.726	 2.8	 0.1
1	2020	188	27126	 23.8	 35.6	2.574	 2.1	 0.0
1	2020	189	24432	 25.3	 35.2	2.694	 2.1	 0.1
1	2020	190	25129	 24.8	 33.5	2.243	 3.0	 0.0
1	2020	191	22495	 23.7	 32.1	2.258	 2.7	 0.0
1	2020	192	22886	 22.0	 32.2	2.335	 2.3	 0.0
1	2020	193	 6931	 21.5	 29.6	2.399	 4.6	18.3
1	2020	194	 4520	 20.0	 23.4	2.182	 4.8	36.3
1	2020	195	19450	 19.9	 27.8	2.250	 2.5	 0.1
1	2020	196	 8175	 20.8	 26.5	2.559	 1.0	 2.4
1	2020	197	21611	 20.3	 29.1	2.498	 1.4	 0.2
1	2020	198	23861	 20.6	 29.9	2.479	 2.2	 0.0
1	2020	199	 6159	 21.6	 24.2	2.436	 2.2	19.0
1	2020	200	12640	 21.5	 27.8	2.434	 2.5	 2.0
1	2020	201	15147	 22.0	 27.8	2.415	 2.6	 2.3
1	2020	202	25535	 19.7	 31.1	2.445	 2.1	 0.0
1	2020	203	18227	 21.7	 29.6	2.560	 3.3	 1.9
1	2020	204	 3610	 20.5	 22.7	2.370	 3.8	122.3
1	2020	205	24291	 21.0	 28.6	2.382	 3.1	 0.0
1	2020	206	19018	 20.7	 29.1	2.439	 2.1	 0.2
1	2020	207	19749	 18.9	 30.1	2.524	 1.4	 0.7
1	2020	208	 6021	 20.4	 25.1	2.445	 2.2	11.5
1	2020	209	14782	 19.5	 27.6	2.495	 1.8	 0.1
1	2020	210	19110	 20.5	 29.5	2.720	 1.9	 0.1
1	2020	211	15556	 23.1	 29.7	2.845	 2.0	 0.1
1	2020	212	17853	 23.0	 31.2	3.120	 2.6	 2.8
1	2020	213	17954	 24.0	 30.9	3.072	 2.6	 5.0
1	2020	214	19340	 25.0	 32.5	3.376	 2.7	25.0
1	2020	215	 9392	 24.5	 30.9	3.394	 3.0	33.6
1	2020	216	18415	 26.2	 33.5	3.477	 3.2	 4.9
1	2020	217	18867	 25.6	 33.2	3.445	 2.5	10.4
1	2020	218	17532	 25.6	 32.5	3.345	 1.9	 1.6
1	2020	219	10044	 25.5	 31.8	3.347	 1.9	19.7
1	2020	220	 4296	 24.6	 26.7	3.074	 2.3	23.7
1	2020	221	11985	 23.6	 29.5	2.911	 2.0	 0.9
1	2020	222	20465	 22.4	 31.8	3.076	 1.2	 0.2
1	2020	223	21459	 24.3	 32.9	3.274	 2.2	 0.2
1	2020	224	21288	 24.7	 32.4	3.260	 2.7	 0.0
1	2020	225	13581	 24.9	 32.2	3.405	 3.4	 8.7
1	2020	226	16599	 26.4	 31.6	3.330	 4.4	 5.7
1	2020	227	16518	 25.9	 32.2	3.376	 3.4	 3.1
1	2020	228	18395	 24.2	 32.3	3.094	 3.5	 1.0
1	2020	229	20424	 23.3	 33.2	3.172	 1.8	 0.3
1	2020	230	21435	 25.6	 34.0	3.229	 2.1	 0.1
1	2020	231	22340	 25.8	 33.3	3.120	 2.4	 0.0
1	2020	232	17968	 23.2	 31.2	2.805	 3.2	 7.6
1	2020	233	 3025	 20.5	 23.2	2.458	 3.8	24.2
1	2020	234	 8169	 20.2	 25.5	2.381	 3.0	 8.9
1	2020	235	11085	 21.4	 27.8	2.619	 1.8	 0.2
1	2020	236	16253	 22.1	 30.7	3.025	 2.5	 0.8
1	2020	237	15838	 22.7	 30.3	2.879	 3.6	 3.7
1	2020	238	16784	 20.4	 29.0	2.467	 2.2	 0.0
1	2020	239	20238	 21.8	 29.3	2.392	 3.1	 0.0
1	2020	240	23175	 18.5	 29.6	2.211	 1.7	 0.0
1	2020	241	22995	 20.4	 30.7	2.465	 1.9	 0.0
1	2020	242	22880	 20.4	 31.3	2.554	 1.6	 0.0
1	2020	243	19818	 21.9	 30.7	2.742	 1.7	 0.0
1	2020	244	18769	 23.2	 31.4	2.732	 2.0	 0.2
1	2020	245	21648	 22.5	 30.8	2.404	 2.6	 0.0
1	2020	246	19672	 20.5	 29.5	1.941	 2.9	 0.0
1	2020	247	22623	 18.1	 29.2	1.655	 2.5	 0.0
1	2020	248	22967	 17.6	 31.0	1.755	 2.6	 0.0
1	2020	249	21459	 20.4	 32.2	1.881	 2.9	 0.0
1	2020	250	20780	 21.1	 32.2	2.028	 1.7	 0.0
1	2020	251	22213	 19.7	 32.6	1.950	 2.2	 0.0
1	2020	252	20183	 20.1	 31.8	2.062	 2.0	 0.0
1	2020	253	18947	 21.0	 31.5	2.213	 1.7	 1.5
1	2020	254	13537	 20.5	 27.4	2.406	 1.2	13.3
1	2020	255	21211	 18.7	 27.0	1.834	 3.3	 0.0
1	2020	256	15795	 18.0	 25.9	1.842	 3.1	 0.0
1	2020	257	17056	 19.3	 26.9	2.059	 2.1	 0.4
1	2020	258	15840	 20.1	 28.1	2.218	 2.2	 0.9
1	2020	259	17432	 20.5	 28.6	2.204	 3.3	 0.9
1	2020	260	16542	 18.3	 29.6	1.632	 2.5	 0.0
1	2020	261	13724	 18.0	 26.2	1.361	 2.0	 0.0
1	2020	262	21272	 15.5	 29.3	1.453	 2.8	 0.0
1	2020	263	20786	 17.2	 29.7	1.322	 2.7	 0.0
1	2020	264	19013	 16.3	 28.7	1.521	 2.3	 0.0
1	2020	265	 4459	 18.5	 23.9	1.676	 2.3	 1.3
1	2020	266	11683	 17.3	 25.9	1.761	 1.6	 1.3
1	2020	267	16129	 18.7	 26.4	1.694	 1.5	 0.1
1	2020	268	16478	 17.1	 26.6	1.708	 1.5	 0.0
1	2020	269	16272	 16.8	 26.2	1.753	 2.2	 0.0
1	2020	270	14313	 16.3	 25.9	1.730	 2.3	 0.2
1	2020	271	17821	 17.6	 26.8	1.559	 2.5	 0.0
1	2020	272	13752	 15.9	 25.8	1.533	 2.2	 0.2
1	2020	273	12975	 18.0	 26.4	1.629	 2.1	 0.0
1	2020	274	12224	 16.9	 24.6	1.675	 2.6	 0.1
1	2020	275	12995	 18.0	 27.0	1.760	 2.8	 0.0
1	2020	276	 2940	 16.1	 20.3	1.432	 3.0	 5.2
1	2020	277	 4810	 16.0	 20.3	1.136	 2.1	 0.0
1	2020	278	11606	 10.4	 17.2	0.660	 4.4	 0.0
1	2020	279	 5042	  8.2	 15.7	0.675	 1.9	 0.1
1	2020	280	 7349	  7.8	 17.1	0.815	 1.8	 0.0
1	2020	281	11686	 11.0	 20.2	0.887	 1.5	 0.0
1	2020	282	15136	  9.5	 22.4	1.102	 2.1	 0.0
1	2020	283	11376	 13.1	 22.8	1.330	 1.6	 0.0
1	2020	284	 3784	 13.7	 21.4	1.480	 1.6	 0.0
1	2020	285	 3448	 16.4	 20.3	1.572	 1.3	 1.4
1	2020	286	 6124	 14.8	 20.1	1.355	 2.5	 0.1
1	2020	287	 6416	 13.6	 20.0	1.395	 1.8	 1.9
1	2020	288	 1954	 12.2	 15.5	1.405	 3.0	 5.7
1	2020	289	 6018	 11.3	 17.7	1.440	 0.9	 2.4
1	2020	290	 9975	  9.7	 19.4	1.232	 2.4	 0.7
1	2020	291	14968	  8.2	 19.9	0.904	 1.9	 0.0
1	2020	292	14706	  8.5	 20.3	0.956	 2.1	 0.0
1	2020	293	15769	  8.8	 20.6	1.011	 2.0	 0.0
1	2020	294	10634	  8.3	 20.1	1.025	 2.5	 0.0
1	2020	295	15796	 10.4	 21.8	0.817	 3.2	 0.0
1	2020	296	15678	  6.6	 20.9	0.603	 2.3	 0.0
1	2020	297	15605	  6.3	 17.8	0.501	 2.1	 0.0
1	2020	298	15394	  5.3	 18.9	0.551	 2.2	 0.0
1	2020	299	14097	  9.7	 20.7	0.753	 2.6	 0.0
1	2020	300	13986	 10.8	 23.0	1.041	 1.6	 0.0
1	2020	301	 5483	 13.0	 19.0	0.919	 3.4	 0.0
1	2020	302	 7855	 11.1	 18.5	0.854	 2.6	 0.0
1	2020	303	11635	  9.7	 19.9	1.059	 1.2	 0.0
1	2020	304	11119	  8.7	 20.2	1.176	 1.6	 0.1
1	2020	305	 7683	 13.7	 21.1	1.297	 2.6	 0.0
1	2020	306	12544	 10.3	 21.3	0.932	 2.6	 0.0
1	2020	307	13673	  6.9	 19.0	0.528	 3.1	 0.0
1	2020	308	12661	  4.7	 16.7	0.472	 2.0	 0.0
1	2020	309	12591	  7.7	 18.3	0.493	 3.4	 0.0
1	2020	310	 7668	 11.0	 19.0	0.800	 2.3	 0.0
1	2020	311	12468	 11.6	 22.6	0.871	 2.6	 0.0
1	2020	312	13156	  9.4	 21.9	0.547	 2.9	 0.0
1	2020	313	12968	  6.7	 18.0	0.473	 2.7	 0.0
1	2020	314	12653	  4.4	 18.8	0.553	 2.0	 0.0
1	2020	315	12319	  6.2	 20.1	0.667	 2.5	 0.0
1	2020	316	11666	  8.2	 20.2	0.744	 3.4	 0.0
1	2020	317	11508	  9.3	 21.1	0.915	 2.5	 0.0
1	2020	318	11582	  8.0	 19.8	1.007	 2.2	 0.0
1	2020	319	11415	  8.8	 19.3	1.035	 2.6	 0.0
1	2020	320	11007	  9.0	 19.8	1.180	 2.3	 0.0
1	2020	321	 6225	 10.1	 19.1	1.193	 3.0	 0.0
1	2020	322	  954	 13.8	 16.3	1.547	 3.2	32.6
1	2020	323	 1508	 10.6	 16.1	1.374	 3.1	24.2
1	2020	324	 8722	  7.7	 15.3	0.914	 3.5	 0.0
1	2020	325	10448	  4.9	 11.2	0.704	 3.5	 0.0
1	2020	326	 3024	  4.7	  7.7	0.786	 3.4	 7.4
1	2020	327	 5171	  2.5	  7.2	0.659	 3.6	 0.2
1	2020	328	 3788	 -0.2	  4.9	0.541	 1.5	 0.2
1	2020	329	 8259	 -1.1	  6.8	0.584	 1.3	 0.0
1	2020	330	 6464	 -0.9	  7.8	0.622	 1.5	 0.0
1	2020	331	 5101	  4.9	  9.0	0.669	 2.6	 0.0
1	2020	332	 7280	  1.2	  9.1	0.634	 2.9	 0.0
1	2020	333	 4915	  0.1	  5.7	0.480	 1.8	 0.0
1	2020	334	 9119	 -0.7	  9.4	0.636	 1.6	 0.0
1	2020	335	 7936	 -0.3	  8.0	0.610	 1.9	 0.0
1	2020	336	 3520	  0.8	  5.4	0.577	 2.2	 0.5
1	2020	337	 4823	 -1.2	  4.6	0.638	 1.8	 0.1
1	2020	338	 9172	  0.3	  5.1	0.482	 2.5	 0.0
1	2020	339	 9430	 -1.8	  6.3	0.513	 1.4	 0.0
1	2020	340	 9899	 -0.4	  7.9	0.486	 2.2	 0.0
1	2020	341	 8163	 -1.0	  9.5	0.575	 1.8	 0.0
1	2020	342	 9034	  0.9	  8.2	0.524	 3.0	 0.0
1	2020	343	 9669	 -2.4	  7.4	0.447	 2.2	 0.0
1	2020	344	 4694	  2.5	  8.9	0.671	 2.0	 0.0
1	2020	345	 9228	  0.0	 10.5	0.711	 1.8	 0.0
1	2020	346	 7800	 -0.9	  9.9	0.602	 1.8	 0.0
1	2020	347	 8491	 -1.0	 10.7	0.595	 1.9	 0.0
1	2020	348	 8500	 -0.9	  4.6	0.254	 5.6	 0.0
1	2020	349	10054	 -6.0	  1.1	0.186	 1.6	 0.0
1	2020	350	 9955	 -5.5	  3.6	0.256	 2.3	 0.0
1	2020	351	 9730	 -5.0	  4.6	0.325	 1.5	 0.0
1	2020	352	 8254	 -3.9	  5.6	0.339	 2.1	 0.0
1	2020	353	 8740	 -3.0	  5.7	0.340	 2.9	 0.0
1	2020	354	 8972	 -5.6	  4.9	0.343	 1.8	 0.0
1	2020	355	 9907	 -3.5	  6.2	0.376	 1.9	 0.0
1	2020	356	 9917	 -4.4	  8.0	0.397	 2.5	 0.0
1	2020	357	 9834	 -1.9	 10.2	0.471	 2.8	 0.0
1	2020	358	 9652	  0.0	 10.9	0.507	 2.5	 0.0
1	2020	359	 9981	 -3.5	  9.5	0.375	 2.0	 0.0
1	2020	360	 9767	 -2.2	 10.3	0.465	 2.4	 0.0
1	2020	361	 8361	 -0.2	 10.8	0.589	 2.2	 0.0
1	2020	362	 9839	 -0.8	 12.2	0.629	 1.8	 0.0
1	2020	363	 8313	  0.7	 11.0	0.668	 3.9	 2.0
1	2020	364	 4011	 -6.9	  2.3	0.325	 5.5	 6.5
1	2020	365	10765	 -8.4	 -2.5	0.157	 2.7	 0.0
1	2020	366	10578	 -8.5	  1.3	0.181	 2.3	 0.0
