*------------------------------------------------------------*
*   Country: China
*   Station: 115.4_33.7
*      Year: 2020
*    Origin: AgERA5 dataset
*    Author: Huang Hai, CAU
* Longitude: 115.40 E
*  Latitude: 33.70 N
* Elevation: 40.00 m
*   Columns: 
*   ======== 
*  station number
*  year
*  day
*  irradiation (kJ路m-2路d-1)
*  minimum temperature (degrees Celsius)
*  maximum temperature (degrees Celsius)
*  vapour pressure (kPa)
*  mean wind speed (m路s-1)
*  precipitation (mm路d-1)
** WCCDESCRIPTION=115.4_33.7, China
** WCCFORMAT=2
** WCCYEARNR=2020
*------------------------------------------------------------*
115.40  33.70  40.00  -0.18  -0.55
1	2020	  1	 5447	 -4.2	  5.2	0.457	 1.5	 0.8
1	2020	  2	 1525	  2.2	  5.1	0.622	 1.3	 0.2
1	2020	  3	 5554	  2.1	  9.3	0.639	 1.2	 0.0
1	2020	  4	 9548	  0.0	 12.0	0.749	 1.7	 0.0
1	2020	  5	   56	  5.1	  7.1	0.866	 4.0	22.6
1	2020	  6	  135	  2.3	  5.3	0.737	 3.8	25.0
1	2020	  7	 2202	  0.1	  2.1	0.660	 4.5	15.4
1	2020	  8	 5919	 -3.2	  4.1	0.549	 1.3	 0.0
1	2020	  9	 4473	  0.7	  5.6	0.557	 1.6	 0.0
1	2020	 10	 3768	  0.7	  5.5	0.651	 1.6	 0.5
1	2020	 11	 6356	 -0.9	  6.4	0.637	 1.7	 0.0
1	2020	 12	 7573	 -4.5	  6.5	0.623	 1.3	 0.8
1	2020	 13	 5248	 -1.1	  6.6	0.668	 2.0	 0.7
1	2020	 14	11669	 -5.3	  4.7	0.416	 2.2	 0.0
1	2020	 15	 3752	 -3.4	  2.4	0.446	 2.8	 1.3
1	2020	 16	 4366	 -0.8	  3.3	0.581	 2.4	 0.9
1	2020	 17	 9023	 -3.2	  6.0	0.607	 1.6	 0.0
1	2020	 18	 9749	 -4.2	  7.9	0.621	 1.9	 0.0
1	2020	 19	12151	 -0.7	  8.8	0.478	 2.6	 0.0
1	2020	 20	 9907	 -3.1	  8.7	0.508	 1.8	 0.0
1	2020	 21	 4832	 -1.2	  8.1	0.610	 2.2	 0.1
1	2020	 22	 8025	 -2.7	  8.5	0.686	 1.5	 0.0
1	2020	 23	 4386	  1.2	  9.4	0.793	 2.3	 0.2
1	2020	 24	 3899	  3.2	  7.0	0.740	 3.2	 1.6
1	2020	 25	 6575	  2.2	  7.3	0.587	 2.5	 0.5
1	2020	 26	 3159	  0.6	  3.5	0.610	 3.0	 4.9
1	2020	 27	 9194	 -0.2	  6.1	0.592	 2.3	 0.2
1	2020	 28	11306	 -3.8	  8.7	0.565	 1.8	 0.0
1	2020	 29	12057	 -3.0	  9.2	0.592	 1.8	 0.1
1	2020	 30	13079	 -3.9	  9.3	0.536	 1.7	 0.0
1	2020	 31	13290	 -1.9	 12.4	0.596	 2.6	 0.0
1	2020	 32	 9456	 -0.1	 12.4	0.613	 2.0	 0.0
1	2020	 33	12064	  0.4	 12.3	0.621	 2.0	 0.0
1	2020	 34	13619	  0.2	  9.9	0.559	 2.8	 0.0
1	2020	 35	13443	  0.4	 13.4	0.679	 2.8	 0.0
1	2020	 36	 4385	  3.1	  6.4	0.623	 4.1	 0.2
1	2020	 37	 7004	  0.4	  5.6	0.592	 3.7	 1.2
1	2020	 38	 9365	 -0.7	  7.3	0.685	 1.2	 0.0
1	2020	 39	10285	  0.5	  9.2	0.712	 1.6	 0.0
1	2020	 40	14563	  0.6	 14.6	0.704	 3.4	 0.0
1	2020	 41	14501	  3.6	 15.8	0.771	 3.4	 0.0
1	2020	 42	12857	  6.2	 14.7	0.901	 2.3	 0.0
1	2020	 43	14563	  3.1	 16.8	0.997	 2.7	 0.0
1	2020	 44	12176	  6.1	 18.9	1.205	 3.0	 0.3
1	2020	 45	 3052	  3.5	 15.0	1.137	 4.3	 3.7
1	2020	 46	 3695	 -2.2	  3.2	0.492	 4.1	 6.9
1	2020	 47	16273	 -3.0	  6.4	0.340	 2.6	 0.0
1	2020	 48	16436	 -3.7	  8.9	0.374	 2.3	 0.0
1	2020	 49	16366	 -2.1	 12.9	0.445	 3.1	 0.0
1	2020	 50	11296	  1.7	 13.0	0.599	 2.7	 0.0
1	2020	 51	13668	  0.4	 15.3	0.708	 2.0	 0.0
1	2020	 52	15927	  5.3	 14.7	0.708	 2.7	 0.3
1	2020	 53	16822	  1.1	 13.6	0.472	 2.3	 0.0
1	2020	 54	16423	  4.8	 18.1	0.760	 3.6	 0.0
1	2020	 55	 7010	  9.8	 19.3	1.176	 2.6	 6.2
1	2020	 56	11030	  8.1	 14.8	1.040	 3.5	 0.1
1	2020	 57	 4696	  9.0	 11.8	0.964	 3.4	 0.4
1	2020	 58	 4811	  4.2	  8.9	0.618	 3.6	 9.2
1	2020	 59	 9177	  2.2	  8.5	0.767	 1.8	 4.5
1	2020	 60	12744	  2.7	 11.8	0.864	 1.4	 0.0
1	2020	 61	 6748	  3.4	 11.5	0.873	 2.5	 0.1
1	2020	 62	 9325	  2.0	  9.5	0.642	 2.3	 0.0
1	2020	 63	14896	 -0.7	 12.5	0.594	 2.2	 0.0
1	2020	 64	18690	 -0.2	 12.1	0.516	 2.6	 0.0
1	2020	 65	18115	  1.6	 13.7	0.597	 3.7	 0.0
1	2020	 66	13497	  3.2	 15.4	0.853	 3.0	 0.0
1	2020	 67	18810	  5.6	 17.7	1.022	 2.4	 0.0
1	2020	 68	15828	  7.7	 17.9	1.072	 3.7	 0.0
1	2020	 69	 4702	  7.5	 12.6	1.042	 3.7	 2.3
1	2020	 70	15410	  2.9	 13.9	0.802	 2.2	 0.0
1	2020	 71	19262	  3.7	 18.1	0.766	 3.3	 0.0
1	2020	 72	16152	  7.0	 18.5	0.953	 2.4	 0.0
1	2020	 73	10974	  4.5	 12.6	0.799	 3.9	 0.1
1	2020	 74	20934	  2.6	 16.5	0.584	 3.3	 0.0
1	2020	 75	20824	  3.6	 19.1	0.535	 2.1	 0.0
1	2020	 76	11331	  7.9	 16.5	0.873	 2.8	 0.0
1	2020	 77	20155	  9.0	 22.4	0.904	 2.7	 0.0
1	2020	 78	21207	  9.3	 24.4	0.932	 4.4	 0.0
1	2020	 79	22089	  8.3	 18.4	0.448	 2.6	 0.0
1	2020	 80	21244	  7.8	 25.0	0.943	 4.2	 0.0
1	2020	 81	18261	 12.1	 27.1	1.308	 2.8	 0.0
1	2020	 82	20331	 12.8	 20.9	0.781	 4.0	 0.1
1	2020	 83	21321	  9.5	 22.4	0.751	 3.1	 0.0
1	2020	 84	20639	 11.5	 23.2	0.921	 3.3	 0.0
1	2020	 85	 7862	 13.7	 20.0	1.624	 2.5	16.4
1	2020	 86	 4158	  8.3	 18.4	1.345	 5.1	 2.8
1	2020	 87	 8739	  7.3	 12.1	0.512	 4.1	 0.5
1	2020	 88	22591	  4.4	 13.8	0.575	 2.6	 0.0
1	2020	 89	 6937	  4.9	  9.0	0.804	 1.7	 2.4
1	2020	 90	15560	  1.9	 12.1	0.833	 1.6	 0.0
1	2020	 91	 7291	  6.6	 12.1	0.943	 1.5	 0.0
1	2020	 92	11130	  5.3	 15.6	1.080	 1.7	 1.3
1	2020	 93	10328	  8.3	 14.6	0.991	 2.4	 0.4
1	2020	 94	22441	  5.0	 17.5	0.889	 1.6	 0.0
1	2020	 95	23641	  5.5	 20.8	0.902	 2.4	 0.0
1	2020	 96	22211	  8.1	 18.2	0.793	 3.0	 0.0
1	2020	 97	20427	  9.0	 20.5	0.844	 2.3	 0.0
1	2020	 98	23523	  6.3	 22.4	0.853	 2.6	 0.0
1	2020	 99	23476	  7.6	 23.7	0.901	 2.1	 0.0
1	2020	100	23293	  8.9	 24.3	0.973	 3.6	 0.0
1	2020	101	11553	  6.7	 14.3	0.853	 5.3	 7.5
1	2020	102	15816	  5.2	 14.5	0.785	 3.9	 2.1
1	2020	103	25436	  6.4	 21.4	0.628	 4.3	 0.0
1	2020	104	25192	  4.3	 22.6	0.728	 2.7	 0.0
1	2020	105	19905	 11.7	 23.4	0.830	 3.3	 0.0
1	2020	106	24402	 11.1	 25.8	1.137	 3.5	 0.0
1	2020	107	18046	 15.2	 26.1	1.232	 2.9	 0.2
1	2020	108	24246	 10.8	 24.9	0.840	 3.2	 0.0
1	2020	109	 6078	 11.9	 17.3	1.014	 2.9	 7.4
1	2020	110	15156	 11.0	 19.6	1.180	 3.0	 2.1
1	2020	111	15144	 13.2	 19.4	0.909	 3.1	 0.0
1	2020	112	19954	  9.3	 20.4	0.969	 2.0	 0.0
1	2020	113	24533	 10.1	 18.6	0.698	 3.1	 0.0
1	2020	114	22718	  6.8	 20.5	0.655	 1.8	 0.0
1	2020	115	26936	  6.1	 23.2	0.605	 3.2	 0.0
1	2020	116	27078	 12.6	 27.5	0.650	 4.2	 0.0
1	2020	117	26248	 11.7	 25.9	0.856	 3.6	 0.0
1	2020	118	23785	 12.2	 21.3	0.804	 3.6	 1.2
1	2020	119	27169	  9.7	 25.1	0.718	 2.9	 0.0
1	2020	120	25433	 13.1	 31.2	1.286	 3.6	 0.0
1	2020	121	22522	 19.6	 33.8	1.780	 3.8	 0.0
1	2020	122	23875	 19.1	 30.6	2.038	 3.7	 0.6
1	2020	123	25691	 18.9	 34.1	2.248	 2.4	 0.0
1	2020	124	26170	 21.8	 38.2	1.752	 3.3	 0.0
1	2020	125	21269	 20.6	 32.5	2.039	 3.8	 2.5
1	2020	126	17653	 16.0	 23.0	1.359	 3.3	 0.5
1	2020	127	22216	 14.1	 25.8	1.445	 3.4	 0.0
1	2020	128	 6901	 17.2	 21.9	1.934	 3.2	12.5
1	2020	129	 7965	 16.3	 19.8	1.742	 4.7	 9.3
1	2020	130	17860	 11.5	 20.4	1.398	 2.7	 2.1
1	2020	131	26447	 12.4	 26.2	1.503	 1.9	 0.0
1	2020	132	26417	 14.9	 24.0	1.014	 4.1	 0.0
1	2020	133	27942	 15.0	 28.8	1.040	 2.9	 0.0
1	2020	134	22465	 14.7	 29.4	1.288	 3.0	 0.3
1	2020	135	16030	 18.3	 26.5	1.657	 2.3	 1.4
1	2020	136	26623	 15.0	 30.0	1.726	 2.3	 0.0
1	2020	137	26599	 17.2	 31.6	1.762	 3.6	 0.0
1	2020	138	26388	 19.9	 34.9	1.977	 4.5	 3.0
1	2020	139	28302	 14.8	 26.3	0.888	 3.7	 4.9
1	2020	140	28041	 14.2	 30.8	1.071	 2.4	 0.0
1	2020	141	12944	 17.7	 29.5	1.315	 1.9	 0.5
1	2020	142	27463	 17.3	 32.2	1.371	 2.2	 0.0
1	2020	143	26672	 20.7	 34.3	1.748	 1.9	 0.0
1	2020	144	25028	 22.6	 37.1	1.688	 4.2	 0.5
1	2020	145	20880	 19.7	 31.2	1.338	 2.5	 0.0
1	2020	146	15802	 21.1	 28.8	1.440	 3.3	 0.0
1	2020	147	26028	 17.9	 30.3	1.474	 2.6	 0.0
1	2020	148	27306	 17.4	 33.7	1.118	 2.4	 0.0
1	2020	149	28301	 18.5	 35.4	1.122	 2.5	 0.0
1	2020	150	 9713	 23.1	 29.8	1.629	 3.8	 0.0
1	2020	151	20191	 19.0	 28.1	1.682	 2.8	 0.0
1	2020	152	22573	 19.6	 33.7	1.976	 2.2	 0.0
1	2020	153	26177	 21.3	 34.5	1.925	 3.3	 0.0
1	2020	154	19619	 25.3	 34.3	1.565	 2.6	 0.0
1	2020	155	29366	 19.4	 36.7	0.943	 3.1	 0.0
1	2020	156	27177	 23.1	 37.2	1.740	 3.2	 0.0
1	2020	157	21568	 24.8	 36.5	2.054	 2.8	 0.0
1	2020	158	28715	 19.9	 35.7	1.650	 2.6	 0.0
1	2020	159	24577	 22.3	 35.8	1.541	 4.1	 0.0
1	2020	160	23683	 22.9	 34.8	1.851	 4.1	 0.0
1	2020	161	12483	 24.7	 29.9	2.333	 3.2	 2.5
1	2020	162	19374	 22.1	 31.6	2.530	 2.2	 3.9
1	2020	163	19964	 22.9	 32.9	2.544	 2.1	 2.5
1	2020	164	10388	 22.3	 26.6	2.498	 2.7	21.3
1	2020	165	13888	 21.3	 30.1	2.415	 1.7	 0.2
1	2020	166	22541	 22.9	 33.4	2.674	 1.9	 0.0
1	2020	167	15027	 23.6	 31.0	2.463	 1.8	 2.3
1	2020	168	 4694	 19.1	 24.5	2.129	 4.3	29.4
1	2020	169	 3625	 17.9	 19.8	1.991	 3.1	34.0
1	2020	170	14067	 17.8	 25.7	2.088	 2.6	10.2
1	2020	171	22439	 17.4	 27.6	2.081	 2.1	 0.1
1	2020	172	15944	 20.4	 27.3	2.298	 2.2	 0.2
1	2020	173	19675	 19.0	 27.8	2.193	 2.8	 0.1
1	2020	174	 4987	 21.6	 23.2	2.396	 2.9	10.1
1	2020	175	10382	 21.3	 26.6	2.490	 2.3	 1.0
1	2020	176	27598	 20.1	 31.0	2.362	 1.6	 0.0
1	2020	177	26749	 21.8	 32.6	2.524	 2.3	 0.0
1	2020	178	19904	 23.1	 31.8	2.827	 2.1	 0.0
1	2020	179	15107	 24.1	 30.9	3.042	 2.5	 3.8
1	2020	180	 4138	 20.9	 26.2	2.459	 5.1	90.3
1	2020	181	25211	 21.4	 29.9	2.383	 2.7	 0.0
1	2020	182	18331	 22.5	 28.7	2.674	 2.4	 3.2
1	2020	183	17218	 21.4	 28.6	2.486	 1.7	 0.0
1	2020	184	16941	 23.1	 28.7	2.596	 1.9	 0.1
1	2020	185	19531	 20.8	 28.1	2.603	 1.8	 1.5
1	2020	186	19521	 21.4	 29.3	2.628	 2.7	 0.3
1	2020	187	23981	 22.6	 31.1	2.856	 2.1	 0.3
1	2020	188	27445	 24.0	 34.1	2.966	 2.3	 0.0
1	2020	189	24454	 25.4	 34.4	3.136	 1.6	 1.2
1	2020	190	25032	 24.6	 32.2	2.660	 3.0	 0.1
1	2020	191	25331	 22.2	 30.4	2.482	 2.5	 0.0
1	2020	192	24238	 21.9	 30.6	2.566	 2.7	 0.1
1	2020	193	 6539	 21.3	 26.8	2.529	 4.8	25.2
1	2020	194	 6273	 20.8	 23.6	2.304	 3.9	21.2
1	2020	195	19393	 19.7	 27.7	2.389	 2.2	 0.1
1	2020	196	 8940	 21.1	 26.0	2.646	 0.8	 7.0
1	2020	197	20971	 20.7	 28.2	2.632	 1.6	 1.2
1	2020	198	24229	 19.8	 28.9	2.477	 2.4	 0.0
1	2020	199	 6088	 20.8	 23.8	2.533	 2.6	31.7
1	2020	200	 9324	 21.6	 27.0	2.596	 2.6	 9.0
1	2020	201	14399	 21.7	 27.1	2.484	 2.6	 5.0
1	2020	202	25302	 19.3	 30.3	2.540	 1.8	 0.0
1	2020	203	14438	 21.4	 28.4	2.630	 3.3	10.5
1	2020	204	 4840	 20.6	 25.2	2.583	 3.9	78.8
1	2020	205	23168	 20.5	 28.5	2.548	 2.5	 0.0
1	2020	206	12047	 19.1	 25.8	2.409	 1.8	 0.6
1	2020	207	25530	 17.0	 29.3	2.522	 1.2	 0.0
1	2020	208	 5045	 21.5	 25.0	2.520	 2.3	23.8
1	2020	209	11775	 20.8	 27.3	2.602	 1.9	 0.3
1	2020	210	18726	 21.3	 28.8	2.806	 1.9	 0.1
1	2020	211	16359	 23.5	 29.3	2.970	 2.1	 0.1
1	2020	212	15919	 23.8	 30.4	3.243	 2.6	 5.7
1	2020	213	18114	 24.1	 30.7	3.216	 2.4	13.2
1	2020	214	21712	 25.0	 32.7	3.494	 2.4	 0.8
1	2020	215	12018	 26.4	 32.3	3.557	 2.5	20.3
1	2020	216	20548	 26.9	 33.6	3.486	 3.1	 0.7
1	2020	217	20569	 27.0	 33.7	3.546	 2.3	 5.4
1	2020	218	21130	 25.9	 33.3	3.598	 2.0	 2.1
1	2020	219	17301	 27.1	 33.0	3.548	 3.0	 3.8
1	2020	220	 5830	 24.7	 29.5	3.282	 2.1	 9.6
1	2020	221	 7916	 24.0	 28.3	3.085	 1.4	 6.3
1	2020	222	20824	 23.4	 31.4	3.187	 1.2	 0.2
1	2020	223	21311	 24.7	 32.3	3.341	 2.0	 0.1
1	2020	224	22266	 24.4	 32.1	3.278	 2.7	 0.2
1	2020	225	16475	 25.9	 31.9	3.510	 3.4	13.3
1	2020	226	18934	 27.0	 32.1	3.353	 4.2	 3.7
1	2020	227	20768	 26.7	 32.4	3.320	 4.0	 1.8
1	2020	228	21462	 26.9	 33.0	3.240	 3.6	 0.1
1	2020	229	22822	 26.6	 33.7	3.300	 2.7	 0.0
1	2020	230	23532	 25.7	 34.1	3.269	 2.1	 0.0
1	2020	231	22140	 25.6	 33.1	3.175	 1.8	 0.0
1	2020	232	18584	 25.0	 32.2	3.015	 2.3	 8.8
1	2020	233	 6488	 20.9	 24.9	2.535	 3.6	11.6
1	2020	234	 5464	 21.5	 24.4	2.599	 3.1	27.5
1	2020	235	 9430	 21.9	 26.9	2.755	 2.1	 0.4
1	2020	236	19746	 22.3	 31.1	3.142	 2.3	 0.5
1	2020	237	16295	 24.2	 30.4	3.059	 3.2	 0.9
1	2020	238	19822	 21.3	 28.7	2.505	 2.6	 0.0
1	2020	239	21426	 22.6	 29.3	2.536	 2.9	 0.7
1	2020	240	23575	 19.0	 28.9	2.291	 1.8	 0.0
1	2020	241	23525	 19.8	 30.3	2.480	 1.9	 0.0
1	2020	242	22759	 20.2	 30.7	2.641	 1.7	 0.0
1	2020	243	19042	 21.9	 29.9	2.814	 1.7	 0.0
1	2020	244	19033	 23.2	 30.6	2.833	 2.0	 0.3
1	2020	245	20423	 22.4	 30.0	2.578	 2.6	 0.3
1	2020	246	21735	 20.8	 29.6	2.128	 2.6	 1.0
1	2020	247	22286	 18.3	 29.6	1.913	 2.1	 0.0
1	2020	248	23247	 18.9	 30.9	1.801	 2.7	 0.0
1	2020	249	21834	 18.8	 31.5	2.050	 1.9	 0.0
1	2020	250	20653	 20.2	 31.5	2.125	 1.5	 0.0
1	2020	251	22663	 19.1	 31.8	2.115	 2.1	 0.0
1	2020	252	20587	 20.5	 32.1	2.150	 1.4	 0.0
1	2020	253	18670	 20.9	 31.3	2.378	 1.5	 0.1
1	2020	254	 8352	 20.2	 25.1	2.292	 1.1	16.6
1	2020	255	21643	 17.9	 27.6	2.023	 2.9	 0.0
1	2020	256	18304	 17.9	 27.0	1.875	 2.7	 0.0
1	2020	257	17332	 18.5	 26.8	2.079	 1.7	 0.2
1	2020	258	17748	 19.3	 27.5	2.278	 2.0	 0.8
1	2020	259	17232	 20.6	 28.0	2.289	 2.4	 0.5
1	2020	260	16248	 19.1	 29.6	1.918	 2.0	 0.0
1	2020	261	14277	 18.0	 27.0	1.681	 1.7	 0.0
1	2020	262	21574	 14.5	 28.3	1.566	 2.2	 0.0
1	2020	263	20920	 18.0	 28.8	1.462	 2.4	 0.0
1	2020	264	17237	 16.2	 27.1	1.758	 2.1	 0.0
1	2020	265	 4766	 18.5	 23.1	1.845	 2.2	 8.8
1	2020	266	 8990	 17.4	 24.1	1.917	 1.6	 4.5
1	2020	267	12614	 18.5	 24.8	1.861	 1.3	 0.4
1	2020	268	17512	 15.2	 26.2	1.846	 1.2	 0.0
1	2020	269	14181	 16.0	 25.8	1.905	 1.8	 0.0
1	2020	270	14534	 17.1	 25.4	1.915	 2.2	 0.9
1	2020	271	18231	 17.6	 26.0	1.707	 2.6	 0.0
1	2020	272	13877	 16.0	 25.4	1.631	 2.1	 0.0
1	2020	273	10914	 17.9	 26.0	1.719	 1.8	 0.0
1	2020	274	14825	 17.4	 24.9	1.765	 2.5	 0.2
1	2020	275	12898	 17.4	 26.5	1.893	 2.3	 0.1
1	2020	276	 2498	 13.5	 20.6	1.725	 3.7	15.6
1	2020	277	 5508	 13.8	 19.4	1.342	 2.5	 1.7
1	2020	278	 9291	 10.2	 16.9	0.798	 3.8	 0.0
1	2020	279	 6512	  8.8	 16.5	0.779	 2.0	 0.4
1	2020	280	 8315	  7.3	 16.5	0.901	 1.4	 0.0
1	2020	281	 9508	 10.7	 19.3	1.005	 1.7	 0.0
1	2020	282	15682	  9.8	 21.7	1.224	 2.1	 0.2
1	2020	283	11154	 13.4	 21.6	1.439	 1.6	 0.0
1	2020	284	10050	 13.6	 23.3	1.536	 1.8	 0.0
1	2020	285	 8237	 16.4	 22.5	1.576	 1.7	 0.6
1	2020	286	 4649	 16.6	 19.7	1.576	 2.9	 0.6
1	2020	287	 3235	 14.7	 17.3	1.478	 2.8	 3.4
1	2020	288	 1560	 13.3	 16.2	1.451	 4.0	 6.4
1	2020	289	 4746	 11.9	 17.3	1.499	 1.8	 3.6
1	2020	290	10367	 11.8	 19.7	1.351	 1.8	 1.4
1	2020	291	14416	  6.4	 18.9	0.954	 1.5	 0.0
1	2020	292	13723	  7.5	 19.3	1.000	 1.7	 0.0
1	2020	293	15610	  7.8	 20.0	1.081	 1.6	 0.0
1	2020	294	 9964	  7.4	 19.3	1.124	 1.7	 0.0
1	2020	295	15736	 11.1	 22.8	0.995	 2.9	 0.0
1	2020	296	15919	  6.5	 20.7	0.747	 2.0	 0.0
1	2020	297	15899	  7.2	 17.9	0.586	 2.6	 0.0
1	2020	298	15680	  5.0	 18.4	0.624	 2.1	 0.0
1	2020	299	13565	  8.7	 20.3	0.902	 2.3	 0.0
1	2020	300	13548	  9.4	 22.1	1.136	 1.4	 0.0
1	2020	301	 9925	 11.6	 20.9	1.082	 3.1	 0.0
1	2020	302	10041	 12.8	 19.3	0.961	 2.7	 0.0
1	2020	303	12432	  9.5	 20.4	1.185	 1.0	 0.0
1	2020	304	11685	 10.5	 20.3	1.231	 1.9	 0.0
1	2020	305	 5613	 14.6	 19.1	1.375	 2.0	 0.0
1	2020	306	13198	 12.1	 22.4	1.025	 2.4	 0.0
1	2020	307	13007	  7.0	 20.2	0.599	 2.8	 0.0
1	2020	308	12894	  5.6	 16.5	0.504	 1.9	 0.0
1	2020	309	13105	  7.6	 18.1	0.577	 3.0	 0.0
1	2020	310	 5966	 10.3	 17.9	0.935	 1.8	 0.0
1	2020	311	12744	 10.1	 22.1	1.045	 2.4	 0.0
1	2020	312	13446	  9.0	 22.0	0.647	 2.4	 0.0
1	2020	313	13219	  5.7	 19.6	0.613	 2.2	 0.0
1	2020	314	12352	  4.4	 18.8	0.635	 1.8	 0.0
1	2020	315	12635	  5.8	 20.0	0.749	 2.4	 0.0
1	2020	316	11941	  8.4	 20.2	0.804	 3.3	 0.0
1	2020	317	12135	  8.7	 20.7	0.981	 2.1	 0.0
1	2020	318	11912	  8.2	 19.8	1.028	 2.3	 0.0
1	2020	319	11802	  8.7	 19.1	1.051	 2.7	 0.0
1	2020	320	11591	  8.7	 19.5	1.210	 2.2	 0.0
1	2020	321	 8358	 10.0	 19.9	1.331	 3.3	 0.0
1	2020	322	 2286	 14.6	 18.4	1.728	 3.7	31.1
1	2020	323	 1317	 12.0	 18.3	1.469	 2.9	13.1
1	2020	324	 9422	  8.5	 15.9	0.920	 3.1	 0.0
1	2020	325	11058	  5.9	 11.8	0.729	 4.2	 0.0
1	2020	326	  662	  5.5	  7.9	0.838	 4.0	15.5
1	2020	327	 4668	  3.4	  7.5	0.702	 3.8	 0.3
1	2020	328	 3067	  0.3	  5.2	0.554	 1.8	 0.4
1	2020	329	 7139	 -1.6	  6.2	0.583	 1.0	 0.0
1	2020	330	 3036	 -0.2	  6.4	0.691	 1.7	 1.4
1	2020	331	 2875	  4.4	  7.8	0.725	 2.4	 0.1
1	2020	332	 7106	  1.4	  9.2	0.685	 2.7	 0.0
1	2020	333	 4566	  0.9	  6.3	0.590	 2.0	 0.0
1	2020	334	 9365	 -1.0	  9.7	0.678	 1.3	 0.0
1	2020	335	 7637	  1.8	  8.5	0.641	 2.1	 0.0
1	2020	336	 3273	  1.2	  5.9	0.572	 2.9	 0.3
1	2020	337	 5906	 -0.4	  5.7	0.630	 2.3	 0.1
1	2020	338	 9343	 -0.1	  6.0	0.489	 2.7	 0.0
1	2020	339	 9926	 -2.4	  6.3	0.479	 1.2	 0.0
1	2020	340	10130	 -1.6	  7.7	0.458	 1.9	 0.0
1	2020	341	 8856	 -2.7	  9.8	0.609	 1.4	 0.4
1	2020	342	 9802	  0.9	  9.7	0.657	 2.7	 0.7
1	2020	343	 9559	 -1.2	  8.5	0.528	 2.2	 0.0
1	2020	344	 3105	  2.5	  8.6	0.718	 1.5	 0.1
1	2020	345	 8084	 -0.5	 10.0	0.697	 1.5	 0.0
1	2020	346	 8224	 -0.4	 10.1	0.610	 1.8	 0.0
1	2020	347	 9135	 -2.2	 11.3	0.604	 2.0	 0.0
1	2020	348	 7435	 -0.4	  4.9	0.312	 5.4	 0.0
1	2020	349	 9620	 -4.9	  1.7	0.202	 1.9	 0.0
1	2020	350	10242	 -5.9	  3.5	0.261	 2.0	 0.0
1	2020	351	 9902	 -4.9	  5.1	0.313	 1.7	 0.0
1	2020	352	 8865	 -4.3	  5.8	0.356	 1.6	 0.0
1	2020	353	 9098	 -3.6	  6.6	0.366	 2.6	 0.0
1	2020	354	 9510	 -5.0	  5.3	0.369	 1.5	 0.0
1	2020	355	10160	 -3.1	  7.3	0.394	 2.2	 0.0
1	2020	356	10188	 -4.5	  8.7	0.393	 2.1	 0.0
1	2020	357	 9452	 -2.3	 10.5	0.441	 2.5	 0.0
1	2020	358	 7786	 -0.9	 11.1	0.550	 2.2	 0.0
1	2020	359	10045	 -2.9	  9.6	0.460	 1.6	 0.0
1	2020	360	 9469	 -2.4	 10.4	0.529	 2.0	 0.0
1	2020	361	 7190	 -0.1	 10.2	0.638	 1.8	 0.0
1	2020	362	10007	  0.4	 12.8	0.690	 1.9	 0.0
1	2020	363	 9002	  1.1	 13.7	0.778	 3.4	 1.6
1	2020	364	 3989	 -6.3	  4.1	0.391	 5.4	 7.4
1	2020	365	10940	 -8.4	 -1.5	0.186	 2.4	 0.0
1	2020	366	10359	 -8.1	  1.2	0.192	 2.4	 0.0
