*------------------------------------------------------------*
*   Country: China
*   Station: 115.1_34.5
*      Year: 2020
*    Origin: AgERA5 dataset
*    Author: Huang Hai, CAU
* Longitude: 115.10 E
*  Latitude: 34.50 N
* Elevation: 58.00 m
*   Columns: 
*   ======== 
*  station number
*  year
*  day
*  irradiation (kJ路m-2路d-1)
*  minimum temperature (degrees Celsius)
*  maximum temperature (degrees Celsius)
*  vapour pressure (kPa)
*  mean wind speed (m路s-1)
*  precipitation (mm路d-1)
** WCCDESCRIPTION=115.1_34.5, China
** WCCFORMAT=2
** WCCYEARNR=2020
*------------------------------------------------------------*
115.10  34.50  58.00  -0.18  -0.55
1	2020	  1	 8770	 -4.0	  5.9	0.354	 1.7	 0.0
1	2020	  2	 3938	  1.9	  6.1	0.496	 0.9	 0.0
1	2020	  3	 6625	  0.9	  8.8	0.547	 1.2	 0.0
1	2020	  4	 9304	 -0.8	 11.4	0.647	 1.9	 0.0
1	2020	  5	  157	  2.2	  5.6	0.767	 4.2	21.6
1	2020	  6	 1149	  0.9	  2.5	0.677	 4.1	13.0
1	2020	  7	 2356	 -2.8	  0.8	0.624	 4.8	14.2
1	2020	  8	 7551	 -5.8	  4.7	0.495	 1.4	 0.0
1	2020	  9	 7893	 -2.2	  5.5	0.511	 1.6	 0.1
1	2020	 10	 5823	 -1.4	  6.0	0.586	 1.6	 0.0
1	2020	 11	 6900	 -3.5	  3.6	0.579	 2.2	 0.1
1	2020	 12	 7457	 -5.1	  4.8	0.547	 1.3	 0.1
1	2020	 13	 5323	 -2.6	  4.8	0.565	 2.2	 0.1
1	2020	 14	11481	 -5.7	  4.0	0.396	 2.3	 0.0
1	2020	 15	 5274	 -5.0	  2.5	0.415	 2.0	 0.7
1	2020	 16	 7947	 -1.8	  4.2	0.526	 1.7	 0.2
1	2020	 17	 9821	 -3.8	  6.5	0.578	 2.2	 0.0
1	2020	 18	 9927	 -4.3	  8.2	0.608	 2.3	 0.0
1	2020	 19	12079	 -2.2	  8.3	0.428	 2.3	 0.0
1	2020	 20	10250	 -3.1	  8.6	0.489	 2.3	 0.0
1	2020	 21	 6243	 -2.8	  8.0	0.576	 2.1	 0.0
1	2020	 22	 8512	 -2.9	  8.5	0.663	 1.1	 0.0
1	2020	 23	 8177	 -1.0	  9.6	0.700	 1.5	 0.0
1	2020	 24	 5572	  2.4	  7.2	0.685	 3.3	 0.5
1	2020	 25	 7547	  0.8	  7.4	0.573	 1.7	 0.4
1	2020	 26	 3660	  0.5	  3.3	0.611	 2.8	 3.3
1	2020	 27	11526	 -2.1	  6.9	0.524	 2.4	 0.2
1	2020	 28	11744	 -4.2	  8.6	0.528	 1.8	 0.0
1	2020	 29	11702	 -3.0	  9.0	0.544	 2.2	 0.1
1	2020	 30	12824	 -3.9	  9.4	0.536	 1.6	 0.0
1	2020	 31	13106	 -1.3	 12.5	0.608	 2.8	 0.0
1	2020	 32	 9798	 -0.8	 11.4	0.646	 1.5	 0.0
1	2020	 33	12365	 -0.2	 11.3	0.591	 2.1	 0.0
1	2020	 34	13302	  0.1	  9.4	0.501	 2.9	 0.0
1	2020	 35	13235	  0.5	 11.4	0.617	 3.4	 0.0
1	2020	 36	 3232	  0.1	  3.0	0.504	 4.0	 0.8
1	2020	 37	 4469	 -0.7	  3.0	0.563	 2.9	 3.3
1	2020	 38	11540	 -1.2	  8.0	0.653	 1.5	 0.0
1	2020	 39	11428	 -1.8	 10.8	0.678	 2.1	 0.0
1	2020	 40	14500	  0.5	 15.2	0.645	 3.5	 0.0
1	2020	 41	14440	  2.8	 16.3	0.744	 3.3	 0.0
1	2020	 42	14148	  5.8	 15.2	0.829	 2.6	 0.0
1	2020	 43	14499	  3.0	 17.0	0.966	 3.0	 0.0
1	2020	 44	11575	  6.4	 18.3	1.172	 3.5	 0.1
1	2020	 45	 3902	  1.5	 13.5	0.998	 4.7	 0.6
1	2020	 46	 4250	 -2.2	  3.3	0.436	 3.7	 3.2
1	2020	 47	16055	 -3.8	  6.3	0.280	 2.7	 0.0
1	2020	 48	16268	 -3.8	  8.9	0.304	 2.2	 0.0
1	2020	 49	16012	 -0.9	 13.7	0.392	 3.9	 0.0
1	2020	 50	11568	  2.9	 13.3	0.555	 2.9	 0.0
1	2020	 51	12989	  0.3	 15.0	0.682	 1.8	 0.0
1	2020	 52	15926	  5.5	 15.2	0.603	 3.1	 0.2
1	2020	 53	16673	  0.8	 13.3	0.384	 2.2	 0.0
1	2020	 54	16262	  4.7	 18.2	0.703	 4.0	 0.0
1	2020	 55	 7497	  9.9	 18.7	1.051	 3.1	 3.3
1	2020	 56	14906	  6.3	 14.5	0.928	 3.6	 0.0
1	2020	 57	 3799	  7.2	 10.7	0.889	 3.4	 0.3
1	2020	 58	 6189	  2.1	  8.8	0.576	 2.9	 7.3
1	2020	 59	12338	  0.6	  9.0	0.709	 1.6	 5.4
1	2020	 60	15970	  1.2	 13.5	0.823	 2.1	 0.0
1	2020	 61	 8632	  3.0	 11.9	0.820	 2.6	 0.2
1	2020	 62	11429	  2.4	 11.0	0.631	 2.6	 0.0
1	2020	 63	14253	  0.0	 12.0	0.476	 2.9	 0.0
1	2020	 64	18555	 -0.8	 11.7	0.405	 2.4	 0.0
1	2020	 65	18012	  0.8	 13.9	0.547	 3.9	 0.0
1	2020	 66	13179	  3.8	 16.4	0.805	 3.6	 0.0
1	2020	 67	19019	  6.0	 17.5	0.844	 2.8	 0.0
1	2020	 68	15993	  8.2	 17.7	0.995	 3.4	 0.3
1	2020	 69	 4322	  6.9	 12.4	0.957	 3.5	 1.4
1	2020	 70	17611	  2.9	 14.2	0.669	 2.1	 0.0
1	2020	 71	19630	  2.2	 18.9	0.676	 3.8	 0.0
1	2020	 72	17971	  7.9	 19.9	0.857	 3.5	 0.0
1	2020	 73	14188	  5.5	 12.5	0.656	 3.9	 0.0
1	2020	 74	20874	  3.4	 16.9	0.489	 3.6	 0.0
1	2020	 75	20448	  5.3	 20.1	0.404	 2.2	 0.0
1	2020	 76	13592	  8.1	 18.5	0.745	 3.4	 0.0
1	2020	 77	20844	  8.7	 23.4	0.693	 2.8	 0.0
1	2020	 78	21222	 10.2	 26.4	0.593	 4.6	 0.0
1	2020	 79	21783	  6.4	 19.3	0.345	 2.8	 0.0
1	2020	 80	21139	  8.8	 26.2	0.717	 4.6	 0.0
1	2020	 81	18734	 13.7	 28.2	1.056	 3.9	 0.0
1	2020	 82	20883	 10.5	 21.4	0.646	 3.6	 0.0
1	2020	 83	21414	  8.5	 23.5	0.729	 3.1	 0.0
1	2020	 84	19628	 11.4	 23.8	0.816	 3.6	 0.0
1	2020	 85	 8110	 12.7	 19.1	1.431	 2.9	 8.2
1	2020	 86	 6681	  7.1	 19.2	1.144	 5.6	 1.4
1	2020	 87	12338	  7.1	 12.6	0.407	 4.0	 0.0
1	2020	 88	22428	  4.1	 14.9	0.409	 2.5	 0.0
1	2020	 89	 8175	  6.4	 10.5	0.740	 2.3	 0.9
1	2020	 90	19533	  2.9	 14.8	0.803	 2.4	 0.0
1	2020	 91	 9325	  6.6	 13.9	0.887	 2.5	 0.0
1	2020	 92	 8381	  5.3	 15.3	0.998	 2.2	 3.0
1	2020	 93	 5006	  6.7	 11.3	0.914	 2.1	 1.2
1	2020	 94	22563	  3.5	 18.8	0.759	 1.4	 0.0
1	2020	 95	23408	  4.5	 22.1	0.805	 2.0	 0.0
1	2020	 96	21766	  7.7	 19.3	0.751	 3.1	 0.0
1	2020	 97	21698	  9.9	 22.0	0.715	 2.8	 0.0
1	2020	 98	23713	  8.2	 24.0	0.809	 3.2	 0.0
1	2020	 99	21234	  8.5	 23.3	0.858	 2.1	 0.0
1	2020	100	21033	  8.9	 20.2	0.959	 5.1	 1.0
1	2020	101	 4942	  5.5	  9.0	0.845	 5.3	11.0
1	2020	102	20347	  4.0	 15.3	0.752	 3.2	 0.4
1	2020	103	25222	  6.7	 21.8	0.564	 4.2	 0.0
1	2020	104	24788	  5.9	 23.7	0.698	 3.1	 0.0
1	2020	105	19093	 12.1	 23.7	0.762	 3.7	 0.0
1	2020	106	24094	 11.2	 26.6	1.087	 3.7	 0.0
1	2020	107	18473	 15.2	 24.6	1.104	 3.1	 0.2
1	2020	108	25654	 10.7	 24.4	0.759	 3.3	 0.0
1	2020	109	 9252	 10.5	 18.6	0.963	 2.7	 5.2
1	2020	110	17461	 10.9	 21.2	1.120	 2.8	 0.9
1	2020	111	20796	 13.3	 20.7	0.674	 3.5	 0.0
1	2020	112	19994	  9.1	 20.9	0.782	 1.7	 0.0
1	2020	113	26127	  9.2	 17.9	0.416	 3.3	 0.0
1	2020	114	25145	  6.2	 20.2	0.496	 1.9	 0.0
1	2020	115	26912	  6.9	 24.1	0.407	 3.9	 0.0
1	2020	116	26810	 13.5	 25.7	0.474	 4.6	 0.0
1	2020	117	26075	 11.4	 25.1	0.755	 3.5	 0.0
1	2020	118	23387	 11.3	 22.4	0.713	 3.2	 2.1
1	2020	119	26581	 11.3	 26.3	0.687	 4.1	 0.0
1	2020	120	25359	 13.8	 31.9	1.159	 3.9	 0.0
1	2020	121	24199	 18.3	 34.9	1.638	 3.6	 0.0
1	2020	122	24701	 19.4	 32.1	1.893	 4.3	 0.1
1	2020	123	25411	 18.2	 34.2	2.204	 2.8	 0.0
1	2020	124	26376	 19.5	 38.4	1.529	 2.5	 0.0
1	2020	125	14222	 17.3	 27.3	1.532	 5.5	 0.1
1	2020	126	22390	 13.4	 24.1	1.298	 3.0	 0.4
1	2020	127	23684	 13.5	 26.2	1.375	 3.4	 0.2
1	2020	128	 7119	 17.0	 21.5	1.790	 3.1	12.2
1	2020	129	 5325	 14.5	 18.5	1.610	 5.4	 8.1
1	2020	130	15682	 10.8	 20.1	1.372	 2.6	 4.7
1	2020	131	26823	 11.9	 27.3	1.455	 2.4	 0.0
1	2020	132	26463	 15.4	 24.8	0.874	 4.8	 0.0
1	2020	133	27536	 15.5	 27.9	0.957	 3.2	 0.0
1	2020	134	24034	 15.7	 30.4	1.154	 3.5	 0.0
1	2020	135	17899	 18.1	 26.7	1.484	 2.4	 0.2
1	2020	136	26599	 14.5	 30.8	1.598	 2.6	 0.0
1	2020	137	24142	 18.8	 32.6	1.693	 4.3	 0.1
1	2020	138	26680	 17.5	 34.1	1.684	 3.9	 0.6
1	2020	139	27997	 13.3	 26.5	0.798	 3.6	 0.0
1	2020	140	27853	 14.7	 31.2	0.799	 2.3	 0.0
1	2020	141	17257	 19.2	 31.3	1.104	 2.7	 0.0
1	2020	142	27049	 19.5	 33.8	1.214	 3.1	 0.0
1	2020	143	27780	 21.2	 34.7	1.204	 2.7	 0.0
1	2020	144	25380	 22.5	 35.8	1.485	 4.5	 0.6
1	2020	145	16718	 18.6	 29.8	1.258	 1.9	 0.1
1	2020	146	22179	 22.8	 30.9	1.212	 4.1	 0.0
1	2020	147	26612	 18.4	 30.1	1.288	 3.0	 0.0
1	2020	148	26803	 17.5	 33.7	0.948	 2.6	 0.0
1	2020	149	28150	 17.7	 35.4	1.019	 2.4	 0.0
1	2020	150	13991	 24.0	 31.1	1.376	 4.2	 0.0
1	2020	151	21468	 19.7	 28.6	1.583	 3.4	 0.0
1	2020	152	25138	 18.7	 34.3	1.742	 2.1	 0.1
1	2020	153	26095	 21.0	 35.7	1.739	 3.9	 0.0
1	2020	154	22302	 23.7	 34.7	1.200	 2.6	 0.0
1	2020	155	29186	 20.4	 37.9	0.795	 3.0	 0.0
1	2020	156	25354	 23.6	 38.7	1.379	 3.5	 0.0
1	2020	157	21530	 25.3	 35.8	1.730	 2.7	 0.0
1	2020	158	28188	 22.0	 36.6	1.540	 2.3	 0.0
1	2020	159	27015	 23.2	 37.1	1.401	 3.8	 0.0
1	2020	160	26262	 23.3	 35.7	1.578	 3.9	 0.0
1	2020	161	11958	 23.2	 29.4	2.209	 2.5	 6.4
1	2020	162	21274	 21.1	 32.2	2.297	 2.0	 1.8
1	2020	163	16451	 22.8	 32.1	2.470	 2.2	 2.7
1	2020	164	12319	 21.0	 25.4	2.147	 3.4	20.4
1	2020	165	22330	 20.5	 31.2	2.312	 1.5	 0.0
1	2020	166	24703	 23.7	 33.3	2.456	 2.5	 0.1
1	2020	167	12113	 24.0	 33.1	2.611	 1.7	 1.8
1	2020	168	 5200	 19.1	 24.5	2.191	 2.7	27.7
1	2020	169	 2249	 18.0	 19.2	1.925	 3.4	40.2
1	2020	170	14959	 17.8	 25.4	2.053	 2.6	 3.1
1	2020	171	22840	 16.7	 28.3	2.024	 2.1	 0.0
1	2020	172	17669	 20.2	 28.1	2.164	 2.5	 0.0
1	2020	173	20911	 20.1	 29.1	2.238	 2.5	 0.1
1	2020	174	 8618	 21.5	 25.7	2.318	 2.5	 5.9
1	2020	175	 9259	 21.3	 26.3	2.415	 2.1	 2.3
1	2020	176	27213	 19.8	 31.5	2.274	 1.6	 0.0
1	2020	177	25920	 21.4	 33.0	2.451	 2.6	 0.1
1	2020	178	19738	 24.4	 32.3	2.664	 2.3	 0.1
1	2020	179	21016	 24.4	 33.6	2.715	 2.3	 0.3
1	2020	180	15551	 23.5	 27.2	2.420	 4.1	 4.8
1	2020	181	26563	 21.7	 30.6	2.231	 2.2	 0.0
1	2020	182	19633	 22.3	 29.7	2.446	 2.8	 3.1
1	2020	183	22327	 21.0	 30.2	2.266	 1.9	 0.0
1	2020	184	20695	 22.9	 30.9	2.480	 2.0	 1.0
1	2020	185	17476	 20.6	 28.5	2.552	 1.9	 0.8
1	2020	186	19093	 21.6	 30.0	2.534	 2.9	 0.2
1	2020	187	21668	 23.9	 32.4	2.685	 2.8	 0.2
1	2020	188	27169	 23.9	 35.9	2.497	 2.0	 0.0
1	2020	189	24059	 25.5	 35.7	2.727	 1.8	 0.5
1	2020	190	24641	 25.1	 34.1	2.249	 2.9	 0.0
1	2020	191	22488	 24.0	 32.7	2.240	 2.7	 0.2
1	2020	192	22265	 22.4	 32.6	2.316	 2.3	 0.1
1	2020	193	 6441	 21.4	 29.4	2.425	 4.5	21.4
1	2020	194	 4881	 19.9	 23.4	2.173	 4.7	25.3
1	2020	195	19463	 19.9	 28.1	2.259	 2.5	 0.0
1	2020	196	 8491	 21.0	 26.8	2.547	 1.2	 2.6
1	2020	197	22385	 20.0	 29.4	2.481	 1.7	 0.1
1	2020	198	24392	 20.9	 30.2	2.461	 2.3	 0.0
1	2020	199	 6534	 21.8	 24.3	2.465	 2.1	20.5
1	2020	200	14653	 21.3	 28.1	2.430	 2.5	 1.0
1	2020	201	15963	 22.3	 28.4	2.430	 2.7	 2.7
1	2020	202	25685	 20.0	 31.4	2.449	 2.3	 0.0
1	2020	203	18475	 22.0	 29.9	2.571	 3.4	 2.3
1	2020	204	 3812	 20.4	 22.5	2.350	 3.8	118.7
1	2020	205	24424	 21.1	 28.8	2.417	 3.0	 0.0
1	2020	206	17513	 20.8	 28.8	2.428	 2.1	 0.2
1	2020	207	21210	 18.8	 30.1	2.511	 1.5	 0.9
1	2020	208	 6274	 20.5	 24.9	2.438	 2.2	 9.6
1	2020	209	14757	 19.6	 27.6	2.491	 1.8	 0.1
1	2020	210	19013	 20.9	 29.6	2.737	 1.9	 0.1
1	2020	211	16368	 23.3	 30.2	2.856	 2.0	 0.1
1	2020	212	18436	 22.9	 31.1	3.121	 2.4	 3.6
1	2020	213	18930	 24.3	 31.3	3.110	 2.6	 4.0
1	2020	214	18898	 25.2	 32.7	3.391	 2.8	17.5
1	2020	215	 9788	 24.6	 31.1	3.413	 3.0	37.7
1	2020	216	17986	 26.4	 33.7	3.447	 3.0	14.6
1	2020	217	19128	 25.3	 33.4	3.453	 2.3	13.5
1	2020	218	16813	 25.9	 32.4	3.410	 1.9	 4.1
1	2020	219	 9259	 25.6	 31.4	3.321	 1.7	22.5
1	2020	220	 3841	 24.1	 26.5	3.011	 2.4	26.1
1	2020	221	12636	 23.5	 29.7	2.910	 2.0	 1.4
1	2020	222	20095	 22.8	 31.9	3.108	 1.4	 0.4
1	2020	223	21541	 24.5	 33.0	3.299	 2.3	 0.5
1	2020	224	20875	 24.9	 32.5	3.284	 2.7	 0.0
1	2020	225	13685	 24.9	 32.7	3.401	 3.2	13.5
1	2020	226	16881	 26.2	 31.5	3.337	 4.3	 9.4
1	2020	227	16927	 25.8	 32.0	3.413	 3.4	 3.2
1	2020	228	18094	 24.1	 32.1	3.031	 3.5	 0.7
1	2020	229	20264	 22.9	 33.0	3.154	 1.9	 0.6
1	2020	230	21629	 25.2	 33.8	3.215	 2.0	 0.0
1	2020	231	22195	 25.7	 33.0	3.144	 2.5	 0.0
1	2020	232	17520	 23.0	 30.5	2.754	 3.3	 7.7
1	2020	233	 2672	 20.4	 23.0	2.427	 3.8	26.3
1	2020	234	 8038	 20.1	 25.4	2.342	 3.2	 7.2
1	2020	235	11140	 21.4	 27.6	2.596	 1.6	 0.1
1	2020	236	16065	 22.2	 30.5	3.007	 2.3	 0.6
1	2020	237	15822	 22.5	 29.9	2.853	 3.5	 1.5
1	2020	238	15843	 20.2	 29.3	2.486	 1.8	 0.0
1	2020	239	22334	 22.1	 30.1	2.386	 3.1	 0.0
1	2020	240	23122	 18.5	 29.6	2.199	 1.8	 0.0
1	2020	241	23000	 20.7	 30.8	2.463	 2.0	 0.0
1	2020	242	22909	 20.4	 31.3	2.522	 1.6	 0.0
1	2020	243	20405	 21.9	 31.0	2.729	 1.7	 0.0
1	2020	244	19544	 23.4	 31.6	2.661	 2.2	 0.2
1	2020	245	21833	 22.4	 31.0	2.381	 2.6	 0.0
1	2020	246	19710	 20.5	 29.6	1.885	 2.8	 0.1
1	2020	247	22474	 18.3	 29.5	1.646	 2.3	 0.0
1	2020	248	22975	 17.5	 31.1	1.733	 2.5	 0.0
1	2020	249	21464	 20.8	 32.2	1.889	 3.0	 0.0
1	2020	250	20780	 20.8	 32.3	2.022	 1.7	 0.0
1	2020	251	22203	 19.6	 32.7	1.931	 2.1	 0.0
1	2020	252	20174	 20.2	 32.0	2.040	 2.0	 0.0
1	2020	253	18726	 21.5	 31.5	2.249	 1.7	 2.7
1	2020	254	14222	 20.8	 27.5	2.409	 1.3	11.6
1	2020	255	21163	 18.8	 27.2	1.824	 3.3	 0.0
1	2020	256	16589	 18.1	 26.5	1.834	 3.0	 0.0
1	2020	257	16807	 19.4	 27.0	2.068	 2.2	 0.6
1	2020	258	16747	 19.8	 28.3	2.211	 2.1	 0.4
1	2020	259	18082	 20.7	 29.0	2.192	 3.3	 0.6
1	2020	260	15972	 17.9	 29.6	1.591	 2.4	 0.0
1	2020	261	14439	 18.1	 26.5	1.359	 2.0	 0.0
1	2020	262	21294	 15.5	 29.6	1.453	 2.7	 0.0
1	2020	263	20807	 16.9	 29.9	1.348	 2.6	 0.0
1	2020	264	18869	 16.1	 28.7	1.529	 2.4	 0.0
1	2020	265	 4045	 18.5	 23.6	1.660	 2.2	 1.3
1	2020	266	11529	 17.0	 25.9	1.719	 1.7	 1.1
1	2020	267	16292	 18.7	 26.5	1.646	 1.6	 0.0
1	2020	268	16255	 17.2	 26.7	1.717	 1.4	 0.0
1	2020	269	16426	 17.0	 26.5	1.745	 2.3	 0.0
1	2020	270	14489	 16.5	 26.0	1.708	 2.4	 0.2
1	2020	271	16667	 18.2	 26.9	1.579	 2.4	 0.2
1	2020	272	13596	 15.9	 25.9	1.512	 2.1	 0.1
1	2020	273	12020	 18.1	 26.3	1.638	 2.1	 0.0
1	2020	274	12374	 16.5	 24.6	1.658	 2.7	 0.2
1	2020	275	12988	 18.2	 27.1	1.776	 2.8	 0.0
1	2020	276	 2919	 16.5	 20.6	1.350	 3.0	 5.1
1	2020	277	 4152	 15.9	 19.9	1.086	 2.3	 0.0
1	2020	278	11561	 10.4	 17.5	0.666	 4.3	 0.0
1	2020	279	 5019	  8.5	 15.8	0.668	 1.9	 0.1
1	2020	280	 7211	  8.2	 17.2	0.805	 2.0	 0.0
1	2020	281	11779	 10.8	 20.3	0.893	 1.7	 0.0
1	2020	282	14574	  9.2	 22.4	1.100	 1.9	 0.0
1	2020	283	11073	 13.6	 22.9	1.315	 1.4	 0.0
1	2020	284	 3572	 13.8	 21.4	1.490	 1.5	 0.2
1	2020	285	 3506	 16.2	 20.4	1.635	 1.1	 1.8
1	2020	286	 6627	 14.7	 20.2	1.319	 2.6	 0.1
1	2020	287	 6011	 13.3	 19.9	1.417	 1.8	 2.2
1	2020	288	 1844	 12.0	 15.4	1.408	 2.9	 7.2
1	2020	289	 5852	 11.2	 17.2	1.411	 0.9	 2.0
1	2020	290	10528	  9.7	 19.5	1.207	 2.4	 0.6
1	2020	291	14970	  8.0	 20.0	0.924	 2.0	 0.0
1	2020	292	14659	  8.7	 20.6	0.990	 2.2	 0.0
1	2020	293	15819	  9.2	 20.8	1.006	 1.9	 0.0
1	2020	294	10144	  8.4	 20.1	1.055	 2.6	 0.0
1	2020	295	15744	 10.9	 21.9	0.825	 3.1	 0.0
1	2020	296	15654	  6.7	 21.0	0.606	 2.2	 0.0
1	2020	297	15579	  6.4	 17.9	0.500	 2.0	 0.0
1	2020	298	15225	  5.7	 19.1	0.543	 2.2	 0.0
1	2020	299	14190	  9.9	 21.0	0.748	 2.5	 0.0
1	2020	300	14045	 11.0	 23.2	1.043	 1.7	 0.0
1	2020	301	 5616	 13.3	 19.2	0.869	 3.5	 0.0
1	2020	302	 7697	 11.4	 18.3	0.800	 2.6	 0.0
1	2020	303	12306	  9.6	 20.0	1.034	 1.2	 0.0
1	2020	304	11409	  8.7	 20.3	1.148	 1.7	 0.1
1	2020	305	 8539	 13.8	 21.2	1.294	 2.5	 0.0
1	2020	306	12576	 10.5	 21.3	0.869	 2.6	 0.0
1	2020	307	13637	  6.9	 19.3	0.517	 3.0	 0.0
1	2020	308	12666	  4.8	 16.9	0.468	 2.0	 0.0
1	2020	309	12513	  7.8	 18.5	0.500	 3.4	 0.0
1	2020	310	 7267	 11.2	 19.3	0.800	 2.3	 0.0
1	2020	311	12491	 11.6	 22.9	0.833	 2.8	 0.0
1	2020	312	13149	  9.6	 22.1	0.538	 2.7	 0.0
1	2020	313	12975	  7.1	 18.0	0.450	 2.7	 0.0
1	2020	314	12628	  4.1	 18.9	0.553	 1.9	 0.0
1	2020	315	12298	  6.4	 20.4	0.659	 2.5	 0.0
1	2020	316	11516	  8.4	 20.3	0.745	 3.3	 0.0
1	2020	317	11504	  9.3	 21.4	0.913	 2.4	 0.0
1	2020	318	11552	  8.3	 19.8	0.996	 2.4	 0.0
1	2020	319	11388	  8.5	 19.5	1.023	 2.5	 0.0
1	2020	320	11103	  8.8	 19.8	1.169	 2.2	 0.0
1	2020	321	 6030	  9.9	 19.1	1.203	 3.0	 0.1
1	2020	322	  892	 13.9	 16.0	1.527	 3.3	34.3
1	2020	323	 1575	 10.7	 15.2	1.329	 3.3	22.2
1	2020	324	 8505	  7.9	 15.2	0.877	 3.2	 0.0
1	2020	325	10286	  5.1	 11.3	0.712	 3.6	 0.0
1	2020	326	 3112	  4.5	  7.7	0.793	 3.3	 7.1
1	2020	327	 5504	  2.6	  7.4	0.660	 3.5	 0.2
1	2020	328	 3526	  0.1	  4.9	0.565	 1.4	 0.3
1	2020	329	 8394	 -1.4	  7.0	0.594	 1.4	 0.0
1	2020	330	 6179	 -0.8	  7.8	0.631	 1.3	 0.0
1	2020	331	 6331	  4.5	  9.4	0.660	 2.6	 0.0
1	2020	332	 8141	  0.4	  9.3	0.624	 2.8	 0.0
1	2020	333	 5156	  0.2	  5.8	0.473	 1.7	 0.0
1	2020	334	 9367	 -0.9	  9.6	0.630	 1.6	 0.0
1	2020	335	 7332	 -0.5	  8.0	0.622	 1.9	 0.0
1	2020	336	 3559	  0.8	  5.4	0.588	 2.2	 0.6
1	2020	337	 4710	 -1.3	  4.7	0.634	 1.6	 0.1
1	2020	338	 8769	  0.7	  5.1	0.493	 2.3	 0.0
1	2020	339	 9386	 -3.0	  6.4	0.520	 1.5	 0.0
1	2020	340	 9896	 -0.4	  8.0	0.502	 2.2	 0.0
1	2020	341	 7966	 -1.0	  9.4	0.586	 1.7	 0.0
1	2020	342	 8619	  1.0	  8.0	0.524	 2.9	 0.0
1	2020	343	 9648	 -2.5	  7.5	0.458	 2.0	 0.0
1	2020	344	 5651	  2.0	  9.4	0.672	 2.0	 0.0
1	2020	345	 9277	  0.8	 10.3	0.697	 1.5	 0.0
1	2020	346	 7630	 -1.8	  9.5	0.582	 1.8	 0.0
1	2020	347	 8407	 -1.0	 10.8	0.587	 1.9	 0.0
1	2020	348	 8339	 -0.9	  4.9	0.253	 5.4	 0.0
1	2020	349	10032	 -6.2	  1.4	0.186	 1.7	 0.0
1	2020	350	 9951	 -5.6	  3.9	0.264	 2.3	 0.0
1	2020	351	 9715	 -5.2	  4.8	0.331	 1.4	 0.0
1	2020	352	 8107	 -4.1	  5.7	0.340	 2.1	 0.0
1	2020	353	 8765	 -3.1	  5.6	0.337	 2.9	 0.0
1	2020	354	 8932	 -5.9	  5.0	0.326	 1.8	 0.0
1	2020	355	 9918	 -4.1	  6.4	0.370	 1.9	 0.0
1	2020	356	 9923	 -4.4	  8.2	0.402	 2.5	 0.0
1	2020	357	 9831	 -2.0	 10.3	0.488	 2.7	 0.0
1	2020	358	 9726	  0.0	 10.8	0.506	 2.6	 0.0
1	2020	359	 9975	 -3.5	  9.6	0.384	 2.0	 0.0
1	2020	360	 9792	 -2.8	 10.4	0.453	 2.3	 0.0
1	2020	361	 8290	 -0.4	 11.0	0.592	 2.1	 0.0
1	2020	362	 9863	 -1.0	 12.1	0.620	 1.7	 0.0
1	2020	363	 8584	  0.7	 10.4	0.647	 4.1	 2.1
1	2020	364	 4255	 -7.1	  1.7	0.317	 5.3	 5.7
1	2020	365	10759	 -8.4	 -2.1	0.164	 2.5	 0.0
1	2020	366	10536	 -8.3	  1.4	0.179	 2.3	 0.0
