*------------------------------------------------------------*
*   Country: China
*   Station: 116.0_34.5
*      Year: 2020
*    Origin: AgERA5 dataset
*    Author: Huang Hai, CAU
* Longitude: 116.00 E
*  Latitude: 34.50 N
* Elevation: 53.00 m
*   Columns: 
*   ======== 
*  station number
*  year
*  day
*  irradiation (kJ路m-2路d-1)
*  minimum temperature (degrees Celsius)
*  maximum temperature (degrees Celsius)
*  vapour pressure (kPa)
*  mean wind speed (m路s-1)
*  precipitation (mm路d-1)
** WCCDESCRIPTION=116.0_34.5, China
** WCCFORMAT=2
** WCCYEARNR=2020
*------------------------------------------------------------*
116.00  34.50  53.00  -0.18  -0.55
1	2020	  1	 8488	 -4.3	  5.7	0.410	 1.8	 0.0
1	2020	  2	 2829	  2.6	  6.2	0.541	 0.9	 0.1
1	2020	  3	 6283	  2.5	  8.6	0.594	 1.1	 0.0
1	2020	  4	 9509	 -1.4	 11.1	0.652	 1.8	 0.0
1	2020	  5	  139	  4.2	  5.0	0.797	 3.8	22.6
1	2020	  6	  564	  2.4	  4.4	0.743	 4.0	15.5
1	2020	  7	 1123	 -1.4	  2.6	0.657	 4.5	18.5
1	2020	  8	 7617	 -5.0	  4.6	0.481	 1.6	 0.0
1	2020	  9	 8490	 -2.6	  5.8	0.517	 1.9	 0.0
1	2020	 10	 5637	 -1.6	  6.2	0.610	 1.5	 0.0
1	2020	 11	 5789	 -2.2	  4.9	0.588	 1.9	 0.1
1	2020	 12	 8163	 -5.2	  5.1	0.521	 1.2	 0.1
1	2020	 13	 5388	 -3.1	  5.2	0.561	 2.1	 0.2
1	2020	 14	11504	 -5.6	  3.7	0.382	 2.2	 0.0
1	2020	 15	 6245	 -4.4	  2.9	0.426	 2.2	 0.7
1	2020	 16	 6038	 -1.0	  4.0	0.535	 2.0	 0.6
1	2020	 17	 8714	 -2.3	  5.4	0.574	 1.6	 0.0
1	2020	 18	10391	 -4.1	  7.7	0.599	 2.3	 0.0
1	2020	 19	11918	 -0.8	  8.6	0.474	 2.6	 0.0
1	2020	 20	10508	 -3.5	  9.2	0.530	 1.9	 0.0
1	2020	 21	 6088	 -1.4	  8.6	0.573	 2.5	 0.0
1	2020	 22	 8820	 -2.8	  9.1	0.677	 1.3	 0.0
1	2020	 23	 6065	  1.6	  9.5	0.738	 1.8	 0.0
1	2020	 24	 6239	  1.9	  7.9	0.678	 2.4	 0.2
1	2020	 25	 7101	  1.5	  7.5	0.545	 1.6	 0.1
1	2020	 26	 3152	  0.5	  3.1	0.595	 2.5	 4.4
1	2020	 27	10140	 -2.0	  6.5	0.534	 2.2	 0.3
1	2020	 28	11440	 -4.5	  8.1	0.482	 2.0	 0.0
1	2020	 29	11641	 -3.2	  8.7	0.526	 2.1	 0.2
1	2020	 30	12886	 -3.4	  8.8	0.462	 2.2	 0.0
1	2020	 31	13030	 -2.2	 11.8	0.567	 2.7	 0.0
1	2020	 32	10421	 -1.4	 12.0	0.592	 2.0	 0.0
1	2020	 33	12124	  1.3	 11.8	0.574	 2.5	 0.0
1	2020	 34	13015	  0.6	  8.9	0.453	 3.1	 0.0
1	2020	 35	12639	  0.3	 12.4	0.621	 3.1	 0.0
1	2020	 36	 2442	  1.4	  2.9	0.489	 4.1	 0.6
1	2020	 37	 5210	 -0.6	  4.0	0.546	 3.1	 1.8
1	2020	 38	10413	 -2.2	  7.8	0.637	 1.5	 0.0
1	2020	 39	10398	 -0.3	  9.8	0.680	 2.0	 0.0
1	2020	 40	14337	  0.7	 14.3	0.665	 3.6	 0.0
1	2020	 41	14329	  2.9	 16.0	0.717	 3.4	 0.0
1	2020	 42	12215	  5.9	 14.9	0.847	 2.4	 0.0
1	2020	 43	14490	  2.4	 16.5	0.939	 2.8	 0.0
1	2020	 44	13217	  6.0	 18.7	1.102	 3.8	 0.0
1	2020	 45	 2187	  1.4	 14.3	1.087	 4.4	 6.1
1	2020	 46	 4253	 -3.0	  2.3	0.409	 4.6	 6.6
1	2020	 47	15994	 -3.7	  5.5	0.270	 3.3	 0.0
1	2020	 48	16250	 -4.0	  8.2	0.306	 2.7	 0.0
1	2020	 49	16042	 -2.2	 13.2	0.398	 3.7	 0.0
1	2020	 50	11236	  2.1	 13.0	0.542	 3.0	 0.0
1	2020	 51	13677	 -0.1	 14.9	0.664	 2.2	 0.0
1	2020	 52	15221	  6.0	 14.7	0.659	 2.9	 0.1
1	2020	 53	16713	 -0.1	 12.5	0.380	 2.0	 0.0
1	2020	 54	16278	  3.6	 17.6	0.649	 4.1	 0.0
1	2020	 55	 5370	  9.2	 15.6	1.090	 2.7	 7.6
1	2020	 56	10580	  7.7	 13.0	0.998	 3.6	 0.1
1	2020	 57	 5296	  7.1	 11.4	0.900	 2.8	 0.0
1	2020	 58	 9935	  2.5	  9.8	0.532	 3.0	 7.2
1	2020	 59	 8963	  1.1	  8.5	0.746	 1.5	 6.5
1	2020	 60	10386	  4.6	 11.2	0.835	 1.7	 0.0
1	2020	 61	 6527	  2.4	 10.5	0.816	 2.4	 0.3
1	2020	 62	12085	  1.3	 10.5	0.608	 2.6	 0.0
1	2020	 63	14368	 -0.5	 11.9	0.509	 2.7	 0.0
1	2020	 64	18553	 -0.9	 11.3	0.405	 2.4	 0.0
1	2020	 65	18361	  0.2	 12.7	0.526	 4.0	 0.0
1	2020	 66	14205	  3.2	 15.3	0.766	 3.6	 0.0
1	2020	 67	18795	  4.9	 17.2	0.877	 2.5	 0.0
1	2020	 68	15960	  8.0	 17.4	0.989	 3.7	 0.0
1	2020	 69	 4971	  6.6	 12.0	0.990	 3.8	 1.7
1	2020	 70	14779	  4.2	 13.2	0.774	 2.2	 0.3
1	2020	 71	19745	  3.0	 18.1	0.700	 3.7	 0.0
1	2020	 72	17554	  6.8	 19.4	0.891	 3.0	 0.0
1	2020	 73	14735	  4.5	 12.3	0.715	 3.6	 0.0
1	2020	 74	20764	  3.0	 16.2	0.534	 3.4	 0.0
1	2020	 75	20697	  4.5	 19.5	0.455	 2.3	 0.0
1	2020	 76	13310	  6.7	 17.1	0.750	 3.7	 0.0
1	2020	 77	20521	  8.3	 22.2	0.833	 2.7	 0.0
1	2020	 78	21056	  9.1	 25.0	0.769	 4.9	 0.0
1	2020	 79	21739	  6.6	 18.1	0.367	 2.8	 0.0
1	2020	 80	21098	  8.3	 24.6	0.837	 4.9	 0.0
1	2020	 81	19347	 13.5	 27.2	1.155	 3.6	 0.0
1	2020	 82	20997	 10.9	 20.5	0.710	 3.3	 0.0
1	2020	 83	21546	  7.6	 22.2	0.759	 3.0	 0.0
1	2020	 84	19763	 10.5	 22.5	0.760	 3.8	 0.0
1	2020	 85	 9079	 11.5	 18.5	1.330	 3.2	 8.5
1	2020	 86	 3851	  7.6	 16.2	1.158	 5.0	 1.7
1	2020	 87	13681	  7.5	 13.1	0.395	 4.1	 0.0
1	2020	 88	22451	  4.6	 14.5	0.427	 2.4	 0.0
1	2020	 89	 8200	  6.3	 11.4	0.737	 1.9	 0.3
1	2020	 90	18677	  2.5	 14.5	0.818	 2.1	 0.0
1	2020	 91	 7504	  7.2	 13.4	0.948	 1.9	 0.0
1	2020	 92	 8563	  7.6	 15.3	1.007	 2.0	 0.8
1	2020	 93	 6969	  6.9	 13.1	0.797	 1.9	 0.4
1	2020	 94	22613	  3.2	 18.2	0.760	 1.4	 0.0
1	2020	 95	22908	  4.8	 21.6	0.799	 2.3	 0.0
1	2020	 96	22020	  6.5	 18.4	0.660	 3.1	 0.0
1	2020	 97	19925	  9.1	 21.0	0.730	 2.8	 0.0
1	2020	 98	23803	  7.0	 23.2	0.806	 2.9	 0.0
1	2020	 99	20890	  8.0	 22.5	0.830	 2.3	 0.3
1	2020	100	20903	  9.1	 22.4	0.987	 4.2	 0.8
1	2020	101	 6965	  5.9	 10.8	0.835	 4.9	 8.9
1	2020	102	20240	  4.3	 15.2	0.764	 3.6	 1.1
1	2020	103	25153	  7.2	 21.2	0.576	 4.6	 0.0
1	2020	104	24926	  4.6	 22.9	0.689	 2.8	 0.0
1	2020	105	18470	 11.9	 22.8	0.766	 3.7	 0.0
1	2020	106	24235	 10.3	 25.6	1.067	 3.5	 0.0
1	2020	107	18432	 14.3	 24.7	1.107	 3.2	 1.1
1	2020	108	25591	  9.3	 23.3	0.814	 3.3	 0.0
1	2020	109	11736	  9.1	 19.1	0.986	 2.4	 4.8
1	2020	110	12593	 11.0	 18.4	1.191	 2.8	 3.7
1	2020	111	21607	 12.9	 19.9	0.713	 3.7	 0.0
1	2020	112	19688	  9.2	 20.3	0.825	 2.2	 0.0
1	2020	113	26256	  9.0	 17.2	0.459	 3.2	 0.2
1	2020	114	25402	  5.6	 19.7	0.515	 2.0	 0.0
1	2020	115	26704	  6.1	 23.2	0.492	 3.9	 0.0
1	2020	116	26779	 12.8	 25.1	0.554	 4.6	 0.0
1	2020	117	25929	 10.6	 23.8	0.781	 3.8	 0.0
1	2020	118	23008	 10.6	 21.5	0.724	 2.9	 1.7
1	2020	119	26736	 10.1	 24.5	0.746	 3.9	 0.0
1	2020	120	25518	 12.3	 30.1	1.244	 3.9	 0.0
1	2020	121	23741	 18.1	 33.6	1.751	 3.5	 0.0
1	2020	122	23971	 19.0	 30.8	1.912	 4.1	 0.3
1	2020	123	25259	 17.4	 32.5	2.213	 2.6	 0.0
1	2020	124	26274	 19.0	 36.5	1.939	 2.4	 0.0
1	2020	125	16540	 19.3	 27.2	1.672	 4.4	 0.0
1	2020	126	20657	 13.8	 22.6	1.329	 2.9	 1.4
1	2020	127	24211	 12.7	 25.0	1.397	 3.3	 0.0
1	2020	128	 7006	 16.8	 22.5	1.837	 3.4	11.3
1	2020	129	 4420	 14.2	 19.1	1.643	 4.9	14.6
1	2020	130	18299	 11.2	 21.0	1.387	 3.0	 4.3
1	2020	131	26541	 11.6	 26.3	1.540	 2.2	 0.0
1	2020	132	25362	 15.2	 23.6	0.971	 4.6	 0.0
1	2020	133	27526	 15.1	 26.9	0.992	 3.3	 0.0
1	2020	134	25428	 16.0	 29.9	1.258	 3.8	 0.0
1	2020	135	14407	 18.6	 26.3	1.690	 2.7	 0.7
1	2020	136	26490	 14.9	 29.4	1.767	 2.4	 0.0
1	2020	137	24460	 18.1	 31.2	1.714	 4.4	 0.0
1	2020	138	26603	 17.9	 33.4	1.785	 3.9	 0.8
1	2020	139	27674	 13.2	 25.2	0.841	 4.1	 0.0
1	2020	140	28004	 14.2	 30.1	0.868	 2.5	 0.0
1	2020	141	18110	 17.2	 30.5	1.214	 2.6	 0.0
1	2020	142	27324	 19.0	 32.3	1.329	 3.2	 0.0
1	2020	143	27447	 20.2	 33.5	1.436	 2.1	 0.0
1	2020	144	24738	 22.3	 35.0	1.662	 4.7	 3.2
1	2020	145	18770	 17.7	 28.8	1.342	 1.6	 0.0
1	2020	146	21485	 21.7	 29.7	1.351	 3.8	 0.0
1	2020	147	26432	 18.1	 29.4	1.393	 2.9	 0.0
1	2020	148	26600	 16.8	 32.8	1.127	 2.8	 0.0
1	2020	149	27689	 19.1	 34.5	1.144	 3.2	 0.0
1	2020	150	12044	 22.7	 30.2	1.477	 3.9	 0.2
1	2020	151	14269	 18.2	 24.3	1.638	 3.5	 0.2
1	2020	152	24759	 17.3	 33.2	1.866	 2.4	 0.0
1	2020	153	26233	 20.4	 34.6	1.826	 4.0	 0.2
1	2020	154	23636	 24.2	 33.8	1.390	 2.8	 0.0
1	2020	155	29161	 19.7	 36.7	0.964	 3.0	 0.0
1	2020	156	25792	 23.0	 37.5	1.486	 3.3	 0.0
1	2020	157	22991	 24.6	 36.0	1.902	 2.2	 0.1
1	2020	158	28207	 21.6	 35.5	1.609	 2.1	 0.0
1	2020	159	27788	 22.4	 36.4	1.513	 3.7	 0.0
1	2020	160	26216	 22.5	 35.1	1.609	 4.5	 0.0
1	2020	161	12236	 23.3	 28.6	2.281	 3.0	11.2
1	2020	162	19143	 21.7	 31.3	2.524	 2.0	 2.6
1	2020	163	19569	 22.1	 32.6	2.333	 2.1	 1.0
1	2020	164	 9413	 20.6	 26.1	2.125	 3.7	22.2
1	2020	165	14150	 20.0	 28.4	2.367	 1.8	 0.4
1	2020	166	24571	 22.4	 32.8	2.684	 1.8	 0.3
1	2020	167	16911	 23.6	 33.5	2.600	 1.7	 0.4
1	2020	168	 5482	 18.6	 25.3	2.123	 2.8	23.3
1	2020	169	 2232	 17.9	 18.7	1.906	 3.6	40.5
1	2020	170	13759	 17.2	 24.3	2.037	 2.6	 5.7
1	2020	171	22366	 15.9	 27.7	2.021	 2.0	 0.1
1	2020	172	18138	 19.4	 28.3	2.215	 2.8	 0.1
1	2020	173	21528	 19.7	 28.6	2.251	 2.7	 0.1
1	2020	174	10147	 20.5	 25.6	2.303	 2.9	 6.0
1	2020	175	 5060	 20.9	 24.4	2.462	 2.4	 1.4
1	2020	176	27244	 19.1	 30.5	2.308	 1.8	 0.0
1	2020	177	25577	 21.1	 32.3	2.470	 2.8	 0.0
1	2020	178	19645	 23.6	 31.8	2.694	 2.5	 0.0
1	2020	179	22498	 24.1	 33.2	2.770	 2.4	 0.1
1	2020	180	13465	 22.7	 26.7	2.510	 3.8	10.6
1	2020	181	22478	 21.4	 30.2	2.269	 2.4	 0.0
1	2020	182	18522	 22.3	 28.8	2.528	 2.6	 5.6
1	2020	183	21220	 19.9	 29.3	2.308	 2.0	 0.0
1	2020	184	19768	 22.6	 30.1	2.601	 2.7	 1.3
1	2020	185	18371	 21.1	 27.9	2.473	 2.2	 1.8
1	2020	186	15326	 20.5	 28.6	2.445	 2.8	 0.3
1	2020	187	22019	 22.8	 31.7	2.799	 2.8	 0.3
1	2020	188	26935	 23.5	 34.9	2.712	 2.3	 0.0
1	2020	189	25720	 23.9	 34.2	2.691	 2.5	 0.1
1	2020	190	25705	 24.0	 32.4	2.304	 3.0	 0.0
1	2020	191	21832	 22.8	 30.7	2.325	 2.7	 0.0
1	2020	192	23779	 21.1	 31.3	2.399	 2.2	 0.1
1	2020	193	 9809	 21.8	 29.0	2.428	 4.7	13.3
1	2020	194	 4203	 20.6	 22.8	2.247	 4.7	36.1
1	2020	195	19392	 20.1	 27.5	2.299	 2.5	 0.1
1	2020	196	 7387	 20.7	 25.6	2.578	 0.8	 2.9
1	2020	197	21294	 20.0	 28.7	2.560	 1.3	 0.9
1	2020	198	22617	 20.3	 29.3	2.511	 2.2	 0.1
1	2020	199	 6847	 21.1	 24.6	2.422	 2.5	23.4
1	2020	200	10969	 21.2	 27.3	2.520	 2.4	 1.4
1	2020	201	13863	 21.6	 27.0	2.427	 2.6	 2.3
1	2020	202	25845	 19.2	 30.5	2.452	 1.8	 0.0
1	2020	203	17288	 21.4	 28.9	2.600	 3.2	 0.8
1	2020	204	 3408	 20.8	 24.1	2.519	 4.2	111.6
1	2020	205	22939	 20.8	 28.3	2.430	 3.2	 0.0
1	2020	206	22192	 20.7	 29.4	2.471	 2.0	 0.1
1	2020	207	17434	 19.1	 29.5	2.554	 1.5	 0.1
1	2020	208	 5750	 20.6	 24.5	2.478	 1.9	 7.7
1	2020	209	16254	 19.8	 27.8	2.512	 1.8	 0.1
1	2020	210	18702	 20.3	 29.0	2.717	 2.0	 0.1
1	2020	211	13822	 22.8	 29.0	2.856	 2.2	 0.1
1	2020	212	17306	 23.0	 30.9	3.086	 2.9	 3.3
1	2020	213	14406	 23.3	 29.7	3.043	 2.6	16.7
1	2020	214	20121	 24.2	 32.5	3.340	 2.5	28.6
1	2020	215	 8452	 24.7	 30.5	3.428	 2.9	32.5
1	2020	216	19073	 25.7	 33.1	3.522	 3.1	 1.3
1	2020	217	17285	 26.2	 32.2	3.446	 2.7	 3.5
1	2020	218	16943	 25.3	 32.3	3.297	 1.8	 0.8
1	2020	219	10648	 25.6	 31.7	3.359	 2.4	27.5
1	2020	220	 4666	 25.0	 27.4	3.190	 2.2	24.9
1	2020	221	11864	 23.8	 29.2	3.015	 2.0	 0.4
1	2020	222	23311	 22.1	 31.5	2.952	 1.3	 0.0
1	2020	223	21650	 23.8	 32.2	3.208	 2.0	 0.1
1	2020	224	22037	 24.1	 32.3	3.233	 2.6	 0.3
1	2020	225	14595	 24.9	 31.4	3.428	 3.5	20.9
1	2020	226	16474	 26.6	 31.5	3.331	 4.5	 4.8
1	2020	227	15100	 26.0	 31.8	3.388	 3.4	10.9
1	2020	228	19106	 25.1	 32.3	3.231	 3.2	 1.1
1	2020	229	19968	 24.2	 33.0	3.290	 1.6	 0.3
1	2020	230	21297	 25.9	 33.9	3.388	 2.1	 0.1
1	2020	231	22298	 26.1	 33.2	3.187	 2.3	 0.0
1	2020	232	17648	 23.5	 31.9	2.915	 2.7	 4.4
1	2020	233	 3984	 20.8	 23.4	2.540	 3.6	18.6
1	2020	234	 7843	 20.7	 25.4	2.493	 2.5	 8.8
1	2020	235	12451	 21.3	 27.8	2.701	 1.7	 0.5
1	2020	236	17492	 22.8	 30.7	3.105	 2.6	 0.7
1	2020	237	15670	 22.9	 30.8	3.006	 3.6	 5.9
1	2020	238	19213	 20.5	 28.5	2.477	 2.7	 0.0
1	2020	239	12042	 21.6	 27.5	2.480	 3.0	 0.8
1	2020	240	23068	 18.8	 29.0	2.245	 1.6	 0.0
1	2020	241	23027	 19.9	 30.3	2.468	 1.6	 0.0
1	2020	242	22741	 20.4	 30.9	2.615	 1.7	 0.0
1	2020	243	17889	 21.5	 30.0	2.816	 1.6	 0.0
1	2020	244	17906	 23.5	 30.8	2.842	 1.8	 0.4
1	2020	245	21206	 22.6	 30.3	2.472	 2.7	 0.1
1	2020	246	20859	 20.9	 29.1	2.014	 3.1	 0.4
1	2020	247	22409	 17.5	 28.5	1.648	 2.5	 0.0
1	2020	248	22953	 18.4	 30.6	1.796	 2.9	 0.0
1	2020	249	21597	 19.9	 32.0	1.901	 2.7	 0.0
1	2020	250	21009	 20.7	 31.9	2.033	 1.5	 0.0
1	2020	251	22226	 20.1	 32.3	1.985	 2.4	 0.0
1	2020	252	20531	 19.9	 31.2	2.115	 1.9	 0.0
1	2020	253	20302	 20.2	 31.4	2.132	 1.8	 0.4
1	2020	254	10800	 20.1	 26.3	2.369	 1.2	12.1
1	2020	255	21222	 18.5	 26.8	1.884	 3.2	 0.0
1	2020	256	14861	 17.9	 25.3	1.881	 3.1	 0.1
1	2020	257	16772	 18.9	 26.6	2.094	 1.7	 0.5
1	2020	258	13878	 20.4	 27.3	2.273	 2.3	 1.0
1	2020	259	15959	 20.0	 27.8	2.245	 3.1	 0.9
1	2020	260	17990	 18.6	 29.6	1.764	 2.3	 0.0
1	2020	261	12697	 17.1	 25.9	1.367	 1.8	 0.0
1	2020	262	21330	 15.2	 28.8	1.439	 2.9	 0.0
1	2020	263	20680	 17.2	 29.4	1.335	 2.7	 0.0
1	2020	264	19344	 16.0	 28.7	1.583	 2.0	 0.0
1	2020	265	 5882	 18.9	 24.9	1.752	 2.1	 1.5
1	2020	266	11976	 17.6	 25.8	1.824	 1.6	 1.5
1	2020	267	13888	 19.1	 25.6	1.762	 1.4	 0.1
1	2020	268	16411	 16.6	 26.3	1.749	 1.4	 0.1
1	2020	269	15610	 16.5	 25.7	1.798	 2.1	 0.1
1	2020	270	14371	 15.9	 25.3	1.834	 2.2	 0.9
1	2020	271	18356	 16.1	 26.1	1.566	 2.5	 0.0
1	2020	272	14365	 15.9	 25.4	1.595	 2.1	 0.5
1	2020	273	15232	 17.5	 26.5	1.630	 1.9	 0.0
1	2020	274	11668	 17.6	 24.5	1.696	 2.5	 0.1
1	2020	275	13041	 17.6	 26.6	1.767	 3.0	 0.0
1	2020	276	 2981	 15.4	 20.1	1.602	 2.8	 6.4
1	2020	277	 6600	 15.9	 20.9	1.217	 1.9	 0.1
1	2020	278	11581	 10.2	 17.0	0.687	 4.4	 0.0
1	2020	279	 5438	  7.6	 16.0	0.696	 2.0	 0.1
1	2020	280	 7651	  7.0	 16.9	0.837	 1.3	 0.0
1	2020	281	11834	 10.9	 20.0	0.892	 1.4	 0.0
1	2020	282	15737	 10.0	 22.3	1.172	 2.1	 0.0
1	2020	283	12199	 12.8	 22.3	1.373	 1.6	 0.0
1	2020	284	 4193	 13.6	 21.4	1.492	 1.8	 0.0
1	2020	285	 3594	 16.9	 20.2	1.588	 1.6	 0.8
1	2020	286	 5108	 15.1	 20.0	1.423	 2.4	 0.1
1	2020	287	 6400	 13.8	 20.1	1.390	 1.7	 1.2
1	2020	288	 1979	 12.7	 15.6	1.455	 3.1	 3.9
1	2020	289	 6493	 11.4	 17.8	1.494	 1.0	 2.4
1	2020	290	 9213	 10.4	 19.1	1.311	 2.3	 0.9
1	2020	291	14789	  6.6	 19.6	0.840	 1.7	 0.0
1	2020	292	14790	  7.3	 19.8	0.896	 2.0	 0.0
1	2020	293	15514	  8.0	 20.5	0.999	 1.7	 0.0
1	2020	294	11580	  7.8	 20.0	0.999	 2.3	 0.0
1	2020	295	15730	  9.9	 21.8	0.827	 3.1	 0.0
1	2020	296	15709	  6.6	 20.5	0.618	 2.3	 0.0
1	2020	297	15642	  5.7	 17.6	0.503	 2.2	 0.0
1	2020	298	15555	  4.3	 18.5	0.572	 2.1	 0.0
1	2020	299	13612	  8.7	 20.3	0.781	 2.6	 0.0
1	2020	300	13715	 10.3	 22.5	1.079	 1.6	 0.0
1	2020	301	 5324	 12.6	 18.9	1.048	 3.1	 0.0
1	2020	302	 8347	 10.7	 18.8	0.922	 2.4	 0.0
1	2020	303	 9567	  9.7	 19.6	1.136	 1.1	 0.0
1	2020	304	10987	  9.0	 19.8	1.175	 1.6	 0.0
1	2020	305	 5927	 13.3	 20.3	1.318	 2.7	 0.0
1	2020	306	12386	 10.3	 21.4	1.008	 2.5	 0.0
1	2020	307	13613	  7.2	 18.9	0.541	 3.0	 0.0
1	2020	308	12629	  4.0	 16.3	0.471	 1.9	 0.0
1	2020	309	12775	  7.2	 17.9	0.491	 3.4	 0.0
1	2020	310	 7453	 10.5	 18.2	0.854	 2.2	 0.0
1	2020	311	12426	 11.7	 22.1	0.975	 2.4	 0.0
1	2020	312	13156	  8.7	 21.5	0.559	 3.0	 0.0
1	2020	313	12940	  6.0	 18.0	0.515	 2.5	 0.0
1	2020	314	12689	  4.2	 18.3	0.567	 1.9	 0.0
1	2020	315	12329	  5.6	 19.6	0.701	 2.4	 0.0
1	2020	316	11753	  7.7	 19.9	0.756	 3.4	 0.0
1	2020	317	11654	  8.9	 20.4	0.929	 2.6	 0.0
1	2020	318	11620	  7.4	 19.8	1.017	 2.0	 0.0
1	2020	319	11430	  9.0	 18.9	1.083	 2.8	 0.0
1	2020	320	10647	  9.2	 19.4	1.214	 2.4	 0.0
1	2020	321	 7528	 10.6	 19.3	1.188	 3.1	 0.0
1	2020	322	 1044	 13.0	 16.5	1.603	 3.7	26.5
1	2020	323	 1247	 10.3	 17.1	1.465	 2.9	29.3
1	2020	324	 9087	  7.4	 15.5	1.003	 3.6	 0.0
1	2020	325	10668	  4.4	 10.9	0.705	 3.4	 0.0
1	2020	326	 2563	  4.8	  7.3	0.795	 3.5	 7.7
1	2020	327	 4773	  2.4	  7.2	0.675	 3.8	 0.3
1	2020	328	 4580	 -0.4	  5.3	0.493	 1.5	 0.0
1	2020	329	 8031	 -1.1	  6.8	0.552	 1.1	 0.0
1	2020	330	 7024	 -1.1	  8.1	0.635	 1.7	 0.0
1	2020	331	 2974	  4.9	  8.2	0.694	 2.3	 0.1
1	2020	332	 5413	  3.9	  8.9	0.667	 2.9	 0.0
1	2020	333	 4560	 -0.1	  5.5	0.510	 1.8	 0.0
1	2020	334	 8782	 -1.2	  9.1	0.642	 1.5	 0.0
1	2020	335	 9206	 -0.4	  8.1	0.600	 1.8	 0.0
1	2020	336	 3339	  0.9	  5.5	0.550	 2.4	 0.4
1	2020	337	 5053	 -1.8	  4.7	0.647	 2.0	 0.2
1	2020	338	 9761	 -1.2	  5.3	0.467	 2.8	 0.0
1	2020	339	 9994	 -2.0	  6.1	0.464	 1.3	 0.0
1	2020	340	 9848	 -1.1	  7.7	0.459	 2.0	 0.0
1	2020	341	 8572	 -1.8	  9.3	0.554	 1.6	 0.0
1	2020	342	 9475	  0.9	  8.6	0.541	 2.9	 0.0
1	2020	343	 9733	 -2.4	  7.2	0.428	 2.4	 0.0
1	2020	344	 3185	  2.0	  7.3	0.638	 2.0	 0.1
1	2020	345	 8976	  0.3	 10.3	0.743	 1.8	 0.0
1	2020	346	 8055	 -0.7	 10.1	0.648	 1.4	 0.0
1	2020	347	 8519	 -1.7	 10.6	0.608	 1.9	 0.0
1	2020	348	 8637	 -1.2	  4.1	0.275	 5.7	 0.0
1	2020	349	10102	 -6.1	  1.0	0.178	 1.5	 0.0
1	2020	350	 9957	 -6.1	  3.3	0.249	 2.1	 0.0
1	2020	351	 9764	 -5.8	  4.4	0.318	 1.5	 0.0
1	2020	352	 8471	 -4.4	  5.3	0.340	 2.0	 0.0
1	2020	353	 8671	 -3.3	  5.8	0.350	 2.8	 0.0
1	2020	354	 9009	 -5.7	  4.8	0.367	 1.6	 0.0
1	2020	355	 9847	 -3.4	  6.4	0.387	 2.1	 0.0
1	2020	356	 9896	 -5.1	  7.7	0.389	 2.3	 0.0
1	2020	357	 9828	 -2.3	  9.9	0.440	 2.9	 0.0
1	2020	358	 9417	 -0.2	 11.0	0.524	 2.3	 0.0
1	2020	359	 9985	 -3.5	  9.4	0.363	 2.1	 0.0
1	2020	360	 9690	 -2.4	 10.0	0.467	 2.5	 0.0
1	2020	361	 8448	 -0.6	 10.7	0.570	 2.1	 0.0
1	2020	362	 9780	 -0.7	 12.2	0.643	 1.9	 0.0
1	2020	363	 7654	  0.8	 12.0	0.723	 3.3	 1.6
1	2020	364	 3647	 -7.4	  3.5	0.349	 5.5	 7.3
1	2020	365	10837	 -9.0	 -3.0	0.146	 3.1	 0.0
1	2020	366	10602	 -9.1	  1.4	0.190	 2.2	 0.0
