*------------------------------------------------------------*
*   Country: China
*   Station: 116.1_34.3
*      Year: 2020
*    Origin: AgERA5 dataset
*    Author: Huang Hai, CAU
* Longitude: 116.10 E
*  Latitude: 34.30 N
* Elevation: 42.00 m
*   Columns: 
*   ======== 
*  station number
*  year
*  day
*  irradiation (kJ路m-2路d-1)
*  minimum temperature (degrees Celsius)
*  maximum temperature (degrees Celsius)
*  vapour pressure (kPa)
*  mean wind speed (m路s-1)
*  precipitation (mm路d-1)
** WCCDESCRIPTION=116.1_34.3, China
** WCCFORMAT=2
** WCCYEARNR=2020
*------------------------------------------------------------*
116.10  34.30  42.00  -0.18  -0.55
1	2020	  1	 7695	 -4.2	  5.7	0.442	 1.7	 0.1
1	2020	  2	 1501	  2.8	  5.6	0.581	 0.9	 0.2
1	2020	  3	 6157	  3.3	  8.8	0.622	 1.2	 0.0
1	2020	  4	 9964	 -1.4	 11.2	0.678	 1.8	 0.0
1	2020	  5	   65	  4.3	  5.7	0.819	 3.9	24.6
1	2020	  6	  240	  3.1	  5.5	0.776	 3.8	19.0
1	2020	  7	  789	 -0.6	  3.5	0.676	 4.3	19.9
1	2020	  8	 7506	 -4.2	  4.6	0.501	 1.6	 0.0
1	2020	  9	 7975	 -1.2	  6.0	0.530	 1.9	 0.0
1	2020	 10	 4478	 -1.3	  5.8	0.623	 1.5	 0.0
1	2020	 11	 5944	 -0.6	  5.9	0.600	 1.8	 0.0
1	2020	 12	 8858	 -5.1	  5.7	0.533	 1.2	 0.1
1	2020	 13	 5131	 -2.4	  5.6	0.586	 2.0	 0.3
1	2020	 14	11628	 -5.1	  3.9	0.390	 2.4	 0.0
1	2020	 15	 6039	 -4.2	  2.9	0.441	 2.4	 1.0
1	2020	 16	 5122	 -0.7	  4.0	0.565	 2.2	 1.1
1	2020	 17	 7416	 -1.0	  5.0	0.581	 1.5	 0.0
1	2020	 18	10238	 -3.5	  7.6	0.592	 2.1	 0.0
1	2020	 19	11955	 -0.7	  8.8	0.518	 2.5	 0.0
1	2020	 20	10405	 -3.5	  9.3	0.533	 1.8	 0.0
1	2020	 21	 5979	 -1.1	  8.5	0.583	 2.5	 0.0
1	2020	 22	 8569	 -2.4	  9.3	0.704	 1.5	 0.0
1	2020	 23	 5336	  3.5	  9.6	0.769	 2.0	 0.0
1	2020	 24	 5354	  1.5	  7.5	0.685	 2.5	 0.5
1	2020	 25	 7057	  2.1	  7.2	0.494	 1.8	 0.1
1	2020	 26	 2749	  0.5	  3.3	0.576	 2.6	 5.0
1	2020	 27	 9538	 -0.9	  6.2	0.568	 2.1	 0.4
1	2020	 28	11325	 -3.9	  8.1	0.489	 2.1	 0.0
1	2020	 29	11847	 -3.3	  8.8	0.530	 2.1	 0.3
1	2020	 30	13037	 -3.4	  8.6	0.464	 2.2	 0.0
1	2020	 31	13160	 -2.8	 11.6	0.559	 2.6	 0.0
1	2020	 32	10475	 -1.2	 12.1	0.585	 2.2	 0.0
1	2020	 33	11549	  1.9	 12.1	0.577	 2.4	 0.0
1	2020	 34	13291	  0.2	  8.9	0.465	 3.1	 0.0
1	2020	 35	12782	  0.2	 12.8	0.645	 3.0	 0.0
1	2020	 36	 3156	  1.5	  4.4	0.518	 4.5	 0.5
1	2020	 37	 6813	 -0.3	  5.0	0.546	 3.5	 1.3
1	2020	 38	 9776	 -2.5	  7.4	0.642	 1.3	 0.0
1	2020	 39	10397	  1.1	  9.2	0.688	 1.6	 0.0
1	2020	 40	14397	  0.6	 14.0	0.686	 3.6	 0.0
1	2020	 41	14453	  3.0	 15.8	0.708	 3.3	 0.0
1	2020	 42	10479	  6.1	 14.5	0.865	 2.1	 0.0
1	2020	 43	14627	  2.2	 16.3	0.946	 2.7	 0.0
1	2020	 44	13956	  5.4	 18.7	1.114	 3.5	 0.0
1	2020	 45	 2237	  1.9	 14.5	1.148	 4.3	11.1
1	2020	 46	 3732	 -2.3	  2.1	0.431	 4.9	 8.2
1	2020	 47	16130	 -3.4	  5.3	0.295	 3.4	 0.0
1	2020	 48	16386	 -4.0	  7.9	0.329	 2.8	 0.0
1	2020	 49	16249	 -3.0	 12.6	0.422	 3.3	 0.0
1	2020	 50	11549	  1.6	 12.9	0.565	 2.8	 0.0
1	2020	 51	14577	 -0.2	 15.1	0.675	 2.2	 0.0
1	2020	 52	14996	  5.7	 14.5	0.712	 2.8	 0.1
1	2020	 53	16824	  0.2	 12.5	0.409	 2.0	 0.0
1	2020	 54	16433	  3.4	 17.3	0.662	 3.9	 0.0
1	2020	 55	 6049	  9.0	 16.9	1.124	 2.6	 7.7
1	2020	 56	 8670	  8.2	 13.1	1.047	 3.5	 0.4
1	2020	 57	 6090	  6.5	 11.8	0.906	 2.8	 0.0
1	2020	 58	10754	  2.1	  9.7	0.563	 3.1	 7.0
1	2020	 59	 6997	  2.4	  8.3	0.778	 1.5	 5.9
1	2020	 60	 8024	  5.4	 10.5	0.854	 1.5	 0.1
1	2020	 61	 6603	  2.3	 10.2	0.816	 2.5	 0.2
1	2020	 62	11173	  1.2	  9.8	0.613	 2.3	 0.0
1	2020	 63	14754	 -1.1	 12.0	0.558	 2.3	 0.0
1	2020	 64	18707	 -0.2	 11.3	0.445	 2.5	 0.0
1	2020	 65	18620	  0.2	 12.4	0.543	 3.8	 0.0
1	2020	 66	14539	  2.9	 14.7	0.779	 3.3	 0.0
1	2020	 67	18663	  3.8	 17.2	0.920	 2.3	 0.0
1	2020	 68	16542	  8.0	 17.4	1.012	 3.9	 0.0
1	2020	 69	 6101	  7.2	 12.3	0.996	 3.9	 2.2
1	2020	 70	14857	  4.6	 12.9	0.820	 2.3	 0.3
1	2020	 71	19830	  3.5	 17.6	0.754	 3.6	 0.0
1	2020	 72	16309	  6.2	 18.7	0.942	 2.7	 0.0
1	2020	 73	13410	  3.7	 12.0	0.760	 3.6	 0.1
1	2020	 74	20846	  2.3	 16.0	0.572	 3.3	 0.0
1	2020	 75	20886	  3.6	 19.1	0.519	 2.2	 0.0
1	2020	 76	12978	  6.4	 16.5	0.780	 3.5	 0.0
1	2020	 77	20223	  8.2	 21.8	0.918	 2.4	 0.0
1	2020	 78	21135	  8.2	 24.1	0.906	 4.7	 0.0
1	2020	 79	21953	  6.9	 17.8	0.400	 2.8	 0.0
1	2020	 80	21231	  7.9	 24.0	0.905	 4.6	 0.0
1	2020	 81	19717	 12.8	 26.6	1.255	 3.3	 0.0
1	2020	 82	21153	 11.8	 20.1	0.754	 3.5	 0.0
1	2020	 83	21746	  7.5	 21.7	0.767	 3.0	 0.0
1	2020	 84	19929	 10.4	 22.1	0.789	 3.8	 0.0
1	2020	 85	 8865	 11.5	 19.3	1.375	 3.2	 9.6
1	2020	 86	 3121	  7.9	 15.7	1.229	 4.8	 2.7
1	2020	 87	14355	  7.7	 13.3	0.473	 4.1	 0.0
1	2020	 88	22525	  5.5	 14.2	0.478	 2.4	 0.0
1	2020	 89	 7549	  6.1	 11.0	0.761	 1.6	 0.5
1	2020	 90	17322	  2.5	 13.8	0.834	 1.8	 0.0
1	2020	 91	 6168	  8.2	 12.8	1.000	 1.3	 0.0
1	2020	 92	 9736	  8.6	 15.6	1.035	 1.9	 0.7
1	2020	 93	11326	  7.6	 15.1	0.740	 2.2	 0.1
1	2020	 94	22731	  4.1	 17.8	0.822	 1.4	 0.0
1	2020	 95	23294	  5.1	 21.2	0.819	 2.5	 0.0
1	2020	 96	22324	  6.3	 18.0	0.656	 2.9	 0.0
1	2020	 97	18650	  8.7	 20.2	0.773	 2.5	 0.0
1	2020	 98	23739	  6.2	 22.6	0.817	 2.5	 0.0
1	2020	 99	21634	  7.2	 22.8	0.846	 2.1	 0.0
1	2020	100	21522	  9.2	 23.4	0.965	 4.0	 0.0
1	2020	101	11065	  6.4	 14.1	0.851	 5.1	 7.4
1	2020	102	19533	  5.3	 15.1	0.779	 3.8	 2.4
1	2020	103	25278	  7.2	 21.0	0.597	 4.6	 0.0
1	2020	104	25183	  4.3	 22.3	0.704	 2.5	 0.0
1	2020	105	18432	 11.8	 22.5	0.778	 3.5	 0.0
1	2020	106	24428	 10.2	 25.3	1.062	 3.4	 0.0
1	2020	107	17817	 14.3	 24.8	1.146	 3.2	 1.6
1	2020	108	25794	  9.4	 23.7	0.851	 3.3	 0.0
1	2020	109	10329	  9.4	 18.6	1.007	 2.4	 6.1
1	2020	110	12134	 11.3	 17.4	1.222	 2.8	 4.6
1	2020	111	19577	 12.5	 19.7	0.794	 3.5	 0.0
1	2020	112	19983	  9.9	 19.9	0.922	 2.2	 0.1
1	2020	113	25982	  9.5	 17.4	0.559	 3.2	 0.2
1	2020	114	25086	  5.5	 19.7	0.572	 2.0	 0.0
1	2020	115	26729	  6.4	 22.8	0.557	 3.8	 0.0
1	2020	116	26966	 12.4	 25.6	0.625	 4.5	 0.0
1	2020	117	26047	 10.8	 23.9	0.820	 4.0	 0.0
1	2020	118	21814	 10.8	 21.1	0.758	 3.0	 2.0
1	2020	119	26962	  9.5	 24.1	0.776	 3.5	 0.0
1	2020	120	25682	 11.9	 29.8	1.275	 3.7	 0.0
1	2020	121	23578	 18.4	 33.3	1.782	 3.5	 0.0
1	2020	122	23867	 18.8	 30.1	1.938	 3.7	 0.7
1	2020	123	25347	 17.5	 32.0	2.218	 2.4	 0.0
1	2020	124	26405	 19.4	 36.3	2.022	 2.5	 0.0
1	2020	125	19862	 18.9	 28.6	1.794	 4.7	 0.0
1	2020	126	19538	 14.5	 22.1	1.330	 3.2	 2.5
1	2020	127	24331	 12.6	 24.4	1.397	 3.4	 0.0
1	2020	128	 7222	 17.1	 23.1	1.898	 3.6	10.3
1	2020	129	 4796	 14.9	 19.7	1.725	 4.6	15.1
1	2020	130	18941	 11.7	 21.1	1.389	 3.1	 2.9
1	2020	131	26452	 11.7	 25.8	1.580	 2.0	 0.0
1	2020	132	25753	 14.8	 23.2	1.042	 4.5	 0.0
1	2020	133	27736	 15.2	 27.1	1.041	 3.3	 0.0
1	2020	134	25776	 15.9	 29.9	1.291	 3.8	 0.0
1	2020	135	13048	 18.6	 26.1	1.766	 2.5	 1.0
1	2020	136	26636	 15.4	 29.1	1.807	 2.3	 0.0
1	2020	137	25530	 17.8	 30.8	1.752	 4.0	 0.0
1	2020	138	26491	 19.4	 33.6	1.870	 4.3	 1.5
1	2020	139	28005	 14.0	 25.0	0.851	 4.2	 0.1
1	2020	140	28173	 14.0	 30.0	0.957	 2.4	 0.0
1	2020	141	17279	 16.5	 30.3	1.301	 2.3	 0.0
1	2020	142	27572	 18.5	 32.1	1.385	 3.0	 0.0
1	2020	143	27237	 20.1	 33.6	1.671	 2.3	 0.0
1	2020	144	24601	 22.6	 35.4	1.763	 4.7	 2.0
1	2020	145	20300	 18.4	 29.7	1.378	 1.8	 0.0
1	2020	146	18726	 21.3	 29.1	1.413	 3.2	 0.0
1	2020	147	25575	 18.2	 29.5	1.460	 2.8	 0.0
1	2020	148	26909	 16.8	 32.8	1.202	 2.6	 0.0
1	2020	149	27961	 18.9	 34.7	1.212	 3.0	 0.0
1	2020	150	10597	 22.0	 29.9	1.528	 3.6	 0.1
1	2020	151	12334	 18.5	 24.1	1.667	 3.5	 0.2
1	2020	152	24056	 17.6	 33.4	1.960	 2.2	 0.0
1	2020	153	26095	 19.9	 34.5	1.912	 3.7	 0.2
1	2020	154	22473	 24.7	 34.0	1.475	 2.8	 0.0
1	2020	155	29300	 19.8	 36.5	1.032	 3.0	 0.0
1	2020	156	26328	 22.8	 37.2	1.602	 3.3	 0.0
1	2020	157	22488	 24.9	 36.4	1.957	 2.6	 0.0
1	2020	158	28567	 20.4	 35.8	1.597	 2.1	 0.0
1	2020	159	27815	 21.9	 36.3	1.549	 3.9	 0.0
1	2020	160	25518	 22.5	 35.0	1.674	 4.8	 0.0
1	2020	161	12250	 24.6	 30.3	2.259	 3.2	 1.5
1	2020	162	19618	 22.2	 31.7	2.565	 2.0	 3.8
1	2020	163	20492	 22.6	 33.5	2.300	 2.3	 1.1
1	2020	164	 7845	 20.9	 26.5	2.246	 3.6	13.6
1	2020	165	10433	 20.5	 27.4	2.393	 1.6	 0.3
1	2020	166	24846	 22.1	 33.5	2.651	 1.5	 0.2
1	2020	167	19593	 23.4	 33.7	2.544	 1.8	 1.7
1	2020	168	 5187	 18.7	 25.0	2.046	 3.4	26.3
1	2020	169	 2289	 18.1	 18.8	1.912	 3.6	41.6
1	2020	170	11366	 17.5	 23.9	2.039	 2.6	 8.9
1	2020	171	23235	 16.1	 27.5	2.033	 1.9	 0.3
1	2020	172	18448	 19.5	 28.3	2.252	 2.8	 0.2
1	2020	173	21346	 19.3	 28.2	2.258	 2.8	 0.2
1	2020	174	 8649	 20.6	 24.5	2.313	 3.1	10.0
1	2020	175	 4520	 21.2	 24.0	2.475	 2.4	 2.4
1	2020	176	27350	 19.4	 30.4	2.348	 2.0	 0.0
1	2020	177	26144	 21.3	 32.2	2.483	 2.8	 0.0
1	2020	178	20837	 23.1	 31.7	2.719	 2.6	 0.0
1	2020	179	20972	 23.8	 32.8	2.890	 2.4	 0.4
1	2020	180	 9033	 21.9	 26.5	2.537	 4.1	16.1
1	2020	181	23192	 21.3	 29.9	2.299	 2.9	 0.1
1	2020	182	17310	 21.9	 28.5	2.543	 2.3	 5.9
1	2020	183	18375	 20.7	 28.9	2.378	 2.1	 0.1
1	2020	184	16842	 22.8	 28.7	2.630	 2.8	 1.5
1	2020	185	17763	 21.3	 27.6	2.426	 2.5	 1.0
1	2020	186	15051	 20.4	 28.3	2.438	 2.7	 0.3
1	2020	187	23599	 22.4	 31.1	2.784	 2.7	 0.3
1	2020	188	26911	 23.7	 34.6	2.863	 2.1	 0.0
1	2020	189	25817	 24.2	 33.9	2.831	 2.2	 0.0
1	2020	190	26055	 23.7	 32.0	2.361	 3.2	 0.0
1	2020	191	23040	 22.1	 30.4	2.353	 2.8	 0.0
1	2020	192	24426	 21.0	 31.1	2.438	 2.3	 0.1
1	2020	193	10400	 21.8	 28.7	2.455	 5.0	16.9
1	2020	194	 4734	 21.2	 23.7	2.287	 4.1	23.9
1	2020	195	18779	 20.3	 27.5	2.322	 2.4	 0.2
1	2020	196	 7644	 21.1	 25.7	2.585	 0.7	 5.3
1	2020	197	21279	 20.5	 28.6	2.625	 1.4	 1.3
1	2020	198	23401	 20.3	 29.2	2.496	 2.2	 0.1
1	2020	199	 6919	 20.9	 24.4	2.419	 2.8	39.9
1	2020	200	 8970	 21.4	 26.9	2.587	 2.4	 2.1
1	2020	201	12393	 21.3	 26.1	2.429	 2.7	 2.9
1	2020	202	25872	 19.3	 30.3	2.457	 1.7	 0.0
1	2020	203	16223	 21.4	 28.6	2.608	 3.0	 1.8
1	2020	204	 3246	 21.1	 25.6	2.584	 4.5	97.2
1	2020	205	20498	 21.4	 28.3	2.493	 3.1	 0.0
1	2020	206	19810	 20.7	 28.9	2.443	 2.2	 0.2
1	2020	207	18042	 18.9	 29.5	2.572	 1.5	 0.2
1	2020	208	 5393	 21.4	 25.0	2.534	 1.8	 8.7
1	2020	209	16140	 20.1	 27.8	2.534	 1.9	 0.3
1	2020	210	17737	 20.5	 28.7	2.724	 2.0	 0.1
1	2020	211	14091	 23.3	 29.0	2.877	 2.3	 0.1
1	2020	212	16572	 23.5	 30.7	3.087	 2.9	 6.5
1	2020	213	14019	 23.5	 29.6	3.014	 2.4	23.1
1	2020	214	21419	 24.1	 32.6	3.359	 2.4	22.0
1	2020	215	 8594	 25.4	 31.0	3.487	 2.4	29.0
1	2020	216	20047	 25.6	 33.1	3.513	 3.0	 1.3
1	2020	217	18256	 26.8	 32.3	3.441	 2.8	 1.9
1	2020	218	17728	 25.3	 32.6	3.323	 1.7	 0.1
1	2020	219	12690	 25.7	 32.5	3.375	 2.5	28.0
1	2020	220	 4719	 25.1	 27.9	3.246	 2.2	15.1
1	2020	221	11874	 23.9	 29.3	3.043	 1.9	 0.9
1	2020	222	23173	 22.8	 31.3	2.970	 1.3	 0.0
1	2020	223	21470	 23.8	 32.2	3.169	 1.9	 0.1
1	2020	224	22354	 23.9	 32.1	3.202	 2.7	 2.7
1	2020	225	15172	 25.2	 31.8	3.431	 3.4	28.3
1	2020	226	18291	 26.6	 31.8	3.321	 4.4	 2.0
1	2020	227	17470	 26.1	 32.3	3.356	 3.6	 3.4
1	2020	228	20651	 26.6	 32.8	3.310	 3.2	 0.2
1	2020	229	20746	 26.2	 33.4	3.399	 2.3	 0.3
1	2020	230	21884	 26.1	 34.2	3.444	 2.0	 0.2
1	2020	231	22078	 26.3	 33.4	3.236	 2.2	 0.3
1	2020	232	18198	 24.3	 32.5	3.021	 2.0	 9.6
1	2020	233	 6043	 21.3	 25.2	2.592	 3.5	10.0
1	2020	234	 5990	 21.6	 24.7	2.545	 2.5	11.9
1	2020	235	12243	 21.5	 27.9	2.730	 2.0	 0.8
1	2020	236	18876	 23.0	 31.1	3.133	 2.6	 0.6
1	2020	237	16493	 23.7	 31.3	3.089	 3.5	 1.9
1	2020	238	20071	 21.1	 28.9	2.511	 2.9	 0.0
1	2020	239	 8685	 22.1	 26.9	2.557	 3.0	 2.0
1	2020	240	22975	 19.2	 28.7	2.251	 1.9	 0.0
1	2020	241	23152	 20.1	 30.4	2.448	 1.6	 0.0
1	2020	242	22482	 20.7	 30.9	2.653	 1.8	 0.0
1	2020	243	15368	 21.6	 29.8	2.844	 1.8	 0.1
1	2020	244	17231	 23.8	 30.7	2.931	 1.6	 0.5
1	2020	245	20602	 22.7	 30.2	2.568	 2.8	 0.2
1	2020	246	21415	 21.3	 29.2	2.095	 3.1	 1.1
1	2020	247	22084	 17.3	 28.7	1.706	 2.5	 0.0
1	2020	248	23091	 18.8	 30.6	1.840	 3.0	 0.0
1	2020	249	22050	 19.6	 31.8	1.949	 2.4	 0.0
1	2020	250	21232	 20.7	 31.7	2.043	 1.3	 0.0
1	2020	251	22384	 20.4	 32.2	2.013	 2.4	 0.0
1	2020	252	20885	 19.8	 31.6	2.151	 1.7	 0.2
1	2020	253	20615	 20.1	 31.4	2.180	 1.8	 0.0
1	2020	254	 7590	 19.9	 24.9	2.333	 1.4	13.2
1	2020	255	21057	 18.3	 27.0	1.961	 3.1	 0.0
1	2020	256	15305	 18.1	 25.7	1.882	 2.9	 0.1
1	2020	257	16817	 18.6	 26.5	2.101	 1.5	 0.5
1	2020	258	14563	 20.4	 27.2	2.277	 2.4	 1.1
1	2020	259	15943	 20.0	 27.7	2.282	 2.9	 0.9
1	2020	260	18003	 19.2	 30.0	1.854	 2.1	 0.0
1	2020	261	13575	 17.1	 26.2	1.438	 1.6	 0.0
1	2020	262	21528	 15.1	 28.5	1.466	 2.7	 0.0
1	2020	263	20925	 17.5	 29.1	1.424	 2.5	 0.0
1	2020	264	19311	 15.4	 28.4	1.627	 1.9	 0.0
1	2020	265	 5952	 18.8	 25.1	1.813	 2.1	 3.1
1	2020	266	12388	 17.7	 25.6	1.889	 1.5	 2.4
1	2020	267	12351	 19.0	 25.3	1.852	 1.4	 0.5
1	2020	268	17104	 17.3	 26.2	1.816	 1.2	 0.1
1	2020	269	15611	 16.5	 25.7	1.840	 1.8	 0.2
1	2020	270	15015	 16.3	 25.5	1.891	 2.3	 0.7
1	2020	271	18420	 15.6	 25.9	1.592	 2.5	 0.0
1	2020	272	14569	 16.0	 25.4	1.618	 2.1	 0.4
1	2020	273	14811	 17.8	 26.5	1.639	 1.9	 0.0
1	2020	274	12828	 17.4	 24.7	1.697	 2.5	 0.1
1	2020	275	12603	 17.3	 26.2	1.784	 2.9	 0.1
1	2020	276	 2614	 14.6	 20.3	1.717	 3.0	12.4
1	2020	277	 7898	 15.2	 21.2	1.274	 2.1	 0.6
1	2020	278	12017	 10.7	 17.0	0.720	 4.2	 0.0
1	2020	279	 6556	  7.7	 16.7	0.721	 2.1	 0.2
1	2020	280	 9595	  7.2	 17.5	0.859	 1.2	 0.0
1	2020	281	10679	 11.2	 19.8	0.917	 1.5	 0.0
1	2020	282	15781	 10.4	 22.4	1.215	 2.3	 0.0
1	2020	283	12037	 12.6	 21.9	1.395	 1.6	 0.0
1	2020	284	 6785	 12.9	 22.5	1.456	 1.9	 0.0
1	2020	285	 4564	 17.1	 21.3	1.588	 1.9	 1.0
1	2020	286	 4128	 15.7	 19.6	1.464	 2.5	 0.1
1	2020	287	 4985	 14.4	 19.2	1.380	 2.0	 0.8
1	2020	288	 2009	 13.5	 16.6	1.431	 3.5	 2.4
1	2020	289	 5685	 12.1	 17.9	1.500	 1.3	 3.0
1	2020	290	 9216	 11.5	 19.3	1.343	 2.1	 1.5
1	2020	291	14772	  6.2	 19.2	0.830	 1.7	 0.0
1	2020	292	14199	  6.6	 19.4	0.872	 1.8	 0.0
1	2020	293	15655	  8.3	 20.4	0.980	 1.6	 0.0
1	2020	294	11755	  7.6	 19.9	1.034	 2.0	 0.0
1	2020	295	15668	 10.4	 22.2	0.882	 2.9	 0.0
1	2020	296	15855	  7.2	 20.4	0.651	 2.2	 0.0
1	2020	297	15801	  6.1	 17.7	0.514	 2.3	 0.0
1	2020	298	15730	  4.1	 18.2	0.593	 2.1	 0.0
1	2020	299	12461	  8.1	 20.0	0.828	 2.5	 0.0
1	2020	300	13076	  9.8	 22.2	1.122	 1.5	 0.0
1	2020	301	 6819	 12.0	 19.3	1.128	 2.8	 0.0
1	2020	302	 9358	 11.0	 19.2	0.970	 2.5	 0.0
1	2020	303	 8806	 10.3	 19.4	1.167	 1.5	 0.1
1	2020	304	11593	  9.5	 20.0	1.162	 1.8	 0.0
1	2020	305	 5879	 13.3	 19.4	1.309	 2.6	 0.0
1	2020	306	12849	 11.5	 22.0	1.090	 2.4	 0.0
1	2020	307	13218	  7.6	 19.5	0.570	 3.0	 0.0
1	2020	308	12838	  4.5	 16.1	0.473	 1.7	 0.0
1	2020	309	13063	  6.7	 17.7	0.494	 3.2	 0.0
1	2020	310	 6662	  9.6	 17.8	0.913	 2.2	 0.0
1	2020	311	12560	 11.0	 22.0	1.054	 2.4	 0.0
1	2020	312	13297	  8.4	 21.6	0.572	 2.8	 0.0
1	2020	313	13049	  5.7	 18.6	0.567	 2.3	 0.0
1	2020	314	12806	  4.3	 18.2	0.603	 1.8	 0.0
1	2020	315	12477	  5.4	 19.4	0.729	 2.4	 0.0
1	2020	316	12116	  7.5	 19.7	0.762	 3.4	 0.0
1	2020	317	11836	  8.7	 20.2	0.932	 2.6	 0.0
1	2020	318	11807	  7.5	 19.9	1.000	 2.1	 0.0
1	2020	319	11582	  8.8	 18.9	1.091	 2.9	 0.0
1	2020	320	10739	  9.4	 19.4	1.226	 2.6	 0.0
1	2020	321	 8251	 11.0	 19.5	1.198	 3.3	 0.0
1	2020	322	 1617	 13.4	 17.9	1.652	 4.2	23.8
1	2020	323	 1223	 10.8	 18.0	1.536	 3.2	27.5
1	2020	324	 9596	  7.7	 16.0	1.009	 3.6	 0.0
1	2020	325	10992	  4.7	 11.1	0.701	 3.7	 0.0
1	2020	326	 1316	  5.1	  7.0	0.799	 3.8	10.2
1	2020	327	 4232	  3.9	  7.3	0.683	 3.9	 0.4
1	2020	328	 4439	  0.3	  5.4	0.472	 1.5	 0.0
1	2020	329	 7770	 -0.5	  6.7	0.548	 0.9	 0.0
1	2020	330	 6387	 -0.7	  8.1	0.670	 1.6	 0.5
1	2020	331	 1746	  4.9	  7.4	0.719	 2.1	 0.4
1	2020	332	 4902	  4.8	  8.9	0.690	 2.8	 0.0
1	2020	333	 4138	  0.3	  5.6	0.555	 1.8	 0.0
1	2020	334	 8919	 -1.4	  9.1	0.633	 1.3	 0.0
1	2020	335	 9667	  0.4	  8.2	0.590	 2.0	 0.0
1	2020	336	 3623	  1.2	  5.9	0.521	 2.8	 0.2
1	2020	337	 5409	 -1.4	  5.5	0.638	 2.3	 0.2
1	2020	338	 9882	 -0.9	  5.6	0.457	 3.0	 0.0
1	2020	339	10308	 -2.6	  6.0	0.424	 1.2	 0.0
1	2020	340	 9890	 -1.9	  7.6	0.430	 1.9	 0.0
1	2020	341	 9160	 -2.5	  9.2	0.534	 1.5	 0.0
1	2020	342	 9682	  1.2	  9.3	0.580	 2.8	 0.2
1	2020	343	 9848	 -1.9	  7.3	0.432	 2.5	 0.0
1	2020	344	 2095	  2.0	  6.7	0.616	 1.7	 0.0
1	2020	345	 8341	  1.1	  9.9	0.745	 1.7	 0.0
1	2020	346	 8216	 -0.6	 10.3	0.649	 1.4	 0.0
1	2020	347	 8896	 -2.2	 10.7	0.617	 1.9	 0.0
1	2020	348	 8453	 -0.8	  4.0	0.308	 5.7	 0.0
1	2020	349	10181	 -5.4	  1.2	0.181	 1.8	 0.0
1	2020	350	10106	 -6.2	  3.0	0.244	 2.0	 0.0
1	2020	351	 9849	 -5.8	  4.4	0.301	 1.5	 0.0
1	2020	352	 8783	 -4.3	  5.4	0.338	 1.7	 0.0
1	2020	353	 8761	 -3.0	  6.1	0.355	 2.7	 0.0
1	2020	354	 9227	 -5.3	  4.8	0.373	 1.5	 0.0
1	2020	355	 9953	 -3.3	  6.9	0.384	 2.2	 0.0
1	2020	356	10037	 -5.3	  7.6	0.377	 2.2	 0.0
1	2020	357	 9972	 -2.4	 10.0	0.421	 2.7	 0.0
1	2020	358	 8838	 -0.2	 11.3	0.545	 2.0	 0.0
1	2020	359	10072	 -2.9	  9.6	0.382	 2.1	 0.0
1	2020	360	 9510	 -2.6	  9.8	0.457	 2.4	 0.0
1	2020	361	 8356	 -1.0	 10.5	0.568	 2.0	 0.0
1	2020	362	 9882	 -0.4	 12.4	0.654	 1.9	 0.0
1	2020	363	 8318	  1.0	 13.2	0.766	 3.1	 1.0
1	2020	364	 3433	 -7.2	  4.7	0.378	 5.6	 7.2
1	2020	365	11001	 -8.9	 -3.0	0.144	 3.0	 0.0
1	2020	366	10550	 -8.9	  1.3	0.192	 2.2	 0.0
