*------------------------------------------------------------*
*   Country: China
*   Station: 116.0_34.2
*      Year: 2021
*    Origin: AgERA5 dataset
*    Author: Huang Hai, CAU
* Longitude: 116.00 E
*  Latitude: 34.20 N
* Elevation: 43.00 m
*   Columns: 
*   ======== 
*  station number
*  year
*  day
*  irradiation (kJ路m-2路d-1)
*  minimum temperature (degrees Celsius)
*  maximum temperature (degrees Celsius)
*  vapour pressure (kPa)
*  mean wind speed (m路s-1)
*  precipitation (mm路d-1)
** WCCDESCRIPTION=116.0_34.2, China
** WCCFORMAT=2
** WCCYEARNR=2021
*------------------------------------------------------------*
116.00  34.20  43.00  -0.18  -0.55
1	2021	  1	10705	 -5.8	  5.4	0.296	 2.8	 0.0
1	2021	  2	 9037	 -5.1	  7.3	0.471	 2.0	 0.0
1	2021	  3	 6835	 -3.5	  5.7	0.457	 1.9	 0.0
1	2021	  4	 8869	 -4.5	  6.9	0.510	 2.5	 0.0
1	2021	  5	 4816	 -4.7	  2.2	0.369	 2.5	 0.1
1	2021	  6	10670	 -7.1	  2.7	0.253	 3.8	 0.0
1	2021	  7	11472	-12.6	 -5.7	0.087	 2.7	 0.0
1	2021	  8	11444	 -9.2	  0.3	0.145	 2.8	 0.0
1	2021	  9	11421	 -8.3	  2.7	0.174	 2.1	 0.0
1	2021	 10	10016	 -6.4	  4.3	0.218	 1.9	 0.0
1	2021	 11	11482	 -4.7	  4.1	0.213	 3.6	 0.0
1	2021	 12	11463	 -3.5	 10.1	0.303	 4.1	 0.0
1	2021	 13	11447	  0.5	 13.7	0.445	 2.9	 0.0
1	2021	 14	11329	 -1.2	 15.0	0.564	 3.3	 0.0
1	2021	 15	 8870	  0.4	  9.5	0.406	 3.8	 0.0
1	2021	 16	 9764	 -3.8	  3.8	0.361	 1.7	 0.0
1	2021	 17	12053	 -4.3	  5.8	0.284	 3.5	 0.0
1	2021	 18	12146	 -2.8	 10.2	0.402	 2.6	 0.0
1	2021	 19	11962	 -0.9	 11.0	0.443	 3.8	 0.0
1	2021	 20	10079	 -1.7	 10.2	0.580	 1.5	 0.0
1	2021	 21	 5890	  0.8	  9.6	0.662	 1.5	 0.0
1	2021	 22	 8195	 -0.7	  9.4	0.701	 2.0	 0.0
1	2021	 23	12148	  0.5	  9.1	0.565	 1.8	 0.0
1	2021	 24	 8358	 -1.8	  8.2	0.592	 2.4	 0.0
1	2021	 25	  971	  2.7	  5.0	0.762	 2.8	 5.1
1	2021	 26	12316	 -1.4	 10.2	0.604	 2.8	 0.0
1	2021	 27	 9049	 -1.2	  9.7	0.692	 2.6	 0.0
1	2021	 28	13519	 -1.8	  7.2	0.278	 3.3	 0.0
1	2021	 29	12998	 -2.5	 12.0	0.437	 3.8	 0.0
1	2021	 30	12515	 -1.6	 14.0	0.529	 2.0	 0.0
1	2021	 31	12967	  0.1	 14.9	0.536	 2.8	 0.0
1	2021	 32	13025	  1.7	 13.8	0.484	 3.1	 0.0
1	2021	 33	13674	 -2.1	  8.8	0.422	 2.6	 0.0
1	2021	 34	13441	  0.3	 14.9	0.567	 3.1	 0.0
1	2021	 35	13786	 -0.7	 11.9	0.426	 2.7	 0.0
1	2021	 36	13512	  4.8	 15.8	0.577	 3.8	 0.0
1	2021	 37	13672	  3.8	 18.4	0.710	 3.4	 0.0
1	2021	 38	13261	  3.8	 12.6	0.610	 4.6	 0.0
1	2021	 39	12650	  0.1	  8.6	0.336	 2.6	 0.0
1	2021	 40	14390	 -0.9	 11.9	0.496	 3.0	 0.0
1	2021	 41	13253	  0.7	 14.9	0.668	 1.8	 0.0
1	2021	 42	14601	  0.6	 16.0	0.849	 2.8	 0.0
1	2021	 43	14273	  5.1	 16.7	1.008	 3.0	 0.0
1	2021	 44	 8732	  6.5	 16.2	1.034	 2.1	 0.0
1	2021	 45	11613	  7.6	 17.7	1.160	 2.5	10.3
1	2021	 46	11306	  2.4	  8.4	0.616	 3.3	 0.1
1	2021	 47	15818	  1.3	 12.8	0.525	 3.4	 0.0
1	2021	 48	15995	 -2.4	  8.2	0.308	 2.3	 0.0
1	2021	 49	15547	 -2.2	 12.7	0.496	 2.9	 0.0
1	2021	 50	16209	  5.2	 20.9	0.654	 4.6	 0.0
1	2021	 51	16678	  6.6	 22.6	0.620	 4.4	 0.0
1	2021	 52	16450	 11.3	 25.1	0.910	 4.6	 0.0
1	2021	 53	16584	  7.1	 17.8	0.628	 4.5	 0.0
1	2021	 54	14795	  3.9	 12.4	0.469	 5.0	 0.0
1	2021	 55	 4336	  3.1	  8.0	0.643	 4.5	 4.4
1	2021	 56	 2742	  1.1	  5.0	0.728	 4.4	12.5
1	2021	 57	10525	  3.1	 10.1	0.657	 3.3	 0.1
1	2021	 58	12500	  4.1	 12.4	0.678	 2.5	 0.0
1	2021	 59	 1858	  7.4	 10.9	1.089	 3.0	11.6
1	2021	 60	 8417	 -0.1	  8.7	0.733	 4.7	 3.6
1	2021	 61	18047	 -2.9	 11.3	0.649	 2.4	 0.0
1	2021	 62	16428	  3.6	 14.1	0.712	 3.6	 0.0
1	2021	 63	18088	  3.6	 17.7	0.939	 3.2	 0.0
1	2021	 64	14215	  7.6	 17.7	0.957	 2.8	 0.0
1	2021	 65	10433	  2.6	 11.3	0.566	 4.9	 0.1
1	2021	 66	16048	  0.9	  9.7	0.540	 1.5	 0.0
1	2021	 67	13935	  1.8	 12.8	0.755	 2.0	 1.5
1	2021	 68	 7501	  5.9	 12.2	0.981	 1.3	 0.6
1	2021	 69	10780	  5.4	 14.0	0.981	 2.2	 0.0
1	2021	 70	 3886	  8.3	 11.7	1.035	 1.8	 8.2
1	2021	 71	17667	  2.8	 14.6	0.931	 1.9	 0.0
1	2021	 72	11033	  7.2	 14.0	0.962	 1.7	 0.0
1	2021	 73	15104	  7.6	 17.5	1.133	 3.3	 0.1
1	2021	 74	10096	 12.7	 20.3	1.466	 3.2	 3.0
1	2021	 75	21147	  6.5	 15.8	0.612	 3.4	 0.0
1	2021	 76	18958	  4.4	 15.2	0.537	 2.9	 0.0
1	2021	 77	 6459	  7.5	 11.6	0.632	 3.5	 0.4
1	2021	 78	 3661	  6.2	  9.9	0.766	 2.6	 3.1
1	2021	 79	15290	  3.0	 13.7	0.853	 2.8	 0.4
1	2021	 80	21421	  5.4	 12.0	0.422	 3.5	 0.0
1	2021	 81	22296	  2.0	 16.1	0.503	 3.2	 0.0
1	2021	 82	19025	  5.7	 18.5	0.724	 4.7	 0.0
1	2021	 83	21511	  7.4	 21.1	1.006	 3.0	 0.0
1	2021	 84	21173	  7.1	 21.9	0.973	 3.1	 0.0
1	2021	 85	 8477	  9.6	 18.8	1.212	 1.8	 3.4
1	2021	 86	14202	  8.7	 19.3	1.361	 2.2	 0.8
1	2021	 87	22057	 11.5	 25.3	1.427	 3.6	 0.0
1	2021	 88	18764	 12.4	 20.6	0.886	 4.0	 0.0
1	2021	 89	21546	  8.7	 21.3	0.652	 3.8	 0.0
1	2021	 90	 3780	  9.0	 14.3	0.917	 3.9	11.9
1	2021	 91	 5428	 10.4	 14.2	1.023	 3.8	 0.2
1	2021	 92	 2301	 10.1	 12.5	1.219	 3.2	 3.4
1	2021	 93	 4745	  8.0	 12.2	1.013	 4.9	 2.5
1	2021	 94	23657	  3.2	 16.4	0.581	 2.7	 0.0
1	2021	 95	14793	  4.1	 16.8	0.732	 2.5	 0.0
1	2021	 96	21469	  5.3	 18.3	0.820	 1.2	 0.0
1	2021	 97	12212	  9.3	 18.1	1.032	 1.8	 0.0
1	2021	 98	22832	  6.0	 20.1	1.051	 1.9	 0.0
1	2021	 99	21187	  6.6	 20.3	0.966	 2.5	 0.0
1	2021	100	23471	  8.8	 20.4	0.772	 3.4	 0.0
1	2021	101	 7066	 11.1	 16.3	1.237	 2.9	 0.4
1	2021	102	20483	 10.2	 22.2	1.345	 2.0	 0.0
1	2021	103	17138	 12.3	 18.8	1.048	 3.3	 0.0
1	2021	104	22928	  9.4	 19.4	0.919	 2.4	 0.0
1	2021	105	20427	 10.2	 23.3	1.221	 4.2	 0.0
1	2021	106	22466	 12.0	 22.2	0.552	 3.5	 0.0
1	2021	107	26210	  7.2	 19.1	0.444	 3.2	 0.0
1	2021	108	23679	  6.9	 21.4	0.597	 3.2	 0.0
1	2021	109	25393	  8.4	 24.6	0.834	 2.8	 0.0
1	2021	110	 2784	 13.5	 16.1	1.352	 3.2	13.0
1	2021	111	 2649	 12.2	 15.1	1.479	 2.8	 9.6
1	2021	112	 9811	 13.0	 19.0	1.471	 2.8	 4.6
1	2021	113	20793	 10.3	 21.0	1.319	 3.8	 0.2
1	2021	114	 8883	 11.7	 18.0	1.273	 4.0	 0.1
1	2021	115	 5917	 12.6	 15.7	1.272	 3.2	 0.8
1	2021	116	10890	 10.8	 18.2	1.341	 1.9	 0.1
1	2021	117	24862	 10.7	 23.8	1.098	 2.7	 0.0
1	2021	118	24698	 14.6	 23.3	0.832	 3.8	 0.0
1	2021	119	23288	 13.0	 28.3	0.874	 5.4	 0.0
1	2021	120	24075	 11.5	 28.6	0.993	 4.5	 0.2
1	2021	121	26432	  9.2	 24.6	0.906	 2.5	 0.0
1	2021	122	23478	 12.0	 21.9	0.616	 4.0	 0.0
1	2021	123	 9399	 13.8	 19.1	1.276	 2.8	18.2
1	2021	124	25361	 11.3	 23.8	1.188	 3.9	 0.3
1	2021	125	26486	 11.6	 26.4	0.964	 3.2	 0.0
1	2021	126	24155	 14.9	 28.5	1.446	 5.8	 0.0
1	2021	127	25077	 16.5	 24.9	0.873	 3.7	 0.0
1	2021	128	27308	 14.5	 31.3	1.559	 3.8	 0.0
1	2021	129	25617	 18.5	 31.5	2.146	 3.5	 0.0
1	2021	130	24336	 19.1	 31.6	1.965	 3.1	 0.0
1	2021	131	22344	 16.6	 25.7	1.529	 3.0	 0.2
1	2021	132	25726	 14.7	 27.0	1.710	 2.0	 0.0
1	2021	133	10865	 16.8	 24.6	2.062	 2.9	 0.7
1	2021	134	 6760	 18.8	 23.4	2.253	 2.9	13.7
1	2021	135	 5723	 18.8	 22.1	2.266	 3.4	28.2
1	2021	136	 5851	 11.3	 19.4	1.241	 5.0	 9.1
1	2021	137	21664	 11.2	 22.9	1.301	 2.1	 0.0
1	2021	138	26084	 11.0	 24.4	1.503	 2.5	 0.0
1	2021	139	11378	 13.4	 22.2	1.718	 2.3	 0.1
1	2021	140	21978	 15.4	 25.3	1.764	 3.0	 0.0
1	2021	141	24481	 16.7	 27.8	2.013	 2.8	 0.1
1	2021	142	24782	 18.3	 29.5	2.129	 2.5	 0.0
1	2021	143	 7117	 16.6	 22.6	1.883	 2.9	 2.6
1	2021	144	28251	 14.3	 29.3	1.404	 3.9	 0.0
1	2021	145	22846	 16.7	 27.5	1.247	 4.0	 0.0
1	2021	146	21921	 19.2	 27.1	1.723	 4.5	 0.0
1	2021	147	27582	 15.0	 31.6	1.753	 4.7	 0.0
1	2021	148	29382	 20.6	 29.4	1.027	 3.6	 0.0
1	2021	149	26615	 19.1	 33.0	1.938	 4.0	 0.0
1	2021	150	27349	 19.0	 32.0	2.155	 1.6	 0.0
1	2021	151	26084	 20.2	 33.7	2.164	 2.5	 0.0
1	2021	152	20644	 21.8	 32.3	2.112	 2.5	 0.2
1	2021	153	23554	 23.0	 33.4	2.221	 2.7	 0.7
1	2021	154	 7249	 17.3	 25.7	1.795	 3.0	 5.8
1	2021	155	29436	 15.8	 32.4	1.143	 3.8	 0.0
1	2021	156	28325	 20.9	 35.9	1.343	 3.8	 0.1
1	2021	157	27552	 21.5	 36.1	1.684	 4.3	 0.0
1	2021	158	23496	 23.5	 37.7	1.245	 4.1	 0.0
1	2021	159	26073	 23.3	 36.4	1.501	 2.7	 0.0
1	2021	160	19224	 23.4	 33.4	2.030	 2.6	 0.0
1	2021	161	21544	 23.7	 32.9	2.104	 2.1	 0.0
1	2021	162	23888	 22.8	 33.9	2.067	 2.3	 0.0
1	2021	163	22107	 25.3	 36.0	2.258	 3.2	 0.0
1	2021	164	11006	 24.6	 29.2	2.872	 2.7	 6.4
1	2021	165	 9317	 23.9	 31.6	3.156	 3.0	64.9
1	2021	166	17800	 24.5	 30.9	2.892	 3.5	 6.0
1	2021	167	 9961	 21.9	 28.5	2.454	 2.6	 0.6
1	2021	168	 9642	 22.5	 27.5	2.580	 2.1	 4.1
1	2021	169	10882	 18.3	 25.6	1.980	 2.5	 0.2
1	2021	170	23261	 16.0	 29.7	1.923	 2.5	 0.0
1	2021	171	26952	 18.9	 31.5	1.982	 2.7	 0.0
1	2021	172	27806	 19.2	 32.3	2.095	 2.2	 0.0
1	2021	173	28080	 20.9	 33.3	2.135	 1.7	 0.0
1	2021	174	27099	 20.7	 33.9	1.837	 2.3	 0.0
1	2021	175	24912	 22.1	 33.6	1.988	 2.6	 0.0
1	2021	176	 9406	 23.4	 28.2	2.436	 2.6	 2.0
1	2021	177	22683	 20.7	 32.5	2.525	 2.2	 0.0
1	2021	178	25422	 21.1	 33.5	2.623	 2.1	 0.0
1	2021	179	25180	 22.8	 34.1	2.684	 1.9	 0.0
1	2021	180	23331	 24.7	 34.2	2.604	 2.0	 0.5
1	2021	181	25500	 25.3	 35.5	2.529	 3.3	 0.7
1	2021	182	22402	 23.1	 33.8	2.443	 2.7	 0.6
1	2021	183	21304	 24.5	 33.2	2.523	 3.4	 1.6
1	2021	184	25440	 22.1	 31.7	2.276	 3.0	 9.4
1	2021	185	23169	 22.9	 32.4	2.480	 2.9	 0.0
1	2021	186	19691	 22.3	 30.4	2.555	 2.2	 2.1
1	2021	187	12254	 22.9	 29.2	2.908	 2.1	 1.9
1	2021	188	10286	 24.1	 29.8	3.038	 1.6	 0.5
1	2021	189	24831	 22.6	 33.5	2.860	 2.3	 0.0
1	2021	190	25963	 23.8	 34.9	3.033	 3.2	 0.2
1	2021	191	23434	 25.7	 35.3	3.230	 3.7	 0.4
1	2021	192	10917	 28.2	 33.9	3.111	 5.3	 0.4
1	2021	193	17714	 25.5	 31.9	3.076	 5.9	21.7
1	2021	194	18905	 26.6	 34.1	3.121	 5.0	 0.2
1	2021	195	23603	 27.0	 34.7	3.169	 3.6	 5.9
1	2021	196	15063	 25.2	 32.5	2.957	 2.0	22.1
1	2021	197	 8371	 24.5	 26.6	2.980	 1.8	54.3
1	2021	198	13924	 24.0	 28.6	2.903	 2.9	 9.6
1	2021	199	15171	 23.7	 29.6	2.979	 4.3	18.3
1	2021	200	16789	 23.8	 30.7	2.949	 4.1	 2.2
1	2021	201	 7129	 24.7	 29.9	3.164	 4.1	 8.4
1	2021	202	 7017	 25.4	 29.2	3.043	 4.2	 2.4
1	2021	203	12582	 24.4	 29.1	2.813	 3.5	 0.1
1	2021	204	16549	 24.0	 29.8	3.045	 3.0	 2.4
1	2021	205	22286	 24.0	 30.8	2.854	 2.5	 0.2
1	2021	206	22620	 23.4	 31.7	2.885	 1.7	 0.0
1	2021	207	20148	 23.8	 30.9	2.966	 3.3	 0.3
1	2021	208	14145	 24.5	 30.8	3.039	 4.9	12.2
1	2021	209	 3594	 22.7	 24.4	2.776	 8.5	161.5
1	2021	210	 6315	 21.4	 24.7	2.451	 5.5	 9.6
1	2021	211	23332	 20.2	 31.4	2.870	 2.2	 0.2
1	2021	212	24929	 24.6	 33.8	3.369	 2.5	 0.5
1	2021	213	22608	 24.4	 33.5	3.032	 2.4	 6.7
1	2021	214	22971	 23.7	 31.3	2.775	 2.5	 2.2
1	2021	215	20731	 23.0	 30.4	2.949	 2.2	 2.5
1	2021	216	21380	 23.7	 31.5	3.169	 2.1	 0.6
1	2021	217	16070	 25.1	 31.4	3.201	 1.6	11.0
1	2021	218	21184	 23.6	 31.7	3.091	 2.0	 2.7
1	2021	219	21901	 23.9	 32.0	3.006	 1.8	 0.1
1	2021	220	23222	 22.3	 31.8	2.896	 1.2	 0.0
1	2021	221	19927	 23.7	 31.3	2.950	 1.8	 0.6
1	2021	222	18244	 20.8	 30.7	2.717	 1.5	 0.0
1	2021	223	16024	 22.8	 30.3	2.926	 2.4	 0.0
1	2021	224	12838	 24.3	 29.7	2.924	 2.5	 0.3
1	2021	225	 8381	 21.8	 25.6	2.599	 1.3	 7.0
1	2021	226	21833	 20.2	 28.7	2.485	 2.0	 0.1
1	2021	227	22427	 20.5	 29.3	2.489	 2.0	 0.0
1	2021	228	16735	 23.2	 29.2	2.825	 1.7	 1.5
1	2021	229	20985	 21.6	 30.0	2.768	 1.1	 0.1
1	2021	230	21519	 22.7	 30.3	2.712	 2.1	 0.2
1	2021	231	19825	 22.9	 30.7	2.764	 3.0	 0.2
1	2021	232	12287	 22.3	 28.8	2.761	 3.7	11.6
1	2021	233	21661	 19.4	 30.0	2.612	 1.4	 0.0
1	2021	234	 5742	 23.0	 27.4	2.891	 3.3	 9.8
1	2021	235	10628	 23.3	 27.9	2.651	 3.7	42.7
1	2021	236	21277	 21.6	 30.4	2.554	 2.5	 0.0
1	2021	237	21834	 19.5	 30.4	2.163	 2.9	 0.0
1	2021	238	 7880	 19.9	 24.9	2.147	 2.7	 6.3
1	2021	239	 6002	 18.7	 21.8	2.153	 1.3	 6.7
1	2021	240	 9457	 17.7	 24.5	2.396	 1.3	 6.1
1	2021	241	 3817	 20.9	 23.5	2.655	 2.7	15.1
1	2021	242	 5278	 21.8	 26.4	2.845	 2.3	33.7
1	2021	243	13013	 21.7	 27.0	2.791	 3.0	 0.5
1	2021	244	 5873	 20.2	 23.3	2.394	 2.5	 6.6
1	2021	245	12259	 20.3	 26.5	2.466	 1.9	 0.9
1	2021	246	17130	 18.8	 27.9	2.460	 2.2	 0.0
1	2021	247	 1627	 20.9	 23.2	2.498	 3.3	67.1
1	2021	248	 8095	 19.2	 23.5	2.251	 3.8	 0.4
1	2021	249	 5162	 20.4	 23.5	2.350	 3.6	 2.3
1	2021	250	16865	 17.4	 25.4	2.085	 2.1	 0.0
1	2021	251	22252	 15.8	 27.3	2.086	 2.4	 0.0
1	2021	252	20985	 19.3	 29.2	2.386	 3.2	 0.0
1	2021	253	21743	 20.6	 30.8	2.652	 2.5	 0.0
1	2021	254	21975	 20.5	 31.5	2.550	 2.2	 0.0
1	2021	255	21387	 21.2	 30.6	2.532	 2.5	 0.0
1	2021	256	21325	 18.9	 29.0	2.268	 2.6	 0.0
1	2021	257	20780	 17.6	 29.7	2.300	 2.1	 0.0
1	2021	258	19887	 19.7	 28.9	2.120	 1.8	 0.0
1	2021	259	19652	 18.3	 29.2	2.148	 2.1	 0.0
1	2021	260	10334	 21.2	 26.7	2.269	 3.0	 0.1
1	2021	261	 6680	 21.4	 26.3	2.431	 3.0	 3.7
1	2021	262	 8180	 17.0	 26.5	2.287	 3.8	32.4
1	2021	263	11143	 16.8	 24.7	1.892	 3.8	 2.2
1	2021	264	20586	 20.5	 29.7	2.106	 3.5	 0.0
1	2021	265	18866	 19.8	 30.7	2.456	 2.1	 0.0
1	2021	266	19209	 20.9	 31.3	2.362	 3.0	 0.0
1	2021	267	 7663	 22.9	 28.9	2.420	 4.5	10.4
1	2021	268	 3503	 21.1	 25.1	2.438	 3.9	38.2
1	2021	269	 8986	 20.5	 25.3	2.490	 2.3	14.0
1	2021	270	 6762	 19.9	 23.7	2.211	 2.8	 0.3
1	2021	271	 5128	 17.7	 22.3	2.157	 2.5	 8.6
1	2021	272	19344	 13.7	 25.6	1.853	 1.5	 0.1
1	2021	273	19064	 16.5	 27.6	1.999	 3.0	 0.0
1	2021	274	17633	 18.4	 28.2	2.345	 1.9	 0.0
1	2021	275	17654	 19.6	 30.0	2.371	 2.8	 0.0
1	2021	276	14813	 22.0	 31.7	2.493	 3.8	 0.0
1	2021	277	13680	 18.7	 30.0	2.419	 3.9	 2.1
1	2021	278	 5442	 15.1	 18.5	1.579	 5.3	 1.1
1	2021	279	 2587	 13.1	 16.5	1.495	 4.5	 3.1
1	2021	280	 2646	 12.7	 14.3	1.368	 4.0	 0.6
1	2021	281	 3235	 13.4	 17.2	1.574	 2.8	 0.3
1	2021	282	 7313	 15.5	 23.1	1.875	 2.8	 3.5
1	2021	283	 4048	 15.0	 18.0	1.127	 5.2	 3.8
1	2021	284	 9125	 13.4	 17.8	0.872	 3.4	 0.1
1	2021	285	15640	 13.4	 20.2	1.021	 2.8	 0.0
1	2021	286	16530	 11.5	 22.4	1.241	 1.9	 0.0
1	2021	287	13166	 14.0	 24.1	1.413	 3.6	 0.0
1	2021	288	 3509	 14.7	 17.9	1.613	 3.2	 2.6
1	2021	289	10740	  6.9	 15.7	0.725	 4.8	 0.3
1	2021	290	17083	  3.4	 13.9	0.553	 2.0	 0.0
1	2021	291	15902	  7.2	 17.8	0.840	 2.9	 0.0
1	2021	292	 8855	  9.0	 16.6	1.020	 2.9	 0.0
1	2021	293	 5975	 10.1	 13.2	0.985	 1.9	 0.1
1	2021	294	12870	  9.3	 16.9	1.087	 2.1	 0.1
1	2021	295	15653	  5.2	 18.5	0.884	 1.8	 0.0
1	2021	296	14387	  6.2	 18.4	0.901	 1.6	 0.0
1	2021	297	12598	  6.8	 18.4	0.928	 1.7	 0.2
1	2021	298	15133	  6.0	 19.6	0.988	 2.1	 0.0
1	2021	299	12641	  8.2	 20.4	1.140	 1.4	 0.0
1	2021	300	12507	  9.5	 20.2	1.233	 2.0	 0.0
1	2021	301	12447	 11.2	 21.1	1.249	 1.7	 0.0
1	2021	302	11821	 10.4	 21.2	1.265	 2.3	 0.0
1	2021	303	13977	 10.5	 22.5	1.279	 2.4	 0.0
1	2021	304	10635	 10.8	 22.0	1.310	 2.2	 0.0
1	2021	305	 9169	 11.2	 18.5	1.243	 2.9	 0.0
1	2021	306	 8444	 11.2	 19.2	1.302	 2.3	 0.3
1	2021	307	11672	  9.6	 20.6	1.272	 1.7	 0.1
1	2021	308	10435	  9.4	 21.1	1.278	 2.4	 0.0
1	2021	309	 8072	 12.7	 20.6	1.558	 2.6	 0.1
1	2021	310	 2917	 15.4	 18.2	1.732	 2.3	 1.9
1	2021	311	 2331	  0.4	 15.7	0.684	 6.4	23.1
1	2021	312	13743	 -0.6	  8.8	0.403	 3.0	 0.0
1	2021	313	13212	  0.4	 12.6	0.482	 3.1	 0.0
1	2021	314	12781	  3.4	 14.0	0.531	 2.8	 0.0
1	2021	315	12770	  4.4	 14.7	0.551	 2.5	 0.0
1	2021	316	12486	  3.1	 15.3	0.649	 2.2	 0.0
1	2021	317	12610	  3.3	 15.9	0.588	 2.9	 0.0
1	2021	318	12419	  2.5	 16.9	0.651	 2.2	 0.0
1	2021	319	11409	  6.7	 17.8	0.806	 1.7	 0.0
1	2021	320	11540	  5.9	 17.3	0.931	 2.4	 0.0
1	2021	321	 8101	  7.6	 17.7	1.042	 2.6	 0.0
1	2021	322	11623	  7.5	 19.0	0.979	 3.3	 0.0
1	2021	323	11150	  7.1	 18.7	1.110	 1.9	 0.0
1	2021	324	 6349	  7.8	 17.0	1.195	 3.0	 3.1
1	2021	325	 6555	  5.6	 13.0	0.707	 4.1	 0.0
1	2021	326	11983	 -1.5	  6.3	0.213	 3.2	 0.0
1	2021	327	11595	 -2.0	 10.2	0.335	 2.9	 0.0
1	2021	328	11305	  3.0	 15.6	0.509	 3.3	 0.0
1	2021	329	11250	  0.0	 15.6	0.542	 1.6	 0.0
1	2021	330	10921	  0.6	 15.6	0.597	 2.0	 0.0
1	2021	331	10568	  3.2	 14.2	0.744	 3.0	 0.0
1	2021	332	 8128	  5.3	 14.2	0.909	 2.4	 0.0
1	2021	333	 7466	  3.8	 14.5	0.941	 3.0	 2.6
1	2021	334	10887	 -1.1	  8.6	0.459	 3.7	 0.0
1	2021	335	10824	 -3.4	  8.8	0.327	 1.8	 0.0
1	2021	336	10757	 -0.4	 11.9	0.377	 3.2	 0.0
1	2021	337	10591	  0.5	 12.6	0.429	 2.0	 0.0
1	2021	338	10263	  0.0	 14.1	0.471	 2.2	 0.0
1	2021	339	10407	  0.9	 14.5	0.518	 2.6	 0.0
1	2021	340	10203	  2.3	 13.1	0.519	 3.8	 0.0
1	2021	341	 8689	  1.9	 10.6	0.565	 2.8	 0.0
1	2021	342	 6960	  2.9	 11.5	0.678	 2.0	 0.0
1	2021	343	 9728	  2.3	 13.3	0.809	 1.8	 0.0
1	2021	344	 8770	  1.2	 14.0	0.813	 2.0	 0.0
1	2021	345	 3846	  6.7	 11.2	0.842	 1.5	 0.4
1	2021	346	 7415	 -0.1	  8.3	0.548	 3.2	 0.0
1	2021	347	 9901	 -2.4	  9.1	0.486	 2.7	 0.0
1	2021	348	 9634	  3.4	 13.0	0.812	 3.4	 0.0
1	2021	349	 7659	  1.4	 13.3	0.902	 1.5	 0.0
1	2021	350	 8178	  2.4	 12.4	0.613	 3.2	 0.0
1	2021	351	 9940	 -4.5	  3.5	0.291	 3.3	 0.0
1	2021	352	 8930	 -4.5	  8.4	0.300	 3.2	 0.0
1	2021	353	 9946	 -1.7	 12.2	0.419	 3.2	 0.0
1	2021	354	 9894	  3.0	 14.4	0.516	 3.5	 0.0
1	2021	355	10052	 -0.6	 13.5	0.538	 1.8	 0.0
1	2021	356	 9869	 -1.1	 13.4	0.658	 2.0	 0.0
1	2021	357	 6677	  0.2	  9.5	0.771	 2.9	 0.1
1	2021	358	 3980	 -3.9	  6.1	0.501	 5.2	 0.4
1	2021	359	 9769	 -6.9	 -1.6	0.207	 3.8	 0.0
1	2021	360	10515	 -8.1	 -0.8	0.197	 2.1	 0.0
1	2021	361	10424	 -6.8	  3.8	0.253	 2.5	 0.0
1	2021	362	10059	 -3.6	  7.0	0.327	 3.5	 0.0
1	2021	363	10498	 -3.4	  7.6	0.256	 3.0	 0.0
1	2021	364	10312	 -4.5	  8.2	0.318	 1.8	 0.0
1	2021	365	 7348	 -3.8	  7.9	0.375	 2.2	 0.0
