*------------------------------------------------------------*
*   Country: China
*   Station: 116.2_33.8
*      Year: 2021
*    Origin: AgERA5 dataset
*    Author: Huang Hai, CAU
* Longitude: 116.20 E
*  Latitude: 33.80 N
* Elevation: 32.00 m
*   Columns: 
*   ======== 
*  station number
*  year
*  day
*  irradiation (kJ路m-2路d-1)
*  minimum temperature (degrees Celsius)
*  maximum temperature (degrees Celsius)
*  vapour pressure (kPa)
*  mean wind speed (m路s-1)
*  precipitation (mm路d-1)
** WCCDESCRIPTION=116.2_33.8, China
** WCCFORMAT=2
** WCCYEARNR=2021
*------------------------------------------------------------*
116.20  33.80  32.00  -0.18  -0.55
1	2021	  1	10787	 -5.9	  6.0	0.323	 2.8	 0.0
1	2021	  2	 8812	 -5.8	  6.9	0.454	 1.9	 0.0
1	2021	  3	 7285	 -3.5	  6.9	0.499	 2.0	 0.0
1	2021	  4	 7870	 -3.5	  7.3	0.564	 2.4	 0.0
1	2021	  5	 3826	 -3.5	  1.7	0.375	 2.4	 0.2
1	2021	  6	 9864	 -6.3	  3.4	0.271	 3.5	 0.0
1	2021	  7	11433	-11.3	 -5.5	0.095	 2.9	 0.0
1	2021	  8	11590	 -8.8	  0.5	0.151	 2.8	 0.0
1	2021	  9	11554	 -8.6	  2.7	0.180	 2.1	 0.0
1	2021	 10	 9234	 -6.0	  4.3	0.242	 1.5	 0.0
1	2021	 11	11631	 -5.6	  4.4	0.221	 3.6	 0.0
1	2021	 12	11575	 -3.6	 10.5	0.317	 4.5	 0.0
1	2021	 13	11547	  1.4	 13.9	0.479	 3.5	 0.0
1	2021	 14	11431	 -0.5	 15.3	0.562	 3.3	 0.0
1	2021	 15	10300	  1.1	 10.6	0.407	 4.0	 0.0
1	2021	 16	 8762	 -4.1	  3.6	0.350	 2.1	 0.0
1	2021	 17	12088	 -4.5	  5.8	0.298	 3.3	 0.0
1	2021	 18	12206	 -2.0	 10.7	0.426	 2.8	 0.0
1	2021	 19	12158	 -0.8	 11.4	0.443	 3.8	 0.0
1	2021	 20	 9980	 -1.2	 10.9	0.599	 1.5	 0.4
1	2021	 21	 6437	  2.1	 10.6	0.719	 1.4	 0.0
1	2021	 22	 5109	  0.7	  8.6	0.739	 1.9	 0.2
1	2021	 23	11291	  0.4	  9.0	0.603	 1.9	 1.6
1	2021	 24	10167	 -2.1	  8.5	0.630	 2.6	 0.0
1	2021	 25	  806	  3.4	  5.6	0.810	 3.0	 5.3
1	2021	 26	12428	 -0.3	 10.1	0.652	 2.9	 0.1
1	2021	 27	 9795	 -1.2	  9.5	0.696	 1.9	 0.0
1	2021	 28	13581	 -1.8	  7.7	0.360	 3.1	 0.0
1	2021	 29	13252	 -2.5	 11.7	0.422	 3.6	 0.0
1	2021	 30	12371	 -0.4	 13.6	0.579	 1.9	 0.0
1	2021	 31	12871	  0.0	 15.1	0.648	 2.7	 0.0
1	2021	 32	11730	  2.8	 13.5	0.605	 2.9	 0.0
1	2021	 33	13626	 -1.6	  9.3	0.499	 2.6	 0.0
1	2021	 34	13590	  0.2	 14.9	0.640	 3.1	 0.0
1	2021	 35	14049	 -0.1	 11.8	0.455	 2.6	 0.0
1	2021	 36	13142	  4.5	 15.1	0.686	 3.5	 0.0
1	2021	 37	13242	  4.3	 18.0	0.828	 3.6	 0.0
1	2021	 38	13994	  3.6	 14.3	0.706	 4.1	 0.0
1	2021	 39	12282	  1.0	  8.6	0.401	 3.0	 0.0
1	2021	 40	14505	 -0.5	 11.8	0.511	 2.8	 0.0
1	2021	 41	11838	  0.6	 14.2	0.663	 1.9	 0.0
1	2021	 42	14505	  1.6	 15.8	0.896	 2.8	 0.0
1	2021	 43	14104	  4.6	 16.1	1.002	 2.8	 0.0
1	2021	 44	 9201	  7.1	 16.1	1.070	 2.1	 0.0
1	2021	 45	10648	  7.0	 17.5	1.144	 2.7	 9.3
1	2021	 46	10277	  3.2	  8.7	0.676	 3.1	 0.0
1	2021	 47	15479	  0.8	 13.9	0.563	 2.9	 0.0
1	2021	 48	16126	 -1.7	  8.4	0.350	 2.4	 0.0
1	2021	 49	15960	 -2.1	 12.5	0.492	 2.6	 0.0
1	2021	 50	16298	  4.7	 20.0	0.736	 4.8	 0.0
1	2021	 51	16726	  7.7	 22.1	0.819	 4.4	 0.0
1	2021	 52	16617	 11.6	 24.2	0.958	 4.9	 0.0
1	2021	 53	16814	  7.4	 18.5	0.732	 4.7	 0.0
1	2021	 54	14549	  4.0	 12.7	0.482	 5.4	 0.0
1	2021	 55	 6750	  2.9	 10.4	0.657	 4.6	 0.9
1	2021	 56	 2484	  2.8	  6.6	0.749	 4.9	 8.9
1	2021	 57	 7301	  3.2	  8.7	0.656	 3.5	 1.2
1	2021	 58	 9601	  4.2	 12.3	0.718	 2.5	 0.0
1	2021	 59	 2641	  7.6	 12.2	1.119	 2.5	 7.9
1	2021	 60	 5883	  0.1	  9.7	0.772	 4.6	 2.8
1	2021	 61	18420	 -3.2	 11.0	0.619	 1.9	 0.0
1	2021	 62	16332	  3.5	 13.7	0.702	 3.2	 0.0
1	2021	 63	18382	  3.2	 17.3	0.913	 2.8	 0.0
1	2021	 64	13181	  7.0	 17.4	0.953	 2.9	 0.0
1	2021	 65	10073	  3.9	 11.5	0.659	 4.6	 0.2
1	2021	 66	16682	  1.6	 10.1	0.559	 1.8	 0.0
1	2021	 67	12188	  2.1	 12.4	0.808	 2.0	 4.0
1	2021	 68	 6010	  7.0	 11.9	1.016	 1.6	 1.1
1	2021	 69	10641	  6.3	 13.8	0.980	 2.3	 0.0
1	2021	 70	 3974	  8.0	 11.3	1.039	 1.8	 8.0
1	2021	 71	16989	  4.1	 14.0	0.943	 1.6	 0.0
1	2021	 72	 8825	  6.7	 13.6	0.964	 1.7	 0.0
1	2021	 73	15908	  6.9	 17.8	1.140	 3.1	 0.0
1	2021	 74	 7256	 12.6	 20.2	1.487	 2.5	 5.6
1	2021	 75	19068	  8.2	 15.9	0.834	 3.5	 0.1
1	2021	 76	13036	  5.3	 13.1	0.593	 3.1	 0.0
1	2021	 77	 6839	  7.5	 11.1	0.696	 3.7	 0.6
1	2021	 78	 3070	  6.3	  9.7	0.809	 2.5	 5.0
1	2021	 79	14569	  3.8	 13.2	0.892	 2.8	 0.4
1	2021	 80	20756	  4.2	 12.3	0.500	 3.4	 0.0
1	2021	 81	22454	  1.8	 15.7	0.548	 3.1	 0.0
1	2021	 82	19316	  5.2	 18.0	0.712	 4.2	 0.0
1	2021	 83	21960	  7.4	 20.6	0.951	 3.2	 0.0
1	2021	 84	21775	  6.8	 21.6	1.001	 3.2	 0.0
1	2021	 85	11721	  9.3	 18.9	1.221	 2.0	 7.5
1	2021	 86	13238	 10.6	 18.8	1.388	 2.3	 0.8
1	2021	 87	22352	 11.2	 24.6	1.554	 3.6	 0.0
1	2021	 88	19694	 11.9	 21.7	1.201	 3.7	 0.0
1	2021	 89	20646	  9.0	 20.7	0.710	 4.4	 0.0
1	2021	 90	 2846	  8.2	 14.9	0.993	 4.5	23.2
1	2021	 91	 5114	 10.3	 13.7	1.123	 3.9	 0.1
1	2021	 92	 3700	 10.1	 12.4	1.256	 3.2	 2.2
1	2021	 93	 4547	  8.5	 12.1	1.052	 4.6	 1.9
1	2021	 94	23688	  3.6	 15.7	0.631	 2.9	 0.0
1	2021	 95	14751	  3.8	 16.2	0.787	 2.3	 0.0
1	2021	 96	22084	  6.0	 18.2	0.850	 1.4	 0.0
1	2021	 97	 7707	  9.3	 16.1	1.080	 1.5	 0.1
1	2021	 98	23765	  6.8	 19.1	1.081	 1.6	 0.0
1	2021	 99	21661	  6.2	 19.7	0.951	 2.5	 0.0
1	2021	100	23804	  8.5	 19.4	0.826	 3.5	 0.0
1	2021	101	 5589	 11.6	 16.2	1.276	 2.7	 0.0
1	2021	102	18464	 10.3	 21.8	1.379	 2.0	 0.0
1	2021	103	13290	 11.4	 18.4	1.172	 3.4	 0.8
1	2021	104	22114	 10.2	 18.4	0.993	 2.4	 0.0
1	2021	105	18677	 10.2	 21.8	1.306	 3.6	 0.0
1	2021	106	20453	 12.4	 21.6	0.793	 2.9	 0.0
1	2021	107	26317	  8.1	 19.2	0.552	 3.1	 0.0
1	2021	108	22734	  6.2	 20.5	0.666	 2.6	 0.0
1	2021	109	25730	  7.5	 23.8	0.877	 2.5	 0.0
1	2021	110	 3849	 13.9	 16.5	1.354	 3.3	14.9
1	2021	111	 3587	 13.1	 16.4	1.527	 2.8	12.2
1	2021	112	 9873	 13.7	 19.6	1.542	 2.7	 4.6
1	2021	113	22842	 10.8	 21.5	1.372	 3.5	 0.2
1	2021	114	10518	 12.7	 17.8	1.308	 3.8	 0.1
1	2021	115	 7682	 13.2	 16.3	1.302	 3.0	 0.1
1	2021	116	 8912	 10.4	 17.1	1.348	 1.8	 0.8
1	2021	117	24073	 10.0	 23.5	1.246	 2.3	 0.0
1	2021	118	22038	 12.7	 22.7	0.981	 3.4	 0.0
1	2021	119	23119	 14.1	 27.4	1.027	 5.5	 0.1
1	2021	120	24725	 11.9	 28.6	1.136	 4.9	 1.0
1	2021	121	26698	  9.2	 24.4	0.978	 2.3	 0.0
1	2021	122	24442	 12.4	 22.1	0.662	 4.7	 0.0
1	2021	123	15709	 13.5	 24.4	1.395	 3.2	24.8
1	2021	124	25734	 13.0	 24.2	1.319	 3.9	 4.7
1	2021	125	23396	 12.9	 25.4	1.156	 2.8	 0.0
1	2021	126	22798	 14.4	 26.9	1.501	 5.6	 0.0
1	2021	127	23001	 15.3	 23.9	1.093	 3.3	 0.0
1	2021	128	27369	 13.9	 29.7	1.758	 3.6	 0.0
1	2021	129	26143	 18.6	 31.2	2.198	 3.5	 0.0
1	2021	130	25207	 18.3	 31.9	2.083	 2.5	 0.0
1	2021	131	19913	 15.9	 25.8	1.578	 3.1	 0.7
1	2021	132	23984	 15.2	 26.8	1.775	 1.9	 0.0
1	2021	133	 9380	 17.2	 24.1	2.112	 2.9	 1.1
1	2021	134	 6031	 19.3	 24.1	2.397	 2.5	13.2
1	2021	135	 3818	 19.5	 21.9	2.325	 3.1	21.5
1	2021	136	 7287	 12.2	 20.6	1.301	 4.8	 6.6
1	2021	137	20773	 11.2	 22.7	1.342	 1.9	 0.0
1	2021	138	22425	 11.4	 24.0	1.511	 2.2	 0.0
1	2021	139	11685	 13.5	 22.5	1.776	 2.0	 2.8
1	2021	140	20378	 15.1	 25.1	1.730	 2.4	 0.0
1	2021	141	24615	 16.3	 27.4	1.980	 2.6	 0.0
1	2021	142	24978	 18.0	 29.5	2.140	 2.5	 0.1
1	2021	143	 6437	 16.7	 22.9	1.953	 2.8	 1.3
1	2021	144	28107	 14.4	 29.1	1.544	 3.6	 0.0
1	2021	145	21789	 17.9	 27.9	1.365	 3.9	 0.0
1	2021	146	19399	 18.4	 25.8	1.741	 4.2	 0.1
1	2021	147	25991	 15.4	 30.8	1.913	 4.6	 0.0
1	2021	148	29405	 19.8	 29.5	1.191	 3.4	 0.0
1	2021	149	24825	 18.6	 31.6	1.984	 4.0	 0.0
1	2021	150	27595	 19.3	 32.1	2.112	 2.5	 0.0
1	2021	151	26300	 19.7	 33.8	2.188	 2.2	 0.0
1	2021	152	23781	 21.6	 33.2	2.148	 2.7	 0.0
1	2021	153	23105	 22.9	 32.9	2.247	 2.5	 0.0
1	2021	154	 5690	 18.1	 26.8	1.923	 3.0	 2.0
1	2021	155	29448	 15.5	 32.3	1.219	 4.1	 0.0
1	2021	156	28415	 20.5	 35.7	1.463	 4.7	 0.6
1	2021	157	28516	 21.1	 36.1	1.537	 4.2	 0.0
1	2021	158	25660	 22.0	 37.7	1.384	 3.8	 0.0
1	2021	159	24486	 23.1	 36.8	1.547	 2.7	 0.0
1	2021	160	20892	 22.9	 34.5	1.997	 2.5	 0.0
1	2021	161	20913	 23.0	 33.4	2.030	 1.5	 0.0
1	2021	162	24003	 21.9	 35.3	2.001	 1.5	 0.0
1	2021	163	21123	 24.9	 35.6	2.386	 3.1	 0.0
1	2021	164	 8412	 24.6	 28.7	2.953	 2.5	14.9
1	2021	165	11278	 23.9	 32.6	3.156	 3.0	53.7
1	2021	166	16244	 24.8	 31.8	2.930	 3.3	 9.5
1	2021	167	10822	 22.1	 28.8	2.459	 2.7	 3.6
1	2021	168	10463	 23.0	 27.9	2.573	 2.0	10.3
1	2021	169	 7274	 18.9	 25.8	2.069	 2.0	 1.4
1	2021	170	22068	 16.1	 28.9	1.979	 2.2	 0.1
1	2021	171	25374	 18.6	 30.8	2.069	 2.2	 0.0
1	2021	172	26559	 18.6	 31.6	2.195	 1.8	 0.0
1	2021	173	28413	 21.1	 33.2	2.064	 1.8	 0.0
1	2021	174	26403	 20.2	 33.4	1.825	 2.5	 0.0
1	2021	175	25508	 22.7	 33.7	2.007	 2.9	 0.0
1	2021	176	 8314	 23.1	 28.0	2.436	 2.6	 3.8
1	2021	177	22179	 21.2	 31.9	2.564	 2.1	 0.3
1	2021	178	24708	 21.3	 32.9	2.666	 2.1	 0.0
1	2021	179	25450	 22.8	 33.3	2.715	 2.0	 0.0
1	2021	180	25189	 23.9	 33.9	2.649	 1.7	 0.4
1	2021	181	25295	 25.0	 35.2	2.574	 3.0	 0.3
1	2021	182	24562	 23.4	 34.4	2.466	 2.7	 0.1
1	2021	183	20640	 24.4	 32.6	2.580	 3.9	 4.6
1	2021	184	26825	 22.4	 30.9	2.373	 3.5	30.6
1	2021	185	23843	 21.4	 31.3	2.474	 2.5	 0.0
1	2021	186	14294	 21.8	 28.2	2.647	 2.0	 6.9
1	2021	187	 7602	 23.1	 26.2	2.984	 1.6	26.4
1	2021	188	 7284	 24.2	 27.6	3.091	 1.5	 5.7
1	2021	189	20811	 22.6	 31.9	2.937	 2.3	 0.0
1	2021	190	24150	 23.5	 33.6	3.063	 3.3	 0.0
1	2021	191	22823	 25.5	 33.2	3.300	 3.7	 1.0
1	2021	192	15348	 27.3	 34.1	3.318	 4.6	 0.0
1	2021	193	15313	 26.2	 30.9	3.071	 5.5	13.4
1	2021	194	20055	 25.5	 33.2	3.163	 5.1	 1.5
1	2021	195	23183	 26.8	 34.2	3.282	 3.6	 0.5
1	2021	196	16634	 25.6	 32.5	3.006	 2.0	10.5
1	2021	197	 6083	 24.8	 28.3	2.988	 1.4	26.9
1	2021	198	10786	 23.7	 29.0	2.857	 3.3	19.2
1	2021	199	17136	 23.9	 30.0	2.982	 4.5	 9.7
1	2021	200	18564	 24.4	 31.0	3.005	 4.2	 2.3
1	2021	201	10287	 25.2	 31.0	3.193	 4.2	 2.0
1	2021	202	13347	 25.8	 30.5	2.980	 4.6	 0.2
1	2021	203	14278	 24.3	 29.6	2.837	 3.7	 0.3
1	2021	204	18626	 24.1	 30.3	3.058	 3.5	 1.7
1	2021	205	23066	 24.2	 30.8	2.869	 3.0	 0.1
1	2021	206	22060	 23.6	 31.3	2.927	 2.2	 0.0
1	2021	207	17417	 24.7	 30.3	2.998	 3.9	 1.0
1	2021	208	15295	 24.5	 30.4	3.066	 6.0	24.5
1	2021	209	 3055	 22.7	 24.6	2.824	 7.7	107.6
1	2021	210	 7907	 22.1	 25.7	2.470	 4.9	 3.8
1	2021	211	24873	 20.4	 31.7	2.901	 2.3	 0.0
1	2021	212	24689	 24.8	 33.7	3.309	 2.1	 0.1
1	2021	213	24712	 24.7	 33.6	3.142	 2.2	 3.5
1	2021	214	20832	 23.6	 31.4	3.010	 2.3	 8.8
1	2021	215	19688	 24.0	 31.0	3.137	 2.3	 1.3
1	2021	216	20354	 24.2	 31.4	3.255	 2.4	 0.6
1	2021	217	19669	 25.5	 31.4	3.181	 2.3	 0.3
1	2021	218	20751	 24.8	 31.7	3.164	 2.3	 1.1
1	2021	219	17583	 24.2	 31.4	3.038	 2.0	 0.2
1	2021	220	23738	 22.5	 31.7	2.923	 1.2	 0.0
1	2021	221	16479	 22.7	 30.6	2.966	 1.8	 1.0
1	2021	222	20941	 20.4	 30.9	2.797	 1.8	 0.0
1	2021	223	15894	 23.3	 30.2	3.025	 2.7	 0.3
1	2021	224	 9507	 24.8	 28.9	3.052	 2.6	 2.8
1	2021	225	 6801	 22.3	 25.5	2.554	 2.0	 7.9
1	2021	226	18248	 20.7	 28.1	2.526	 2.1	 0.1
1	2021	227	20502	 21.3	 28.6	2.649	 2.1	 0.3
1	2021	228	13327	 23.2	 28.3	2.836	 1.8	 0.6
1	2021	229	21340	 21.0	 29.8	2.735	 1.5	 0.1
1	2021	230	21979	 22.1	 30.1	2.763	 2.0	 0.5
1	2021	231	21023	 22.7	 30.3	2.833	 2.8	 0.1
1	2021	232	12008	 23.6	 28.5	2.824	 3.2	11.5
1	2021	233	22187	 19.8	 29.5	2.636	 1.4	 0.0
1	2021	234	 7751	 23.0	 27.6	2.917	 3.3	 7.8
1	2021	235	10148	 23.9	 27.7	2.709	 3.5	30.3
1	2021	236	21760	 21.3	 30.1	2.682	 2.4	 0.1
1	2021	237	22758	 20.0	 30.9	2.550	 2.9	 0.0
1	2021	238	 4494	 19.6	 24.7	2.196	 2.1	 9.4
1	2021	239	 4286	 19.6	 21.1	2.199	 1.3	26.3
1	2021	240	10336	 19.0	 24.6	2.488	 1.4	 7.8
1	2021	241	 7231	 21.4	 25.8	2.773	 2.9	 5.9
1	2021	242	 9693	 23.1	 28.3	3.008	 2.6	 7.4
1	2021	243	17706	 22.0	 29.8	2.981	 3.0	 2.8
1	2021	244	 8303	 20.8	 24.4	2.474	 2.3	 7.7
1	2021	245	11843	 21.2	 26.5	2.498	 2.0	 1.1
1	2021	246	18435	 19.1	 28.5	2.460	 2.4	 0.0
1	2021	247	 2558	 21.9	 25.8	2.680	 3.1	75.6
1	2021	248	 9699	 19.4	 24.6	2.272	 3.5	 3.9
1	2021	249	 8816	 19.8	 23.9	2.322	 3.6	 1.0
1	2021	250	12740	 18.7	 25.1	2.127	 2.1	 0.0
1	2021	251	22221	 15.3	 27.4	2.098	 1.9	 0.0
1	2021	252	18136	 19.5	 28.8	2.411	 2.6	 0.0
1	2021	253	22040	 20.3	 30.7	2.576	 2.2	 0.0
1	2021	254	22105	 20.4	 31.3	2.545	 2.0	 0.0
1	2021	255	21429	 21.3	 30.0	2.525	 2.8	 0.0
1	2021	256	21863	 18.9	 28.6	2.293	 3.1	 0.0
1	2021	257	21215	 17.9	 29.3	2.189	 2.4	 0.0
1	2021	258	19325	 19.3	 29.0	2.210	 1.5	 0.0
1	2021	259	19790	 19.0	 29.0	2.272	 1.6	 0.0
1	2021	260	11397	 21.0	 27.2	2.323	 2.3	 0.0
1	2021	261	12932	 21.9	 28.8	2.342	 3.5	 0.5
1	2021	262	11286	 17.4	 28.6	2.296	 3.8	18.7
1	2021	263	12831	 17.0	 24.9	1.933	 3.8	 6.4
1	2021	264	20564	 20.5	 30.0	2.191	 3.7	 0.0
1	2021	265	19684	 20.2	 31.0	2.469	 2.2	 0.0
1	2021	266	20173	 20.7	 31.6	2.256	 3.1	 0.0
1	2021	267	11150	 22.1	 29.4	2.302	 4.4	 0.6
1	2021	268	 6981	 21.3	 27.7	2.448	 4.3	16.7
1	2021	269	12906	 20.8	 28.4	2.471	 2.6	 5.6
1	2021	270	 7643	 19.9	 24.3	2.231	 2.7	 0.2
1	2021	271	 7490	 19.5	 23.9	2.320	 2.0	10.2
1	2021	272	18197	 16.2	 25.4	1.984	 1.5	 1.0
1	2021	273	19160	 15.6	 27.6	2.000	 2.6	 0.0
1	2021	274	18153	 18.6	 28.5	2.298	 1.8	 0.0
1	2021	275	18364	 19.3	 30.1	2.314	 2.8	 0.0
1	2021	276	17220	 21.9	 32.3	2.480	 3.9	 0.0
1	2021	277	16808	 20.5	 32.4	2.698	 2.6	 0.3
1	2021	278	 6793	 17.3	 22.2	1.826	 4.7	 0.6
1	2021	279	 4800	 13.8	 20.1	1.628	 4.2	 4.1
1	2021	280	 4519	 13.6	 17.6	1.448	 3.9	 0.3
1	2021	281	 3784	 14.6	 18.5	1.612	 3.0	 0.9
1	2021	282	 6577	 16.2	 23.3	1.960	 2.9	 2.2
1	2021	283	 2038	 15.0	 18.7	1.282	 5.2	 5.9
1	2021	284	11048	 13.0	 17.8	0.936	 3.6	 0.0
1	2021	285	15647	 13.0	 20.4	1.025	 2.9	 0.0
1	2021	286	16739	 12.0	 22.7	1.211	 2.5	 0.0
1	2021	287	 8006	 16.2	 23.3	1.503	 3.6	 1.6
1	2021	288	 3404	 14.8	 18.2	1.590	 3.8	 8.5
1	2021	289	 8473	  7.7	 16.2	0.932	 4.6	 2.0
1	2021	290	17247	  4.5	 13.9	0.597	 2.0	 0.0
1	2021	291	15930	  6.6	 17.7	0.882	 2.5	 0.0
1	2021	292	 9076	  8.9	 17.2	1.046	 2.7	 0.0
1	2021	293	 5059	  9.7	 12.3	0.956	 1.5	 0.4
1	2021	294	11170	  8.9	 16.7	1.101	 2.1	 0.4
1	2021	295	15830	  5.2	 18.1	0.924	 1.7	 0.0
1	2021	296	14654	  5.8	 18.5	0.949	 1.6	 0.0
1	2021	297	11817	  7.3	 18.2	0.967	 1.5	 0.3
1	2021	298	14488	  6.3	 19.3	1.054	 1.7	 0.0
1	2021	299	13049	  8.4	 20.2	1.212	 1.2	 0.0
1	2021	300	13579	  9.4	 20.7	1.216	 2.0	 0.0
1	2021	301	12870	 11.3	 21.1	1.270	 1.7	 0.0
1	2021	302	12417	 10.1	 21.0	1.266	 1.9	 0.0
1	2021	303	14138	 10.3	 22.3	1.263	 2.2	 0.0
1	2021	304	11135	 10.2	 22.3	1.276	 1.8	 0.0
1	2021	305	10623	 11.7	 19.4	1.283	 3.2	 0.0
1	2021	306	 9683	 11.3	 19.7	1.321	 2.3	 0.5
1	2021	307	11776	 10.6	 20.7	1.322	 1.4	 0.1
1	2021	308	12158	 10.2	 21.3	1.318	 2.3	 0.0
1	2021	309	 8667	 12.6	 20.6	1.595	 2.5	 0.6
1	2021	310	 3923	 15.4	 18.4	1.743	 2.7	 1.8
1	2021	311	 1692	  1.5	 16.1	0.730	 6.5	21.7
1	2021	312	13910	 -0.3	  8.7	0.418	 3.1	 0.0
1	2021	313	13384	  0.4	 12.3	0.485	 3.3	 0.0
1	2021	314	12955	  3.3	 13.9	0.541	 2.7	 0.0
1	2021	315	12818	  3.5	 14.7	0.590	 2.4	 0.0
1	2021	316	12703	  3.2	 15.1	0.658	 2.3	 0.0
1	2021	317	12741	  3.7	 16.5	0.596	 3.0	 0.0
1	2021	318	12604	  3.5	 17.0	0.667	 2.2	 0.0
1	2021	319	11544	  7.0	 18.6	0.915	 1.6	 0.0
1	2021	320	11617	  6.7	 18.1	0.994	 2.2	 0.0
1	2021	321	 6798	  8.9	 16.8	1.070	 2.0	 0.0
1	2021	322	11768	  7.2	 18.8	1.012	 2.9	 0.0
1	2021	323	11339	  6.8	 18.6	1.113	 1.9	 0.0
1	2021	324	 6916	  8.1	 17.8	1.286	 2.7	 2.3
1	2021	325	 6180	  7.0	 12.6	0.760	 4.3	 0.0
1	2021	326	12141	  0.5	  6.9	0.222	 3.1	 0.0
1	2021	327	11779	 -2.1	 10.6	0.340	 2.8	 0.0
1	2021	328	11410	  3.3	 16.1	0.584	 3.5	 0.0
1	2021	329	11420	  0.9	 15.3	0.540	 1.6	 0.0
1	2021	330	11128	  0.6	 15.6	0.609	 2.0	 0.0
1	2021	331	10718	  3.6	 14.4	0.762	 3.2	 0.0
1	2021	332	 9242	  5.2	 14.8	0.910	 2.6	 0.0
1	2021	333	 8168	  3.1	 14.7	0.923	 3.0	 1.2
1	2021	334	11022	 -0.8	  9.1	0.476	 3.7	 0.1
1	2021	335	11006	 -2.8	  8.6	0.322	 1.5	 0.0
1	2021	336	10868	 -0.4	 11.7	0.382	 3.2	 0.0
1	2021	337	10741	  0.1	 12.4	0.438	 1.8	 0.0
1	2021	338	10170	 -0.5	 13.9	0.486	 2.1	 0.0
1	2021	339	10618	  0.4	 14.3	0.525	 2.3	 0.0
1	2021	340	10277	  2.1	 13.5	0.548	 3.3	 0.0
1	2021	341	 9161	  2.1	 11.2	0.642	 3.0	 0.0
1	2021	342	 7322	  3.8	 12.1	0.747	 2.2	 0.0
1	2021	343	 9874	  2.7	 13.6	0.841	 1.5	 0.0
1	2021	344	 9730	  1.5	 14.5	0.815	 2.1	 0.0
1	2021	345	 2679	  6.6	 10.5	0.844	 2.0	 0.7
1	2021	346	 5470	  1.1	  9.4	0.615	 2.8	 0.1
1	2021	347	10015	 -1.9	  9.5	0.516	 2.5	 0.0
1	2021	348	 9674	  2.8	 13.2	0.813	 3.0	 0.0
1	2021	349	 6565	  2.1	 13.4	0.921	 1.3	 0.0
1	2021	350	 8264	  3.6	 13.3	0.672	 3.2	 0.2
1	2021	351	10012	 -3.9	  4.6	0.308	 3.2	 0.0
1	2021	352	 9547	 -5.2	  8.3	0.301	 3.0	 0.0
1	2021	353	10071	 -1.7	 12.4	0.443	 3.1	 0.0
1	2021	354	10041	  3.5	 15.1	0.553	 3.6	 0.0
1	2021	355	10153	  0.1	 13.9	0.591	 1.7	 0.0
1	2021	356	10040	 -1.0	 15.1	0.669	 1.6	 0.0
1	2021	357	 9214	  0.8	 12.5	0.782	 2.6	 0.0
1	2021	358	 2944	 -2.6	  5.9	0.542	 4.9	 0.8
1	2021	359	 9959	 -6.3	 -0.7	0.223	 3.8	 0.0
1	2021	360	10539	 -7.6	 -0.7	0.179	 2.3	 0.0
1	2021	361	10556	 -7.2	  3.4	0.246	 2.1	 0.0
1	2021	362	10175	 -4.3	  7.1	0.309	 3.1	 0.0
1	2021	363	10595	 -3.6	  8.2	0.263	 3.1	 0.0
1	2021	364	10305	 -4.7	  8.6	0.310	 2.1	 0.0
1	2021	365	 8459	 -3.9	  8.6	0.365	 2.1	 0.0
