*------------------------------------------------------------*
*   Country: China
*   Station: 116.0_34.5
*      Year: 2021
*    Origin: AgERA5 dataset
*    Author: Huang Hai, CAU
* Longitude: 116.00 E
*  Latitude: 34.50 N
* Elevation: 53.00 m
*   Columns: 
*   ======== 
*  station number
*  year
*  day
*  irradiation (kJ路m-2路d-1)
*  minimum temperature (degrees Celsius)
*  maximum temperature (degrees Celsius)
*  vapour pressure (kPa)
*  mean wind speed (m路s-1)
*  precipitation (mm路d-1)
** WCCDESCRIPTION=116.0_34.5, China
** WCCFORMAT=2
** WCCYEARNR=2021
*------------------------------------------------------------*
116.00  34.50  53.00  -0.18  -0.55
1	2021	  1	10615	 -6.0	  5.0	0.276	 2.7	 0.0
1	2021	  2	 9470	 -4.9	  7.5	0.455	 2.1	 0.0
1	2021	  3	 6929	 -4.2	  5.0	0.442	 1.9	 0.0
1	2021	  4	 9212	 -5.2	  6.5	0.480	 2.4	 0.0
1	2021	  5	 6145	 -4.8	  2.3	0.343	 2.4	 0.0
1	2021	  6	10794	 -7.9	  2.0	0.236	 3.9	 0.0
1	2021	  7	11350	-13.2	 -5.8	0.079	 2.7	 0.0
1	2021	  8	11308	 -9.6	  0.0	0.136	 2.8	 0.0
1	2021	  9	11290	 -8.1	  2.7	0.167	 2.1	 0.0
1	2021	 10	10464	 -6.7	  4.1	0.204	 2.0	 0.0
1	2021	 11	11353	 -4.3	  3.8	0.205	 3.6	 0.0
1	2021	 12	11346	 -3.5	  9.8	0.287	 4.0	 0.0
1	2021	 13	11344	  0.1	 13.5	0.422	 2.8	 0.0
1	2021	 14	11255	 -1.4	 14.7	0.557	 3.3	 0.0
1	2021	 15	 8165	 -0.1	  9.0	0.399	 3.8	 0.0
1	2021	 16	10104	 -3.7	  3.8	0.356	 1.5	 0.0
1	2021	 17	11974	 -4.4	  5.7	0.271	 3.5	 0.0
1	2021	 18	12068	 -3.3	  9.9	0.364	 2.5	 0.0
1	2021	 19	11809	 -1.1	 10.8	0.428	 3.8	 0.0
1	2021	 20	10574	 -1.9	 10.1	0.577	 1.5	 0.0
1	2021	 21	 6118	  0.5	  9.5	0.648	 1.5	 0.0
1	2021	 22	 8619	 -1.0	  9.6	0.661	 2.1	 0.0
1	2021	 23	11987	  0.0	  8.8	0.553	 1.7	 0.0
1	2021	 24	 7995	 -1.6	  8.2	0.565	 2.3	 0.0
1	2021	 25	 1318	  2.1	  4.8	0.735	 2.7	 4.8
1	2021	 26	11861	 -1.6	 10.1	0.583	 2.6	 0.0
1	2021	 27	 8721	 -1.0	  9.8	0.675	 3.0	 0.0
1	2021	 28	13420	 -2.0	  6.8	0.239	 3.4	 0.0
1	2021	 29	12948	 -2.6	 11.9	0.432	 3.9	 0.0
1	2021	 30	12346	 -2.0	 13.8	0.483	 2.0	 0.0
1	2021	 31	12700	  0.2	 14.4	0.478	 2.9	 0.0
1	2021	 32	13286	  1.5	 13.5	0.405	 3.3	 0.0
1	2021	 33	13630	 -2.6	  8.5	0.381	 2.5	 0.0
1	2021	 34	13347	  0.3	 14.7	0.527	 3.2	 0.0
1	2021	 35	13660	 -1.2	 11.8	0.396	 2.9	 0.0
1	2021	 36	13550	  4.6	 15.8	0.515	 3.9	 0.0
1	2021	 37	13774	  3.8	 18.3	0.600	 3.4	 0.0
1	2021	 38	12972	  4.0	 11.9	0.553	 4.7	 0.0
1	2021	 39	12993	 -0.6	  8.6	0.311	 2.5	 0.0
1	2021	 40	14311	 -1.0	 11.8	0.474	 3.1	 0.0
1	2021	 41	13737	  0.5	 14.9	0.652	 1.8	 0.0
1	2021	 42	14545	  0.6	 16.1	0.815	 2.9	 0.0
1	2021	 43	14109	  5.3	 16.8	0.991	 3.1	 0.0
1	2021	 44	 8844	  6.2	 16.3	1.006	 2.2	 0.0
1	2021	 45	10831	  8.3	 17.2	1.140	 2.7	10.8
1	2021	 46	12463	  1.7	  8.6	0.577	 3.4	 0.5
1	2021	 47	15658	  1.5	 12.0	0.493	 3.6	 0.0
1	2021	 48	15886	 -3.0	  7.9	0.278	 2.2	 0.0
1	2021	 49	15421	 -2.4	 12.6	0.478	 3.0	 0.0
1	2021	 50	16147	  4.9	 21.1	0.560	 4.6	 0.0
1	2021	 51	16593	  6.4	 22.6	0.522	 4.5	 0.0
1	2021	 52	16342	 11.3	 25.3	0.851	 4.5	 0.0
1	2021	 53	16435	  7.5	 17.1	0.590	 4.5	 0.0
1	2021	 54	15040	  3.8	 12.1	0.459	 4.9	 0.0
1	2021	 55	 3966	  2.9	  7.2	0.623	 4.3	 9.1
1	2021	 56	 3234	  0.7	  4.8	0.709	 4.2	13.5
1	2021	 57	11963	  2.7	 10.3	0.646	 3.2	 0.0
1	2021	 58	14456	  3.8	 12.7	0.651	 2.5	 0.0
1	2021	 59	 2009	  6.6	 10.3	1.062	 3.1	13.6
1	2021	 60	 8976	 -0.4	  8.5	0.706	 4.8	 3.4
1	2021	 61	17920	 -2.8	 11.4	0.646	 2.6	 0.0
1	2021	 62	16140	  3.7	 14.2	0.690	 3.9	 0.0
1	2021	 63	17927	  3.5	 17.7	0.929	 3.3	 0.0
1	2021	 64	13810	  7.8	 18.0	0.944	 2.9	 0.0
1	2021	 65	 8349	  2.2	 11.1	0.504	 4.9	 0.0
1	2021	 66	15398	  1.0	  9.6	0.512	 1.4	 0.0
1	2021	 67	14530	  1.7	 13.0	0.712	 1.9	 0.5
1	2021	 68	 8446	  5.9	 12.5	0.934	 1.3	 0.6
1	2021	 69	11216	  4.5	 14.3	0.952	 2.2	 0.0
1	2021	 70	 3759	  8.0	 11.6	1.012	 2.0	 7.7
1	2021	 71	17867	  2.5	 14.7	0.907	 2.0	 0.0
1	2021	 72	11889	  7.1	 14.3	0.944	 1.8	 0.0
1	2021	 73	15252	  7.8	 17.6	1.104	 3.4	 0.1
1	2021	 74	10626	 12.5	 20.5	1.412	 3.4	 2.4
1	2021	 75	20902	  5.5	 15.6	0.534	 3.2	 0.0
1	2021	 76	19506	  4.0	 15.6	0.504	 2.8	 0.0
1	2021	 77	 5788	  7.4	 11.4	0.596	 3.4	 0.1
1	2021	 78	 4128	  5.8	 10.1	0.733	 2.4	 3.7
1	2021	 79	15258	  2.7	 13.8	0.829	 2.9	 0.5
1	2021	 80	21429	  3.8	 12.0	0.387	 3.6	 0.0
1	2021	 81	22131	  1.9	 16.4	0.475	 3.2	 0.0
1	2021	 82	19228	  6.0	 18.9	0.718	 4.9	 0.0
1	2021	 83	21222	  7.5	 21.0	0.972	 2.6	 0.0
1	2021	 84	20558	  7.3	 21.9	0.958	 3.0	 0.0
1	2021	 85	 8708	  9.6	 18.8	1.193	 1.9	 4.3
1	2021	 86	14800	  8.4	 19.6	1.332	 2.2	 0.8
1	2021	 87	21850	 11.6	 25.2	1.307	 3.8	 0.0
1	2021	 88	17007	 12.3	 19.3	0.763	 4.2	 0.1
1	2021	 89	21780	  8.5	 21.4	0.630	 3.6	 0.0
1	2021	 90	 5345	 10.3	 14.0	0.843	 3.6	 4.0
1	2021	 91	 5516	 10.5	 14.6	0.960	 3.7	 0.2
1	2021	 92	 2157	  9.8	 12.8	1.176	 3.2	 2.6
1	2021	 93	 5223	  7.5	 12.4	0.983	 5.0	 2.8
1	2021	 94	23580	  2.9	 16.7	0.565	 2.6	 0.0
1	2021	 95	15185	  3.9	 17.3	0.685	 2.7	 0.0
1	2021	 96	21890	  4.9	 18.5	0.798	 1.2	 0.0
1	2021	 97	14185	  9.1	 18.8	0.987	 1.9	 0.0
1	2021	 98	22351	  6.2	 20.4	1.027	 1.8	 0.1
1	2021	 99	21432	  7.1	 20.9	0.949	 2.5	 0.0
1	2021	100	23193	  8.9	 20.9	0.741	 3.3	 0.0
1	2021	101	 8567	 10.8	 16.9	1.208	 3.0	 0.0
1	2021	102	20570	 10.1	 22.4	1.312	 2.0	 0.0
1	2021	103	20056	 12.5	 18.8	0.960	 3.3	 0.0
1	2021	104	23535	  8.3	 19.8	0.859	 2.5	 0.0
1	2021	105	21323	 10.3	 23.5	1.155	 4.4	 0.0
1	2021	106	23553	 11.3	 22.5	0.482	 3.6	 0.0
1	2021	107	26061	  6.9	 19.0	0.403	 3.3	 0.0
1	2021	108	24464	  7.1	 21.9	0.560	 3.4	 0.0
1	2021	109	25198	  9.0	 25.0	0.805	 3.0	 0.0
1	2021	110	 2939	 13.4	 15.9	1.314	 3.1	11.0
1	2021	111	 2753	 11.7	 15.0	1.446	 2.9	 8.6
1	2021	112	 9317	 12.2	 18.8	1.432	 2.8	 3.8
1	2021	113	19144	 10.2	 20.8	1.288	 3.9	 0.1
1	2021	114	 8898	 11.4	 18.3	1.246	 4.3	 0.0
1	2021	115	 4827	 12.2	 15.2	1.247	 3.2	 0.9
1	2021	116	11203	 11.1	 18.9	1.336	 1.9	 0.1
1	2021	117	25055	 11.1	 24.0	1.032	 2.9	 0.0
1	2021	118	25162	 14.3	 23.3	0.748	 3.9	 0.0
1	2021	119	22754	 12.6	 28.3	0.836	 5.6	 0.0
1	2021	120	23672	 11.2	 28.7	0.931	 4.3	 0.6
1	2021	121	26157	  9.0	 24.7	0.878	 2.6	 0.0
1	2021	122	23172	 11.5	 21.8	0.597	 3.8	 0.0
1	2021	123	 7761	 13.8	 17.4	1.240	 2.6	19.4
1	2021	124	25028	 11.0	 23.7	1.135	 3.9	 0.0
1	2021	125	27165	 11.5	 26.5	0.912	 3.3	 0.0
1	2021	126	24479	 14.9	 29.0	1.424	 5.9	 0.0
1	2021	127	26729	 16.7	 25.3	0.771	 3.9	 0.0
1	2021	128	27136	 14.6	 31.8	1.487	 4.0	 0.0
1	2021	129	25192	 17.9	 31.5	2.033	 3.7	 0.0
1	2021	130	23712	 19.5	 31.2	1.913	 3.5	 0.0
1	2021	131	23233	 16.5	 25.2	1.492	 2.9	 0.1
1	2021	132	25953	 14.3	 27.2	1.663	 2.0	 0.0
1	2021	133	12139	 16.7	 24.7	2.025	 2.9	 0.5
1	2021	134	 7386	 18.7	 23.7	2.197	 3.0	10.1
1	2021	135	 8084	 18.0	 23.4	2.182	 3.4	16.7
1	2021	136	 4736	 11.0	 17.7	1.221	 4.9	 8.4
1	2021	137	22551	 11.3	 23.5	1.259	 2.2	 0.0
1	2021	138	26674	 11.3	 24.9	1.478	 2.7	 0.0
1	2021	139	12278	 13.4	 22.6	1.684	 2.6	 0.1
1	2021	140	23167	 15.6	 25.6	1.751	 3.2	 0.1
1	2021	141	23991	 16.7	 28.2	1.989	 3.0	 0.3
1	2021	142	24800	 18.6	 29.8	2.077	 2.8	 0.0
1	2021	143	 8287	 17.0	 22.8	1.791	 3.0	 3.7
1	2021	144	28139	 14.5	 29.8	1.297	 4.0	 0.0
1	2021	145	24290	 15.9	 28.2	1.131	 4.2	 0.0
1	2021	146	22289	 19.6	 27.6	1.694	 4.8	 0.0
1	2021	147	27972	 15.5	 32.2	1.675	 5.0	 0.0
1	2021	148	29220	 20.9	 29.6	0.905	 3.9	 0.0
1	2021	149	27107	 19.3	 33.9	1.848	 4.0	 0.0
1	2021	150	27263	 18.2	 32.0	1.992	 1.3	 0.0
1	2021	151	26480	 20.2	 33.9	2.118	 2.6	 0.0
1	2021	152	19128	 22.0	 32.2	2.070	 2.4	 1.3
1	2021	153	23948	 22.7	 33.6	2.208	 2.8	 1.2
1	2021	154	 8376	 17.3	 25.3	1.708	 2.8	 6.3
1	2021	155	29174	 16.1	 32.5	1.098	 3.8	 0.0
1	2021	156	28310	 20.9	 35.6	1.323	 3.7	 0.1
1	2021	157	27408	 21.1	 36.2	1.686	 4.2	 0.0
1	2021	158	21791	 24.0	 37.8	1.261	 4.2	 0.0
1	2021	159	26751	 23.1	 36.3	1.510	 2.9	 0.0
1	2021	160	16849	 23.6	 33.0	2.049	 2.5	 0.0
1	2021	161	22817	 23.3	 33.0	2.170	 2.2	 0.1
1	2021	162	23941	 22.9	 33.6	2.105	 2.3	 0.0
1	2021	163	22308	 25.4	 36.0	2.201	 3.1	 0.0
1	2021	164	13648	 24.6	 30.1	2.804	 2.9	 3.3
1	2021	165	 9012	 24.0	 31.1	3.147	 3.2	56.9
1	2021	166	18381	 24.5	 31.1	2.853	 3.6	 2.8
1	2021	167	10712	 21.9	 28.4	2.402	 2.5	 0.4
1	2021	168	 9074	 22.5	 27.5	2.535	 2.2	 3.5
1	2021	169	15311	 18.9	 27.8	1.957	 2.9	 0.0
1	2021	170	23563	 16.6	 30.6	1.862	 2.7	 0.0
1	2021	171	27293	 19.5	 32.1	1.867	 2.9	 0.0
1	2021	172	27883	 20.0	 33.0	1.959	 2.5	 0.0
1	2021	173	27745	 21.2	 33.7	2.096	 1.7	 0.0
1	2021	174	27476	 21.5	 34.5	1.801	 2.3	 0.0
1	2021	175	24695	 22.5	 33.9	1.933	 2.6	 0.0
1	2021	176	10043	 23.7	 28.9	2.386	 2.8	 0.4
1	2021	177	22672	 20.9	 33.0	2.473	 2.4	 0.0
1	2021	178	25235	 21.4	 33.8	2.597	 2.2	 0.0
1	2021	179	25050	 23.1	 34.7	2.634	 2.0	 0.0
1	2021	180	21566	 25.5	 34.4	2.589	 2.1	 0.3
1	2021	181	25808	 25.4	 36.1	2.475	 3.4	 1.2
1	2021	182	20843	 23.1	 33.9	2.435	 2.5	 0.8
1	2021	183	21063	 24.5	 33.4	2.518	 3.2	 0.9
1	2021	184	24298	 22.2	 32.1	2.250	 2.7	 6.0
1	2021	185	22708	 23.5	 33.4	2.450	 3.1	 0.0
1	2021	186	22277	 22.9	 31.8	2.480	 2.5	 0.6
1	2021	187	13097	 23.2	 30.0	2.849	 2.3	 1.1
1	2021	188	11472	 24.1	 30.5	3.008	 1.9	 0.5
1	2021	189	25160	 23.0	 34.5	2.735	 2.4	 0.2
1	2021	190	25886	 24.1	 35.9	2.954	 3.2	 0.9
1	2021	191	23655	 25.9	 36.2	3.191	 3.7	 0.1
1	2021	192	10530	 28.4	 33.9	3.102	 5.3	 2.0
1	2021	193	18209	 25.6	 32.4	3.076	 5.9	18.7
1	2021	194	19480	 26.9	 34.9	3.060	 5.0	 0.2
1	2021	195	23929	 27.1	 35.0	3.119	 3.7	 6.1
1	2021	196	14298	 25.1	 32.5	2.929	 2.3	23.7
1	2021	197	10424	 24.6	 27.8	3.014	 2.0	62.0
1	2021	198	13839	 23.8	 28.7	2.865	 3.1	 3.9
1	2021	199	14220	 23.8	 29.5	2.974	 4.4	16.6
1	2021	200	17403	 23.6	 30.7	2.932	 4.1	 2.0
1	2021	201	 7272	 24.5	 29.6	3.121	 4.2	 9.9
1	2021	202	 6784	 25.2	 28.6	3.056	 4.4	 4.1
1	2021	203	13005	 24.3	 29.2	2.802	 3.5	 0.1
1	2021	204	16475	 23.8	 29.7	3.053	 2.7	 3.0
1	2021	205	22151	 23.9	 31.0	2.848	 2.5	 0.1
1	2021	206	22453	 23.3	 31.9	2.859	 1.6	 0.0
1	2021	207	21024	 23.7	 31.2	2.950	 3.0	 0.2
1	2021	208	13178	 24.5	 30.4	3.032	 4.5	11.1
1	2021	209	 3581	 22.9	 24.5	2.739	 8.2	176.4
1	2021	210	 5688	 21.3	 24.4	2.435	 5.7	16.0
1	2021	211	22278	 20.2	 31.1	2.827	 2.2	 0.1
1	2021	212	24743	 24.5	 33.9	3.362	 2.7	 0.5
1	2021	213	21445	 23.9	 33.4	2.985	 2.5	 7.1
1	2021	214	24314	 23.6	 31.1	2.713	 2.6	 1.0
1	2021	215	21230	 22.5	 30.5	2.856	 2.2	 1.3
1	2021	216	21793	 23.7	 31.8	3.110	 2.0	 0.3
1	2021	217	15467	 25.0	 31.4	3.178	 1.3	19.7
1	2021	218	20673	 23.4	 31.8	3.070	 1.9	 2.2
1	2021	219	22527	 23.9	 32.1	2.971	 1.7	 0.2
1	2021	220	22794	 22.5	 31.7	2.883	 1.3	 0.0
1	2021	221	20261	 24.2	 31.7	2.916	 1.9	 0.8
1	2021	222	17060	 21.2	 30.9	2.702	 1.5	 0.0
1	2021	223	17557	 22.7	 30.8	2.901	 2.3	 0.0
1	2021	224	15826	 23.9	 30.3	2.899	 2.5	 0.9
1	2021	225	 8499	 21.6	 26.2	2.685	 1.1	 6.0
1	2021	226	21864	 20.2	 29.0	2.471	 2.1	 0.1
1	2021	227	23588	 20.1	 29.5	2.409	 2.0	 0.0
1	2021	228	16828	 22.9	 29.5	2.791	 1.7	 1.8
1	2021	229	20754	 22.2	 30.2	2.770	 1.1	 0.2
1	2021	230	21440	 22.9	 30.3	2.677	 2.0	 0.2
1	2021	231	18575	 23.0	 30.8	2.709	 3.1	 1.1
1	2021	232	11568	 21.9	 28.6	2.726	 3.7	16.3
1	2021	233	20512	 19.3	 30.1	2.637	 1.5	 0.0
1	2021	234	 5221	 23.0	 27.5	2.885	 3.2	 5.6
1	2021	235	10029	 23.1	 27.5	2.625	 3.1	75.6
1	2021	236	21441	 21.6	 30.4	2.484	 2.6	 0.0
1	2021	237	21111	 19.7	 30.3	2.072	 2.9	 0.0
1	2021	238	 9870	 19.6	 25.8	2.124	 3.0	 4.9
1	2021	239	 7465	 18.2	 22.2	2.124	 1.3	 3.2
1	2021	240	 8381	 17.3	 24.4	2.359	 1.3	 4.3
1	2021	241	 3068	 20.8	 23.0	2.593	 2.6	17.0
1	2021	242	 5167	 21.3	 26.0	2.775	 2.1	41.9
1	2021	243	10253	 21.7	 26.0	2.713	 3.2	 2.2
1	2021	244	 5526	 20.0	 22.4	2.380	 2.6	10.1
1	2021	245	11610	 20.0	 26.3	2.473	 1.8	 0.7
1	2021	246	15657	 19.0	 27.6	2.476	 2.2	 0.0
1	2021	247	 2003	 20.5	 23.2	2.393	 4.1	69.2
1	2021	248	 7404	 19.2	 23.2	2.249	 4.0	 0.4
1	2021	249	 4185	 20.4	 23.4	2.353	 3.7	 2.2
1	2021	250	18189	 17.6	 25.5	2.059	 2.0	 0.0
1	2021	251	22155	 16.2	 27.4	2.091	 2.7	 0.0
1	2021	252	21259	 19.3	 29.2	2.374	 3.4	 0.0
1	2021	253	21436	 20.7	 30.8	2.673	 2.6	 0.0
1	2021	254	21721	 20.9	 31.4	2.558	 2.3	 0.0
1	2021	255	21153	 21.1	 30.6	2.550	 2.4	 0.0
1	2021	256	20930	 18.9	 29.0	2.292	 2.5	 0.0
1	2021	257	20699	 18.1	 29.7	2.334	 2.2	 0.0
1	2021	258	20316	 19.2	 28.5	2.017	 2.1	 0.0
1	2021	259	19740	 18.3	 29.0	2.100	 2.3	 0.0
1	2021	260	10911	 21.1	 26.5	2.271	 3.0	 0.3
1	2021	261	 4421	 21.2	 25.1	2.434	 2.9	 7.1
1	2021	262	 6224	 16.9	 25.7	2.297	 3.8	32.8
1	2021	263	 9728	 16.7	 24.4	1.872	 4.0	 2.0
1	2021	264	20384	 20.1	 29.4	2.060	 3.4	 0.0
1	2021	265	18370	 19.9	 30.3	2.458	 2.0	 0.0
1	2021	266	18565	 21.2	 31.3	2.410	 3.1	 0.0
1	2021	267	 7639	 23.1	 28.8	2.494	 4.6	19.9
1	2021	268	 2486	 20.7	 23.8	2.367	 3.8	65.2
1	2021	269	 6792	 20.6	 24.1	2.475	 2.3	16.0
1	2021	270	 6176	 19.7	 23.4	2.206	 2.9	 0.2
1	2021	271	 3612	 17.1	 21.3	2.096	 2.6	 9.3
1	2021	272	19093	 13.2	 25.7	1.852	 1.5	 0.0
1	2021	273	18841	 16.7	 27.5	1.995	 3.3	 0.0
1	2021	274	17385	 18.5	 28.0	2.317	 2.1	 0.0
1	2021	275	16978	 19.1	 29.8	2.367	 2.9	 0.0
1	2021	276	13270	 22.1	 31.2	2.503	 3.6	 0.2
1	2021	277	11545	 17.9	 27.9	2.341	 4.4	 5.4
1	2021	278	 4579	 14.5	 17.6	1.550	 5.6	 1.4
1	2021	279	 2519	 12.8	 16.1	1.480	 4.6	 2.8
1	2021	280	 1889	 12.2	 13.4	1.366	 3.9	 2.0
1	2021	281	 2942	 13.0	 16.8	1.578	 2.6	 2.0
1	2021	282	 7691	 15.0	 22.8	1.841	 2.8	 2.3
1	2021	283	 5611	 14.8	 18.4	1.088	 5.3	 2.7
1	2021	284	10420	 13.0	 18.1	0.860	 3.3	 0.1
1	2021	285	15609	 13.0	 20.0	1.027	 2.5	 0.9
1	2021	286	16206	 11.3	 22.3	1.260	 1.8	 0.0
1	2021	287	13534	 13.3	 23.7	1.432	 3.5	 0.1
1	2021	288	 3366	 14.4	 17.8	1.628	 3.0	 2.0
1	2021	289	11545	  6.4	 15.6	0.649	 4.9	 0.0
1	2021	290	16884	  3.1	 13.9	0.539	 2.1	 0.0
1	2021	291	15658	  7.3	 17.8	0.836	 3.1	 0.0
1	2021	292	 8918	  9.0	 16.1	0.997	 3.0	 0.0
1	2021	293	 6632	  9.8	 13.8	0.986	 2.0	 0.1
1	2021	294	13197	  8.7	 16.9	1.080	 2.1	 0.2
1	2021	295	15416	  5.0	 18.5	0.870	 2.0	 0.0
1	2021	296	14298	  6.3	 18.2	0.896	 1.7	 0.0
1	2021	297	12964	  6.8	 18.5	0.913	 1.7	 0.0
1	2021	298	14883	  6.3	 19.6	0.967	 2.2	 0.0
1	2021	299	12097	  8.6	 20.3	1.141	 1.5	 0.0
1	2021	300	12435	  9.5	 20.0	1.230	 2.1	 0.0
1	2021	301	12377	 11.4	 21.1	1.225	 1.7	 0.0
1	2021	302	11416	 10.5	 21.1	1.256	 2.4	 0.0
1	2021	303	13770	 10.6	 22.5	1.288	 2.5	 0.0
1	2021	304	11017	 11.0	 21.7	1.302	 2.2	 0.0
1	2021	305	 9035	 10.9	 18.2	1.218	 2.8	 0.0
1	2021	306	 7861	 11.3	 18.5	1.278	 2.2	 0.3
1	2021	307	11512	  9.9	 20.5	1.260	 2.0	 0.1
1	2021	308	 9596	  9.3	 20.8	1.270	 2.4	 0.1
1	2021	309	 7902	 12.8	 20.5	1.541	 2.6	 0.1
1	2021	310	 2650	 15.3	 18.4	1.723	 2.2	 2.3
1	2021	311	 2539	 -0.1	 15.5	0.672	 6.4	24.2
1	2021	312	13545	 -0.6	  8.7	0.399	 3.1	 0.0
1	2021	313	13023	  0.6	 12.6	0.492	 3.0	 0.0
1	2021	314	12593	  3.3	 13.9	0.533	 2.9	 0.0
1	2021	315	12604	  4.6	 14.5	0.541	 2.5	 0.0
1	2021	316	12320	  2.8	 15.3	0.646	 2.1	 0.0
1	2021	317	12414	  3.2	 15.6	0.600	 2.8	 0.0
1	2021	318	12207	  2.1	 17.1	0.662	 2.1	 0.0
1	2021	319	11252	  6.5	 17.7	0.794	 1.7	 0.0
1	2021	320	11461	  5.5	 16.8	0.911	 2.4	 0.0
1	2021	321	 8277	  7.1	 17.9	1.016	 2.9	 0.0
1	2021	322	11459	  7.8	 19.0	0.966	 3.6	 0.0
1	2021	323	10961	  7.2	 18.4	1.118	 1.8	 0.0
1	2021	324	 6212	  7.4	 16.4	1.128	 3.1	 2.4
1	2021	325	 6826	  5.1	 13.1	0.683	 4.3	 0.0
1	2021	326	11796	 -1.5	  6.1	0.214	 3.2	 0.0
1	2021	327	11416	 -1.9	  9.7	0.330	 2.9	 0.0
1	2021	328	11166	  2.6	 15.1	0.499	 3.3	 0.0
1	2021	329	11079	  0.1	 15.6	0.540	 1.6	 0.0
1	2021	330	10748	  0.7	 15.4	0.599	 2.0	 0.0
1	2021	331	10379	  3.1	 14.1	0.738	 2.9	 0.0
1	2021	332	 7974	  5.4	 14.0	0.901	 2.5	 0.0
1	2021	333	 7118	  4.5	 14.3	0.948	 2.9	 3.5
1	2021	334	10728	 -1.2	  8.2	0.461	 3.7	 0.0
1	2021	335	10661	 -3.3	  8.7	0.334	 2.0	 0.0
1	2021	336	10613	 -0.4	 11.8	0.378	 3.2	 0.0
1	2021	337	10432	  0.6	 12.5	0.422	 2.0	 0.0
1	2021	338	10119	  0.2	 14.0	0.464	 2.2	 0.0
1	2021	339	10245	  1.2	 14.3	0.511	 2.8	 0.0
1	2021	340	10092	  2.2	 12.7	0.513	 3.9	 0.0
1	2021	341	 8559	  1.5	 10.3	0.536	 2.6	 0.0
1	2021	342	 6940	  2.5	 11.1	0.652	 1.9	 0.0
1	2021	343	 9592	  2.1	 13.1	0.792	 1.9	 0.0
1	2021	344	 7838	  1.0	 13.4	0.811	 2.0	 0.0
1	2021	345	 4324	  6.4	 11.3	0.860	 1.5	 0.3
1	2021	346	 8257	 -0.7	  7.8	0.517	 3.3	 0.0
1	2021	347	 9783	 -2.5	  8.8	0.467	 2.8	 0.0
1	2021	348	 9528	  3.4	 12.8	0.796	 3.5	 0.0
1	2021	349	 8173	  1.0	 13.3	0.880	 1.5	 0.1
1	2021	350	 7595	  1.8	 11.7	0.600	 3.3	 0.0
1	2021	351	 9930	 -4.5	  2.9	0.275	 3.2	 0.0
1	2021	352	 8942	 -4.5	  8.3	0.296	 3.4	 0.0
1	2021	353	 9818	 -1.7	 11.9	0.400	 3.3	 0.0
1	2021	354	 9758	  2.6	 13.8	0.488	 3.3	 0.0
1	2021	355	 9905	 -0.8	 13.5	0.523	 1.8	 0.0
1	2021	356	 9724	 -0.8	 12.3	0.650	 2.1	 0.0
1	2021	357	 4996	 -0.3	  7.6	0.745	 2.8	 0.1
1	2021	358	 4142	 -4.5	  5.6	0.478	 5.3	 0.8
1	2021	359	 9667	 -7.1	 -1.9	0.199	 3.8	 0.0
1	2021	360	10425	 -8.5	 -0.9	0.199	 2.0	 0.0
1	2021	361	10297	 -6.7	  3.8	0.251	 2.6	 0.0
1	2021	362	 9953	 -3.4	  6.8	0.324	 3.5	 0.0
1	2021	363	10385	 -3.4	  7.2	0.256	 2.9	 0.0
1	2021	364	10221	 -4.3	  8.3	0.322	 1.8	 0.0
1	2021	365	 6893	 -3.8	  7.4	0.371	 2.3	 0.0
