*------------------------------------------------------------*
*   Country: China
*   Station: 116.0_34.2
*      Year: 2020
*    Origin: AgERA5 dataset
*    Author: Huang Hai, CAU
* Longitude: 116.00 E
*  Latitude: 34.20 N
* Elevation: 43.00 m
*   Columns: 
*   ======== 
*  station number
*  year
*  day
*  irradiation (kJ路m-2路d-1)
*  minimum temperature (degrees Celsius)
*  maximum temperature (degrees Celsius)
*  vapour pressure (kPa)
*  mean wind speed (m路s-1)
*  precipitation (mm路d-1)
** WCCDESCRIPTION=116.0_34.2, China
** WCCFORMAT=2
** WCCYEARNR=2020
*------------------------------------------------------------*
116.00  34.20  43.00  -0.18  -0.55
1	2020	  1	 7533	 -4.3	  5.6	0.441	 1.7	 0.1
1	2020	  2	 1704	  2.6	  5.6	0.578	 1.0	 0.2
1	2020	  3	 6217	  3.1	  8.8	0.625	 1.2	 0.0
1	2020	  4	 9884	 -1.4	 11.3	0.685	 1.8	 0.0
1	2020	  5	   43	  4.4	  5.4	0.830	 3.9	23.7
1	2020	  6	  255	  2.7	  5.1	0.761	 3.9	18.9
1	2020	  7	  991	 -0.7	  3.0	0.674	 4.4	18.8
1	2020	  8	 7317	 -4.4	  4.5	0.512	 1.5	 0.0
1	2020	  9	 7588	 -1.3	  5.9	0.539	 1.8	 0.0
1	2020	 10	 4514	 -1.2	  5.8	0.629	 1.5	 0.0
1	2020	 11	 6108	 -1.0	  5.8	0.614	 1.9	 0.0
1	2020	 12	 8418	 -5.1	  5.7	0.555	 1.3	 0.1
1	2020	 13	 5413	 -2.5	  5.8	0.600	 2.1	 0.3
1	2020	 14	11612	 -5.2	  4.0	0.396	 2.3	 0.0
1	2020	 15	 5646	 -4.2	  2.7	0.439	 2.4	 1.0
1	2020	 16	 5265	 -0.8	  3.9	0.564	 2.2	 0.8
1	2020	 17	 8025	 -1.7	  5.3	0.594	 1.6	 0.0
1	2020	 18	10300	 -4.1	  7.7	0.609	 2.1	 0.0
1	2020	 19	12019	 -0.6	  8.7	0.496	 2.6	 0.0
1	2020	 20	10247	 -3.6	  9.1	0.541	 1.8	 0.0
1	2020	 21	 5778	 -1.3	  8.4	0.594	 2.4	 0.0
1	2020	 22	 8597	 -2.7	  9.0	0.698	 1.5	 0.0
1	2020	 23	 5336	  2.4	  9.5	0.769	 2.0	 0.1
1	2020	 24	 5143	  1.8	  7.6	0.709	 2.5	 0.6
1	2020	 25	 7024	  2.0	  7.2	0.548	 1.8	 0.2
1	2020	 26	 2874	  0.5	  3.1	0.601	 2.6	 4.8
1	2020	 27	 9999	 -1.8	  6.4	0.565	 2.2	 0.3
1	2020	 28	11223	 -4.4	  8.3	0.506	 1.9	 0.0
1	2020	 29	11689	 -3.2	  8.9	0.545	 1.9	 0.2
1	2020	 30	12997	 -3.6	  8.9	0.483	 2.1	 0.0
1	2020	 31	13146	 -2.5	 11.8	0.578	 2.7	 0.0
1	2020	 32	10287	 -1.1	 12.1	0.600	 2.1	 0.0
1	2020	 33	11608	  1.6	 11.9	0.587	 2.4	 0.0
1	2020	 34	13348	  0.4	  9.1	0.484	 3.1	 0.0
1	2020	 35	12856	  0.3	 12.8	0.649	 3.0	 0.0
1	2020	 36	 2840	  1.5	  4.1	0.537	 4.3	 0.5
1	2020	 37	 6635	 -0.4	  5.0	0.560	 3.4	 1.5
1	2020	 38	 9995	 -2.2	  7.6	0.654	 1.3	 0.0
1	2020	 39	10409	  0.4	  9.3	0.700	 1.8	 0.0
1	2020	 40	14419	  0.6	 14.2	0.689	 3.6	 0.0
1	2020	 41	14434	  3.0	 15.9	0.731	 3.3	 0.0
1	2020	 42	11687	  6.1	 14.7	0.879	 2.3	 0.0
1	2020	 43	14550	  2.3	 16.4	0.960	 2.7	 0.0
1	2020	 44	13445	  5.7	 18.7	1.127	 3.5	 0.0
1	2020	 45	 1992	  1.9	 14.4	1.135	 4.3	 7.8
1	2020	 46	 3688	 -2.6	  2.3	0.438	 4.6	 7.4
1	2020	 47	16122	 -3.5	  5.6	0.300	 3.2	 0.0
1	2020	 48	16361	 -4.0	  8.2	0.336	 2.6	 0.0
1	2020	 49	16211	 -2.4	 12.9	0.424	 3.4	 0.0
1	2020	 50	11313	  1.7	 12.9	0.569	 2.9	 0.0
1	2020	 51	14283	 -0.1	 15.1	0.684	 2.2	 0.0
1	2020	 52	15306	  5.7	 14.6	0.693	 2.8	 0.1
1	2020	 53	16777	  0.5	 12.6	0.418	 2.0	 0.0
1	2020	 54	16396	  3.7	 17.6	0.682	 3.9	 0.0
1	2020	 55	 5884	  9.1	 16.7	1.124	 2.6	 8.1
1	2020	 56	10020	  8.0	 13.5	1.034	 3.5	 0.2
1	2020	 57	 4889	  6.9	 11.5	0.929	 2.9	 0.0
1	2020	 58	 9254	  2.5	  9.4	0.571	 3.1	 6.8
1	2020	 59	 7862	  1.7	  8.3	0.770	 1.6	 5.3
1	2020	 60	 9579	  4.6	 10.9	0.857	 1.6	 0.1
1	2020	 61	 6324	  2.4	 10.4	0.838	 2.4	 0.3
1	2020	 62	10956	  1.2	 10.0	0.625	 2.4	 0.0
1	2020	 63	14563	 -1.0	 12.1	0.551	 2.4	 0.0
1	2020	 64	18672	 -0.5	 11.4	0.447	 2.5	 0.0
1	2020	 65	18477	  0.3	 12.7	0.554	 3.8	 0.0
1	2020	 66	14108	  3.0	 15.1	0.794	 3.4	 0.0
1	2020	 67	18724	  4.5	 17.2	0.922	 2.5	 0.0
1	2020	 68	16366	  8.0	 17.3	1.022	 3.8	 0.0
1	2020	 69	 5427	  7.0	 12.2	1.010	 3.8	 1.8
1	2020	 70	15121	  4.4	 13.2	0.812	 2.2	 0.3
1	2020	 71	19805	  3.4	 17.9	0.733	 3.6	 0.0
1	2020	 72	16514	  6.4	 18.9	0.931	 2.7	 0.0
1	2020	 73	13453	  4.0	 12.2	0.764	 3.7	 0.0
1	2020	 74	20884	  2.5	 16.2	0.566	 3.3	 0.0
1	2020	 75	20810	  3.7	 19.2	0.503	 2.1	 0.0
1	2020	 76	12861	  6.8	 16.8	0.789	 3.5	 0.0
1	2020	 77	20227	  8.4	 22.2	0.896	 2.5	 0.0
1	2020	 78	21151	  8.8	 24.4	0.874	 4.7	 0.0
1	2020	 79	21931	  6.8	 18.0	0.397	 2.7	 0.0
1	2020	 80	21221	  8.0	 24.3	0.902	 4.6	 0.0
1	2020	 81	19491	 12.9	 26.9	1.232	 3.4	 0.0
1	2020	 82	21116	 11.8	 20.3	0.747	 3.5	 0.0
1	2020	 83	21664	  7.8	 21.9	0.771	 3.0	 0.0
1	2020	 84	20091	 10.7	 22.3	0.799	 3.7	 0.0
1	2020	 85	 8687	 11.7	 19.3	1.414	 3.1	10.6
1	2020	 86	 3280	  7.8	 16.1	1.227	 4.9	 2.4
1	2020	 87	13269	  7.7	 13.1	0.452	 4.0	 0.0
1	2020	 88	22570	  5.2	 14.2	0.468	 2.5	 0.0
1	2020	 89	 7400	  5.8	 10.6	0.773	 1.7	 0.7
1	2020	 90	17076	  2.2	 13.5	0.835	 1.8	 0.0
1	2020	 91	 6771	  7.5	 12.8	0.975	 1.5	 0.0
1	2020	 92	 9269	  7.1	 15.3	1.071	 1.9	 1.4
1	2020	 93	 9541	  7.2	 14.5	0.814	 2.1	 0.3
1	2020	 94	22731	  3.5	 17.8	0.829	 1.5	 0.0
1	2020	 95	23367	  4.9	 21.2	0.840	 2.4	 0.0
1	2020	 96	22181	  6.6	 18.1	0.688	 3.0	 0.0
1	2020	 97	19250	  8.9	 20.5	0.788	 2.6	 0.0
1	2020	 98	23637	  6.4	 22.7	0.835	 2.6	 0.0
1	2020	 99	21573	  7.3	 22.8	0.861	 2.2	 0.0
1	2020	100	21829	  9.1	 23.1	0.976	 4.0	 0.0
1	2020	101	 9939	  6.2	 13.0	0.851	 5.1	 8.1
1	2020	102	19596	  5.0	 15.0	0.779	 3.7	 2.0
1	2020	103	25333	  7.0	 21.1	0.599	 4.5	 0.0
1	2020	104	25129	  4.3	 22.5	0.716	 2.7	 0.0
1	2020	105	18748	 11.8	 22.6	0.796	 3.5	 0.0
1	2020	106	24424	 10.3	 25.4	1.108	 3.4	 0.0
1	2020	107	17744	 14.6	 24.7	1.158	 3.1	 1.0
1	2020	108	25834	  9.2	 23.7	0.845	 3.2	 0.0
1	2020	109	 9403	  9.5	 18.4	1.011	 2.4	 6.3
1	2020	110	12969	 11.1	 18.1	1.220	 2.8	 3.7
1	2020	111	19621	 12.7	 19.8	0.798	 3.5	 0.0
1	2020	112	19899	  9.4	 20.1	0.938	 2.0	 0.1
1	2020	113	25896	  9.5	 17.4	0.559	 3.2	 0.2
1	2020	114	25001	  5.1	 19.8	0.575	 2.0	 0.0
1	2020	115	26790	  6.3	 22.9	0.541	 3.6	 0.0
1	2020	116	26993	 12.3	 25.6	0.608	 4.4	 0.0
1	2020	117	26075	 10.9	 24.0	0.830	 3.8	 0.0
1	2020	118	22206	 10.6	 21.1	0.767	 3.1	 2.4
1	2020	119	26967	  9.6	 24.2	0.775	 3.5	 0.0
1	2020	120	25602	 12.1	 30.0	1.284	 3.7	 0.0
1	2020	121	23427	 18.4	 33.4	1.786	 3.6	 0.0
1	2020	122	24147	 18.8	 30.1	1.963	 3.8	 0.6
1	2020	123	25403	 17.5	 32.4	2.274	 2.5	 0.0
1	2020	124	26411	 19.6	 36.5	1.954	 2.6	 0.0
1	2020	125	18968	 19.6	 28.7	1.825	 4.4	 0.0
1	2020	126	20100	 14.8	 22.4	1.335	 3.2	 1.3
1	2020	127	24281	 12.9	 24.8	1.405	 3.3	 0.0
1	2020	128	 6698	 17.2	 22.3	1.909	 3.4	14.6
1	2020	129	 4970	 14.9	 19.5	1.701	 4.6	14.1
1	2020	130	18587	 11.2	 20.8	1.395	 2.9	 2.7
1	2020	131	26524	 11.6	 25.9	1.567	 2.1	 0.0
1	2020	132	26094	 14.8	 23.5	1.007	 4.4	 0.0
1	2020	133	27744	 15.0	 27.3	1.040	 3.2	 0.0
1	2020	134	25331	 15.7	 29.8	1.284	 3.6	 0.0
1	2020	135	14488	 18.8	 26.3	1.722	 2.5	 0.6
1	2020	136	26649	 14.9	 29.3	1.789	 2.4	 0.0
1	2020	137	25423	 17.7	 30.9	1.748	 4.0	 0.0
1	2020	138	26503	 19.0	 33.7	1.861	 4.2	 2.0
1	2020	139	28031	 13.8	 25.2	0.847	 4.0	 0.1
1	2020	140	28145	 13.9	 30.2	0.962	 2.4	 0.0
1	2020	141	16562	 16.7	 30.1	1.282	 2.3	 0.0
1	2020	142	27511	 18.5	 32.0	1.405	 2.9	 0.0
1	2020	143	27391	 20.1	 33.5	1.635	 2.0	 0.0
1	2020	144	24732	 22.3	 35.5	1.708	 4.5	 1.7
1	2020	145	19470	 18.3	 29.5	1.356	 1.8	 0.0
1	2020	146	19445	 21.3	 29.0	1.405	 3.5	 0.0
1	2020	147	26049	 18.1	 29.5	1.435	 2.8	 0.0
1	2020	148	27091	 16.7	 32.9	1.150	 2.5	 0.0
1	2020	149	28068	 18.5	 34.6	1.183	 2.9	 0.0
1	2020	150	10346	 22.4	 29.7	1.530	 3.6	 0.2
1	2020	151	15228	 18.4	 25.1	1.664	 3.3	 0.2
1	2020	152	24382	 17.8	 33.6	1.946	 2.1	 0.0
1	2020	153	26143	 20.0	 34.5	1.890	 3.6	 0.1
1	2020	154	22254	 24.7	 34.1	1.440	 2.7	 0.0
1	2020	155	29364	 19.9	 36.7	0.966	 3.0	 0.0
1	2020	156	26190	 23.0	 37.2	1.587	 3.2	 0.0
1	2020	157	22332	 24.7	 36.2	1.972	 2.5	 0.0
1	2020	158	28594	 20.5	 35.6	1.610	 2.1	 0.0
1	2020	159	27599	 21.8	 36.3	1.537	 3.8	 0.0
1	2020	160	25337	 22.5	 34.9	1.674	 4.5	 0.0
1	2020	161	11968	 24.1	 29.5	2.294	 3.1	 3.7
1	2020	162	19762	 22.0	 31.4	2.579	 2.0	 3.2
1	2020	163	19687	 22.7	 32.8	2.354	 2.2	 1.1
1	2020	164	 9182	 20.8	 26.2	2.237	 3.5	14.8
1	2020	165	12038	 20.4	 28.3	2.390	 1.6	 0.2
1	2020	166	24878	 22.3	 33.4	2.680	 1.6	 0.2
1	2020	167	18234	 23.4	 33.4	2.567	 1.8	 1.5
1	2020	168	 4838	 18.6	 24.7	2.053	 3.3	26.7
1	2020	169	 2185	 17.9	 18.7	1.927	 3.5	38.9
1	2020	170	12936	 17.6	 24.5	2.050	 2.6	 7.3
1	2020	171	23822	 16.1	 27.7	2.038	 2.0	 0.2
1	2020	172	18326	 19.6	 28.1	2.259	 2.7	 0.2
1	2020	173	21574	 19.3	 28.1	2.247	 2.7	 0.2
1	2020	174	 8559	 20.8	 24.5	2.337	 2.9	10.3
1	2020	175	 5396	 21.1	 24.4	2.480	 2.4	 1.7
1	2020	176	27453	 19.3	 30.5	2.330	 1.8	 0.0
1	2020	177	26108	 21.4	 32.2	2.496	 2.7	 0.0
1	2020	178	20635	 23.2	 31.7	2.740	 2.4	 0.0
1	2020	179	20639	 23.8	 32.8	2.894	 2.4	 0.5
1	2020	180	 9228	 22.2	 26.5	2.534	 4.1	15.6
1	2020	181	24039	 21.3	 30.0	2.292	 2.7	 0.0
1	2020	182	17552	 22.4	 28.5	2.556	 2.4	 5.8
1	2020	183	18610	 20.5	 28.8	2.377	 2.0	 0.1
1	2020	184	18657	 22.7	 29.4	2.646	 2.6	 1.0
1	2020	185	18777	 21.1	 27.8	2.501	 2.2	 1.3
1	2020	186	15827	 20.5	 28.5	2.481	 2.7	 0.3
1	2020	187	23190	 22.7	 31.3	2.828	 2.6	 0.2
1	2020	188	27115	 23.6	 34.8	2.820	 2.0	 0.0
1	2020	189	25461	 24.5	 34.1	2.837	 2.0	 0.1
1	2020	190	25998	 24.0	 32.2	2.346	 3.1	 0.0
1	2020	191	23756	 22.3	 30.7	2.357	 2.7	 0.0
1	2020	192	24533	 21.2	 31.2	2.448	 2.3	 0.2
1	2020	193	 9045	 21.7	 28.6	2.458	 4.9	15.8
1	2020	194	 4765	 21.1	 23.4	2.274	 4.3	22.3
1	2020	195	19297	 20.0	 27.5	2.316	 2.4	 0.1
1	2020	196	 7558	 20.6	 25.6	2.598	 0.8	 4.0
1	2020	197	21089	 20.0	 28.4	2.630	 1.4	 1.5
1	2020	198	23516	 20.1	 29.3	2.503	 2.2	 0.1
1	2020	199	 6440	 20.9	 24.0	2.449	 2.6	34.8
1	2020	200	 9549	 21.3	 27.0	2.579	 2.4	 3.1
1	2020	201	13594	 21.4	 26.6	2.436	 2.6	 1.7
1	2020	202	25934	 19.1	 30.3	2.480	 1.7	 0.0
1	2020	203	16923	 21.3	 28.6	2.606	 3.1	 2.5
1	2020	204	 3246	 20.7	 24.9	2.549	 4.4	98.0
1	2020	205	21800	 21.2	 28.3	2.479	 3.0	 0.0
1	2020	206	18473	 20.4	 28.5	2.452	 2.1	 0.1
1	2020	207	19182	 18.5	 29.6	2.561	 1.3	 0.0
1	2020	208	 5412	 21.1	 24.7	2.517	 2.0	 9.6
1	2020	209	15480	 20.0	 27.7	2.551	 1.8	 0.3
1	2020	210	18371	 20.2	 28.8	2.742	 2.0	 0.1
1	2020	211	14409	 23.2	 29.0	2.896	 2.2	 0.1
1	2020	212	16737	 23.4	 30.5	3.126	 2.8	 4.3
1	2020	213	15565	 23.4	 29.7	3.069	 2.5	15.9
1	2020	214	21147	 24.3	 32.4	3.395	 2.4	18.9
1	2020	215	 8897	 25.5	 31.0	3.505	 2.5	23.4
1	2020	216	19749	 26.0	 33.1	3.513	 3.0	 0.4
1	2020	217	19201	 26.8	 32.7	3.496	 2.7	 1.8
1	2020	218	18771	 25.3	 32.6	3.366	 1.8	 0.6
1	2020	219	12991	 25.9	 32.2	3.404	 2.5	20.6
1	2020	220	 4654	 24.8	 28.0	3.250	 2.0	14.4
1	2020	221	11077	 23.9	 29.2	3.034	 1.8	 0.7
1	2020	222	23590	 22.5	 31.6	3.000	 1.3	 0.0
1	2020	223	21547	 24.0	 32.2	3.230	 1.9	 0.1
1	2020	224	22372	 24.1	 32.1	3.234	 2.7	 1.4
1	2020	225	15293	 25.1	 31.6	3.458	 3.3	25.4
1	2020	226	17849	 26.7	 31.6	3.322	 4.4	 4.2
1	2020	227	17604	 26.0	 32.2	3.363	 3.6	 3.3
1	2020	228	20341	 26.7	 32.6	3.290	 3.2	 0.4
1	2020	229	21117	 25.8	 33.4	3.351	 2.2	 0.2
1	2020	230	21988	 25.9	 34.0	3.397	 2.0	 0.1
1	2020	231	22368	 26.1	 33.2	3.200	 2.2	 0.0
1	2020	232	18278	 24.0	 32.3	2.980	 2.4	 6.4
1	2020	233	 4986	 20.9	 24.0	2.554	 3.5	14.1
1	2020	234	 6351	 21.3	 24.9	2.549	 2.5	10.7
1	2020	235	11393	 21.4	 27.6	2.734	 1.9	 0.5
1	2020	236	18676	 22.8	 30.9	3.133	 2.5	 0.7
1	2020	237	16082	 23.5	 31.0	3.065	 3.5	 1.0
1	2020	238	20038	 20.8	 28.7	2.470	 2.8	 0.0
1	2020	239	11967	 21.9	 27.4	2.525	 3.0	 1.1
1	2020	240	23324	 19.1	 28.8	2.256	 1.8	 0.0
1	2020	241	23310	 19.7	 30.3	2.467	 1.6	 0.0
1	2020	242	22838	 20.4	 30.9	2.641	 1.7	 0.0
1	2020	243	17106	 21.6	 29.8	2.834	 1.7	 0.0
1	2020	244	17914	 23.6	 30.8	2.881	 1.7	 0.2
1	2020	245	20975	 22.7	 30.3	2.510	 2.7	 0.2
1	2020	246	21367	 21.2	 29.3	2.068	 3.0	 1.2
1	2020	247	22375	 17.4	 28.9	1.714	 2.5	 0.0
1	2020	248	23187	 18.2	 30.7	1.811	 2.8	 0.0
1	2020	249	21966	 19.5	 31.9	1.943	 2.4	 0.0
1	2020	250	21089	 20.7	 31.7	2.042	 1.4	 0.0
1	2020	251	22493	 20.1	 32.3	1.993	 2.3	 0.0
1	2020	252	20737	 19.8	 31.7	2.109	 1.7	 0.0
1	2020	253	20023	 20.4	 31.4	2.218	 1.7	 0.1
1	2020	254	 8726	 19.8	 25.3	2.391	 1.3	14.7
1	2020	255	21550	 18.4	 27.0	1.941	 3.1	 0.0
1	2020	256	15644	 18.0	 25.7	1.869	 3.0	 0.0
1	2020	257	17200	 18.8	 26.7	2.084	 1.7	 0.4
1	2020	258	14934	 20.3	 27.4	2.292	 2.2	 0.6
1	2020	259	16106	 20.1	 27.7	2.282	 2.9	 0.9
1	2020	260	17700	 18.8	 29.9	1.812	 2.1	 0.0
1	2020	261	13536	 17.4	 26.2	1.419	 1.8	 0.0
1	2020	262	21578	 15.0	 28.7	1.470	 2.7	 0.0
1	2020	263	20990	 17.5	 29.2	1.390	 2.6	 0.0
1	2020	264	19199	 15.5	 28.3	1.619	 2.0	 0.0
1	2020	265	 5099	 18.5	 24.4	1.786	 2.1	 3.0
1	2020	266	12223	 17.5	 25.6	1.867	 1.6	 2.5
1	2020	267	12829	 18.7	 25.3	1.837	 1.3	 0.3
1	2020	268	16986	 17.2	 26.3	1.763	 1.0	 0.1
1	2020	269	15856	 16.4	 25.8	1.821	 1.9	 0.2
1	2020	270	14907	 16.3	 25.4	1.872	 2.2	 0.8
1	2020	271	18590	 16.1	 26.0	1.595	 2.5	 0.0
1	2020	272	14473	 15.9	 25.5	1.610	 2.2	 0.5
1	2020	273	14262	 17.9	 26.6	1.633	 1.9	 0.0
1	2020	274	12923	 17.5	 24.7	1.710	 2.5	 0.1
1	2020	275	12496	 17.5	 26.4	1.815	 2.8	 0.0
1	2020	276	 2469	 14.3	 20.0	1.694	 3.0	13.0
1	2020	277	 6956	 15.0	 20.8	1.262	 2.1	 0.9
1	2020	278	11770	 10.4	 16.9	0.714	 4.2	 0.0
1	2020	279	 6351	  7.8	 16.4	0.713	 2.1	 0.1
1	2020	280	 9342	  7.1	 17.2	0.848	 1.4	 0.0
1	2020	281	10611	 10.7	 19.7	0.913	 1.5	 0.0
1	2020	282	15854	 10.2	 22.2	1.196	 2.1	 0.0
1	2020	283	11660	 12.9	 21.9	1.401	 1.6	 0.0
1	2020	284	 6123	 13.0	 22.4	1.487	 1.9	 0.0
1	2020	285	 4444	 17.3	 21.1	1.594	 1.8	 1.0
1	2020	286	 4147	 15.6	 19.5	1.484	 2.5	 0.1
1	2020	287	 5103	 14.0	 19.0	1.384	 2.0	 0.8
1	2020	288	 1918	 13.1	 16.4	1.459	 3.5	 4.1
1	2020	289	 6020	 11.8	 18.0	1.501	 1.2	 3.0
1	2020	290	 9635	 11.3	 19.5	1.332	 2.1	 1.3
1	2020	291	14907	  6.3	 19.3	0.853	 1.7	 0.0
1	2020	292	14343	  6.7	 19.4	0.903	 2.0	 0.0
1	2020	293	15848	  8.3	 20.4	1.016	 1.7	 0.0
1	2020	294	11476	  7.4	 19.8	1.028	 2.1	 0.0
1	2020	295	15790	 10.3	 22.2	0.867	 3.0	 0.0
1	2020	296	15897	  6.9	 20.6	0.646	 2.2	 0.0
1	2020	297	15841	  6.2	 17.7	0.517	 2.3	 0.0
1	2020	298	15746	  4.2	 18.3	0.590	 2.1	 0.0
1	2020	299	12945	  8.2	 20.0	0.826	 2.5	 0.0
1	2020	300	13308	  9.9	 22.3	1.114	 1.6	 0.0
1	2020	301	 6794	 12.1	 19.4	1.093	 2.9	 0.0
1	2020	302	 9379	 11.2	 19.2	0.936	 2.5	 0.0
1	2020	303	 9923	  9.7	 19.8	1.169	 1.3	 0.0
1	2020	304	11700	  9.3	 20.0	1.181	 1.8	 0.0
1	2020	305	 6405	 13.6	 19.8	1.336	 2.6	 0.0
1	2020	306	12836	 11.0	 21.9	1.068	 2.4	 0.0
1	2020	307	13387	  7.2	 19.4	0.553	 3.0	 0.0
1	2020	308	12827	  4.5	 16.2	0.476	 1.8	 0.0
1	2020	309	13034	  6.7	 17.8	0.511	 3.2	 0.0
1	2020	310	 6721	  9.8	 17.9	0.896	 2.1	 0.0
1	2020	311	12605	 11.0	 22.2	1.021	 2.4	 0.0
1	2020	312	13337	  8.7	 21.8	0.568	 2.9	 0.0
1	2020	313	13098	  5.7	 18.6	0.551	 2.3	 0.0
1	2020	314	12843	  4.2	 18.4	0.589	 1.9	 0.0
1	2020	315	12506	  5.5	 19.6	0.722	 2.4	 0.0
1	2020	316	12042	  7.7	 19.9	0.769	 3.4	 0.0
1	2020	317	11873	  8.7	 20.4	0.944	 2.5	 0.0
1	2020	318	11816	  7.5	 19.9	1.004	 2.1	 0.0
1	2020	319	11595	  8.8	 18.9	1.078	 2.8	 0.0
1	2020	320	10921	  9.2	 19.4	1.228	 2.4	 0.0
1	2020	321	 7711	 10.6	 19.4	1.222	 3.2	 0.0
1	2020	322	 1524	 13.8	 17.5	1.651	 3.9	28.5
1	2020	323	 1134	 10.7	 17.8	1.503	 3.0	26.0
1	2020	324	 9434	  7.8	 15.8	0.986	 3.5	 0.0
1	2020	325	10976	  4.8	 11.2	0.710	 3.7	 0.0
1	2020	326	 1512	  5.1	  7.0	0.809	 3.7	 9.4
1	2020	327	 4370	  3.7	  7.3	0.686	 3.8	 0.3
1	2020	328	 4024	  0.1	  5.1	0.498	 1.6	 0.1
1	2020	329	 7837	 -1.3	  6.6	0.552	 1.0	 0.0
1	2020	330	 5926	 -0.9	  7.7	0.660	 1.7	 0.3
1	2020	331	 2275	  4.8	  7.7	0.710	 2.2	 0.1
1	2020	332	 5234	  3.8	  9.0	0.681	 2.8	 0.1
1	2020	333	 4246	  0.2	  5.7	0.550	 1.8	 0.0
1	2020	334	 8988	 -1.2	  9.2	0.654	 1.4	 0.0
1	2020	335	 9141	  0.5	  8.2	0.610	 1.9	 0.0
1	2020	336	 3420	  1.1	  5.8	0.544	 2.7	 0.3
1	2020	337	 5252	 -1.7	  5.1	0.647	 2.2	 0.2
1	2020	338	 9801	 -0.5	  5.5	0.469	 2.9	 0.0
1	2020	339	10141	 -2.2	  6.1	0.456	 1.2	 0.0
1	2020	340	 9975	 -1.5	  7.6	0.448	 1.9	 0.0
1	2020	341	 8987	 -2.4	  9.3	0.561	 1.6	 0.0
1	2020	342	 9654	  1.2	  9.1	0.587	 2.8	 0.1
1	2020	343	 9846	 -2.1	  7.4	0.454	 2.4	 0.0
1	2020	344	 2514	  2.4	  7.1	0.650	 1.8	 0.0
1	2020	345	 8684	  0.7	 10.1	0.749	 1.8	 0.0
1	2020	346	 8119	 -0.8	 10.2	0.642	 1.6	 0.0
1	2020	347	 8917	 -2.3	 10.7	0.614	 1.9	 0.0
1	2020	348	 8342	 -0.9	  4.2	0.297	 5.6	 0.0
1	2020	349	10170	 -5.6	  1.1	0.185	 1.7	 0.0
1	2020	350	10101	 -6.2	  3.2	0.253	 2.0	 0.0
1	2020	351	 9824	 -5.9	  4.5	0.315	 1.6	 0.0
1	2020	352	 8633	 -4.3	  5.4	0.347	 1.9	 0.0
1	2020	353	 8846	 -3.2	  6.0	0.359	 2.7	 0.0
1	2020	354	 9164	 -5.5	  4.9	0.379	 1.6	 0.0
1	2020	355	 9983	 -3.3	  6.7	0.395	 2.2	 0.0
1	2020	356	10039	 -5.2	  7.8	0.392	 2.2	 0.0
1	2020	357	 9966	 -2.4	 10.0	0.434	 2.7	 0.0
1	2020	358	 9006	 -0.5	 11.3	0.550	 2.2	 0.0
1	2020	359	10067	 -3.1	  9.6	0.392	 2.0	 0.0
1	2020	360	 9472	 -2.4	  9.8	0.488	 2.4	 0.0
1	2020	361	 8287	 -0.9	 10.5	0.588	 2.0	 0.0
1	2020	362	 9896	 -0.5	 12.4	0.661	 1.9	 0.0
1	2020	363	 8294	  1.1	 13.1	0.762	 3.2	 1.4
1	2020	364	 3593	 -7.1	  3.8	0.374	 5.4	 7.2
1	2020	365	10939	 -8.8	 -2.7	0.157	 2.9	 0.0
1	2020	366	10483	 -8.8	  1.3	0.195	 2.2	 0.0
