*------------------------------------------------------------*
*   Country: China
*   Station: 116.2_33.8
*      Year: 2020
*    Origin: AgERA5 dataset
*    Author: Huang Hai, CAU
* Longitude: 116.20 E
*  Latitude: 33.80 N
* Elevation: 32.00 m
*   Columns: 
*   ======== 
*  station number
*  year
*  day
*  irradiation (kJ路m-2路d-1)
*  minimum temperature (degrees Celsius)
*  maximum temperature (degrees Celsius)
*  vapour pressure (kPa)
*  mean wind speed (m路s-1)
*  precipitation (mm路d-1)
** WCCDESCRIPTION=116.2_33.8, China
** WCCFORMAT=2
** WCCYEARNR=2020
*------------------------------------------------------------*
116.20  33.80  32.00  -0.18  -0.55
1	2020	  1	 6310	 -4.2	  5.8	0.483	 1.7	 0.5
1	2020	  2	 1072	  2.4	  5.0	0.649	 1.4	 0.4
1	2020	  3	 5842	  2.6	  8.9	0.658	 1.4	 0.0
1	2020	  4	 8700	  0.9	 11.4	0.752	 1.7	 0.0
1	2020	  5	   73	  4.7	  6.6	0.868	 3.9	21.4
1	2020	  6	   45	  3.1	  6.4	0.793	 3.5	21.8
1	2020	  7	 1003	  0.3	  3.7	0.691	 4.1	22.7
1	2020	  8	 6401	 -3.2	  4.2	0.532	 1.3	 0.0
1	2020	  9	 5639	  0.9	  5.7	0.556	 1.7	 0.0
1	2020	 10	 2778	 -0.2	  5.1	0.659	 1.7	 0.8
1	2020	 11	 5768	  0.2	  6.4	0.637	 1.7	 0.0
1	2020	 12	 8795	 -4.2	  6.6	0.591	 1.3	 0.4
1	2020	 13	 5091	 -0.9	  6.4	0.647	 2.0	 0.5
1	2020	 14	11698	 -5.0	  4.4	0.412	 2.4	 0.0
1	2020	 15	 4556	 -3.8	  2.8	0.460	 2.8	 2.1
1	2020	 16	 4682	 -0.5	  4.1	0.604	 2.5	 1.9
1	2020	 17	 6380	 -0.6	  4.8	0.597	 1.3	 0.0
1	2020	 18	 9816	 -3.4	  7.5	0.597	 1.6	 0.0
1	2020	 19	12038	 -1.2	  9.1	0.528	 2.5	 0.0
1	2020	 20	10146	 -3.8	  9.1	0.533	 1.7	 0.0
1	2020	 21	 5661	 -0.9	  8.3	0.606	 2.4	 0.1
1	2020	 22	 8152	 -2.0	  9.3	0.726	 1.7	 0.0
1	2020	 23	 4353	  4.4	  9.7	0.810	 2.4	 0.1
1	2020	 24	 3556	  1.7	  6.3	0.701	 3.2	 0.7
1	2020	 25	 6471	  2.0	  7.1	0.472	 2.6	 0.2
1	2020	 26	 2417	  0.4	  3.8	0.564	 3.2	 6.4
1	2020	 27	 7896	 -0.5	  5.7	0.608	 2.2	 0.3
1	2020	 28	10942	 -2.7	  8.5	0.534	 2.1	 0.0
1	2020	 29	11997	 -3.2	  9.0	0.563	 1.8	 0.1
1	2020	 30	13175	 -3.8	  8.8	0.487	 2.0	 0.0
1	2020	 31	13324	 -3.1	 11.6	0.556	 2.5	 0.0
1	2020	 32	10040	 -0.7	 12.1	0.577	 2.3	 0.0
1	2020	 33	11963	  1.3	 12.4	0.584	 2.1	 0.0
1	2020	 34	13776	  0.1	  9.5	0.509	 3.1	 0.0
1	2020	 35	13407	  0.3	 13.2	0.677	 2.6	 0.0
1	2020	 36	 4685	  2.4	  6.3	0.593	 4.6	 0.0
1	2020	 37	 7696	  0.2	  5.6	0.565	 4.0	 0.7
1	2020	 38	 8838	 -1.4	  7.2	0.674	 1.2	 0.0
1	2020	 39	 8934	  1.9	  8.7	0.706	 1.2	 0.0
1	2020	 40	14506	  0.3	 13.9	0.698	 3.4	 0.0
1	2020	 41	14532	  3.2	 15.6	0.718	 3.1	 0.0
1	2020	 42	 9334	  6.4	 14.1	0.888	 2.0	 0.0
1	2020	 43	14663	  2.4	 16.2	0.966	 2.6	 0.0
1	2020	 44	14381	  4.6	 18.9	1.129	 3.1	 0.0
1	2020	 45	 3462	  3.0	 15.3	1.205	 4.0	 8.6
1	2020	 46	 3514	 -1.6	  3.1	0.466	 4.9	 9.1
1	2020	 47	16270	 -3.6	  5.6	0.334	 3.2	 0.0
1	2020	 48	16496	 -4.2	  8.1	0.366	 2.6	 0.0
1	2020	 49	16448	 -3.3	 12.3	0.440	 2.8	 0.0
1	2020	 50	12060	  1.2	 13.2	0.581	 2.6	 0.0
1	2020	 51	14796	 -0.5	 15.2	0.684	 2.2	 0.0
1	2020	 52	15505	  5.6	 14.3	0.761	 2.7	 0.9
1	2020	 53	16909	  0.1	 13.0	0.462	 2.1	 0.0
1	2020	 54	16574	  3.5	 17.6	0.707	 3.6	 0.0
1	2020	 55	 7903	  8.9	 19.7	1.176	 2.2	 7.7
1	2020	 56	 8300	  8.4	 13.9	1.075	 3.5	 1.3
1	2020	 57	 6162	  6.6	 12.0	0.903	 3.3	 0.1
1	2020	 58	 9176	  2.7	  9.4	0.622	 3.4	 9.0
1	2020	 59	 6134	  3.7	  8.4	0.809	 1.8	 5.8
1	2020	 60	 7250	  5.5	 10.3	0.869	 1.4	 0.1
1	2020	 61	 6645	  2.9	 10.1	0.827	 2.7	 0.2
1	2020	 62	10065	  1.7	  9.3	0.614	 2.4	 0.0
1	2020	 63	15128	 -1.4	 12.0	0.620	 2.1	 0.0
1	2020	 64	18626	  0.1	 11.6	0.507	 2.7	 0.0
1	2020	 65	18789	  0.9	 12.6	0.565	 3.6	 0.0
1	2020	 66	14646	  2.6	 15.0	0.803	 2.8	 0.0
1	2020	 67	18364	  4.2	 17.5	1.023	 2.0	 0.0
1	2020	 68	16689	  7.7	 17.3	1.041	 4.1	 0.0
1	2020	 69	 6382	  7.6	 13.0	1.025	 4.1	 3.3
1	2020	 70	14392	  4.8	 12.9	0.858	 2.2	 0.1
1	2020	 71	19375	  3.4	 17.5	0.781	 3.3	 0.0
1	2020	 72	15969	  6.0	 18.1	0.969	 2.0	 0.0
1	2020	 73	10949	  3.1	 11.5	0.808	 3.6	 0.3
1	2020	 74	20713	  1.6	 15.9	0.619	 3.1	 0.0
1	2020	 75	21136	  3.1	 18.7	0.593	 2.2	 0.0
1	2020	 76	11922	  6.7	 15.8	0.830	 3.1	 0.0
1	2020	 77	19734	  8.2	 21.5	0.984	 2.9	 0.0
1	2020	 78	21221	  7.7	 23.5	0.987	 4.3	 0.0
1	2020	 79	22200	  7.7	 17.6	0.459	 2.5	 0.0
1	2020	 80	21337	  7.6	 24.0	0.943	 4.2	 0.0
1	2020	 81	19517	 11.4	 26.4	1.317	 2.6	 0.0
1	2020	 82	20967	 12.1	 20.0	0.812	 4.0	 0.0
1	2020	 83	21589	  8.3	 21.5	0.766	 3.2	 0.0
1	2020	 84	20292	 10.0	 22.2	0.849	 3.6	 0.0
1	2020	 85	 8978	 12.2	 20.4	1.533	 2.8	12.9
1	2020	 86	 3173	  8.5	 16.5	1.362	 4.6	 5.4
1	2020	 87	11980	  7.5	 13.1	0.611	 4.0	 1.9
1	2020	 88	22564	  4.4	 13.6	0.622	 2.1	 0.0
1	2020	 89	 6552	  5.6	  9.7	0.807	 1.6	 1.1
1	2020	 90	14367	  3.1	 12.2	0.855	 1.4	 0.0
1	2020	 91	 4847	  8.4	 11.9	1.037	 0.9	 0.2
1	2020	 92	10442	  7.6	 15.9	1.112	 1.7	 0.7
1	2020	 93	15758	  8.2	 16.2	0.782	 2.3	 0.0
1	2020	 94	22127	  5.6	 17.3	0.869	 1.6	 0.0
1	2020	 95	23639	  4.9	 20.6	0.872	 2.6	 0.0
1	2020	 96	22439	  6.6	 17.6	0.709	 3.0	 0.0
1	2020	 97	18491	  7.9	 19.5	0.828	 2.4	 0.0
1	2020	 98	24023	  5.2	 22.0	0.851	 2.3	 0.0
1	2020	 99	23011	  7.0	 23.1	0.865	 2.1	 0.1
1	2020	100	22956	  8.3	 23.9	0.956	 3.3	 0.0
1	2020	101	15214	  7.1	 16.6	0.860	 5.1	 4.2
1	2020	102	16003	  5.5	 14.7	0.789	 4.1	 3.3
1	2020	103	25430	  6.6	 21.0	0.638	 4.7	 0.0
1	2020	104	25412	  4.0	 21.9	0.707	 2.2	 0.0
1	2020	105	18862	 11.6	 22.6	0.820	 3.3	 0.0
1	2020	106	24686	 10.4	 25.1	1.088	 3.2	 0.0
1	2020	107	16518	 13.6	 25.0	1.230	 2.9	 0.2
1	2020	108	24988	  9.9	 24.4	0.887	 3.1	 0.0
1	2020	109	 7918	 10.8	 18.2	1.005	 2.8	 5.4
1	2020	110	12941	 11.1	 17.7	1.242	 2.9	 5.0
1	2020	111	14712	 12.1	 19.3	0.912	 3.3	 0.0
1	2020	112	18925	  9.9	 19.5	0.988	 2.5	 0.3
1	2020	113	24801	  9.7	 18.4	0.730	 3.0	 0.0
1	2020	114	23721	  5.7	 20.0	0.638	 1.9	 0.0
1	2020	115	26767	  6.9	 22.7	0.635	 3.5	 0.0
1	2020	116	27100	 12.5	 27.0	0.724	 4.4	 0.0
1	2020	117	26165	 11.5	 25.1	0.878	 3.9	 0.0
1	2020	118	21366	 11.3	 20.5	0.815	 3.4	 2.2
1	2020	119	27194	  8.8	 24.3	0.790	 3.0	 0.0
1	2020	120	25756	 11.8	 30.1	1.318	 3.4	 0.0
1	2020	121	22792	 19.1	 33.0	1.797	 3.9	 0.2
1	2020	122	23139	 18.6	 30.2	1.968	 3.3	 0.2
1	2020	123	25596	 17.8	 32.6	2.298	 2.3	 0.0
1	2020	124	26583	 21.0	 36.6	2.077	 3.2	 0.0
1	2020	125	22451	 18.8	 30.9	1.993	 4.4	 0.3
1	2020	126	16745	 14.2	 21.5	1.364	 3.4	 4.0
1	2020	127	23981	 13.1	 24.2	1.423	 3.5	 0.0
1	2020	128	 7715	 17.9	 22.9	1.972	 3.6	 8.5
1	2020	129	 6192	 16.0	 20.8	1.828	 4.1	11.0
1	2020	130	19769	 11.9	 21.1	1.378	 3.0	 1.1
1	2020	131	26360	 12.0	 25.7	1.563	 1.8	 0.0
1	2020	132	26140	 14.5	 23.4	1.117	 4.2	 0.0
1	2020	133	28034	 14.8	 28.1	1.099	 3.2	 0.0
1	2020	134	25118	 15.4	 30.0	1.310	 3.6	 0.2
1	2020	135	11539	 18.3	 25.4	1.818	 2.1	 0.2
1	2020	136	26440	 15.2	 29.3	1.809	 2.3	 0.0
1	2020	137	26641	 17.0	 31.0	1.792	 3.5	 0.0
1	2020	138	26241	 20.1	 34.1	2.018	 4.7	 0.6
1	2020	139	28431	 14.4	 26.6	0.929	 4.0	11.3
1	2020	140	28274	 13.5	 30.0	1.098	 2.6	 0.0
1	2020	141	14661	 16.2	 29.2	1.383	 2.0	 0.1
1	2020	142	27681	 17.4	 32.0	1.489	 2.5	 0.0
1	2020	143	26594	 19.7	 33.6	1.852	 2.5	 0.0
1	2020	144	24798	 22.5	 35.8	1.856	 4.3	 2.0
1	2020	145	21095	 19.5	 31.1	1.440	 2.5	 0.0
1	2020	146	15111	 20.6	 28.0	1.523	 2.9	 0.0
1	2020	147	24474	 17.7	 29.4	1.558	 2.4	 0.1
1	2020	148	26958	 16.8	 32.8	1.263	 2.5	 0.0
1	2020	149	27880	 17.7	 34.8	1.350	 2.5	 0.0
1	2020	150	10311	 22.2	 30.1	1.618	 3.5	 0.0
1	2020	151	14495	 18.7	 25.8	1.741	 3.0	 0.2
1	2020	152	22559	 18.7	 33.1	2.090	 2.4	 0.0
1	2020	153	26232	 21.7	 34.3	1.972	 3.1	 0.0
1	2020	154	20350	 24.9	 34.1	1.743	 2.6	 0.0
1	2020	155	29251	 19.9	 36.1	1.168	 3.0	 0.0
1	2020	156	27115	 22.8	 37.0	1.844	 3.3	 0.0
1	2020	157	22679	 24.7	 36.6	2.014	 3.0	 0.0
1	2020	158	28792	 20.1	 35.7	1.661	 2.5	 0.0
1	2020	159	26271	 21.8	 36.1	1.595	 4.2	 0.0
1	2020	160	23568	 22.5	 34.6	1.813	 4.8	 0.0
1	2020	161	12306	 24.7	 30.1	2.296	 3.4	 0.1
1	2020	162	18755	 22.9	 31.5	2.541	 2.2	 2.3
1	2020	163	21363	 22.7	 34.0	2.401	 2.4	 1.9
1	2020	164	 7211	 21.6	 26.4	2.560	 3.0	15.9
1	2020	165	 8373	 20.9	 27.7	2.486	 1.6	 1.7
1	2020	166	23996	 22.3	 33.5	2.683	 1.8	 0.0
1	2020	167	17531	 23.4	 31.7	2.455	 1.7	 2.0
1	2020	168	 4841	 19.0	 24.7	2.082	 4.5	33.0
1	2020	169	 3914	 18.2	 20.9	1.993	 3.2	35.1
1	2020	170	11176	 18.0	 24.7	2.068	 2.7	21.2
1	2020	171	22885	 17.0	 27.7	2.039	 2.1	 0.1
1	2020	172	17662	 20.1	 28.3	2.311	 2.6	 0.4
1	2020	173	20273	 18.8	 28.0	2.229	 3.1	 0.2
1	2020	174	 6586	 20.9	 23.4	2.367	 3.3	16.5
1	2020	175	 5555	 21.5	 24.9	2.509	 2.2	 2.8
1	2020	176	27375	 19.8	 30.7	2.387	 2.1	 0.0
1	2020	177	26728	 21.1	 32.3	2.515	 2.5	 0.0
1	2020	178	21383	 22.7	 31.7	2.798	 2.4	 0.0
1	2020	179	15291	 23.8	 31.5	3.035	 2.4	 2.2
1	2020	180	 4586	 21.1	 26.1	2.448	 4.9	70.4
1	2020	181	23230	 21.0	 29.8	2.320	 3.1	 0.1
1	2020	182	16788	 22.1	 27.7	2.633	 2.0	 4.4
1	2020	183	15953	 21.4	 28.6	2.507	 2.0	 0.3
1	2020	184	12326	 22.9	 27.2	2.669	 2.3	 2.2
1	2020	185	18487	 21.3	 28.1	2.480	 2.5	 1.1
1	2020	186	15888	 20.6	 28.3	2.497	 2.6	 0.2
1	2020	187	24622	 21.9	 30.9	2.807	 2.4	 0.4
1	2020	188	26966	 23.8	 33.8	3.017	 2.3	 0.0
1	2020	189	25059	 25.5	 33.9	3.103	 2.0	 0.8
1	2020	190	25019	 24.0	 31.5	2.580	 3.4	 0.0
1	2020	191	25193	 21.6	 30.0	2.442	 2.8	 0.0
1	2020	192	23345	 21.3	 30.3	2.531	 2.6	 0.0
1	2020	193	 8092	 21.6	 27.4	2.521	 5.0	32.4
1	2020	194	 5319	 21.5	 24.1	2.417	 3.1	40.6
1	2020	195	18183	 20.2	 27.4	2.372	 2.4	 0.1
1	2020	196	 8742	 20.8	 26.2	2.604	 0.8	 5.0
1	2020	197	21700	 21.2	 28.5	2.587	 1.6	 1.1
1	2020	198	24744	 19.9	 28.9	2.474	 2.4	 0.0
1	2020	199	 6737	 21.0	 24.2	2.485	 2.9	36.2
1	2020	200	 6619	 21.9	 26.1	2.617	 2.4	 4.6
1	2020	201	11756	 20.9	 26.2	2.463	 2.7	13.2
1	2020	202	25910	 19.0	 30.1	2.496	 1.5	 0.0
1	2020	203	13686	 21.6	 28.1	2.607	 3.0	 7.2
1	2020	204	 3885	 20.9	 27.4	2.678	 4.4	91.6
1	2020	205	17401	 20.9	 28.2	2.588	 2.8	 1.1
1	2020	206	14742	 19.6	 26.8	2.396	 2.1	 0.2
1	2020	207	21808	 17.7	 29.7	2.573	 1.1	 0.0
1	2020	208	 5210	 21.9	 25.2	2.586	 2.4	13.1
1	2020	209	13662	 20.6	 27.7	2.575	 2.1	 0.4
1	2020	210	16700	 20.7	 28.5	2.763	 2.1	 0.2
1	2020	211	14461	 23.6	 29.0	2.960	 2.4	 0.2
1	2020	212	15007	 23.8	 29.5	3.149	 2.7	11.8
1	2020	213	15389	 23.4	 30.5	3.016	 2.3	26.1
1	2020	214	22407	 24.2	 32.6	3.491	 2.2	 1.7
1	2020	215	12040	 26.0	 32.4	3.589	 2.3	10.7
1	2020	216	21043	 26.6	 33.1	3.489	 2.9	 0.7
1	2020	217	20884	 27.2	 32.9	3.495	 2.8	 0.9
1	2020	218	20733	 25.3	 33.1	3.445	 1.6	 0.3
1	2020	219	16761	 26.5	 32.9	3.480	 2.4	12.2
1	2020	220	 5220	 25.5	 28.9	3.297	 2.6	15.0
1	2020	221	10547	 24.3	 29.1	3.078	 1.6	 5.7
1	2020	222	22458	 24.1	 31.4	3.059	 1.4	 0.6
1	2020	223	19800	 24.2	 31.9	3.234	 1.7	 0.1
1	2020	224	21917	 23.7	 31.6	3.232	 2.8	 2.0
1	2020	225	16275	 26.1	 31.8	3.480	 3.2	 8.5
1	2020	226	21208	 26.1	 32.2	3.341	 4.3	 0.6
1	2020	227	20928	 26.7	 32.5	3.297	 3.8	 0.1
1	2020	228	22003	 26.5	 33.2	3.332	 3.5	 0.0
1	2020	229	22289	 26.2	 33.5	3.414	 2.2	 0.2
1	2020	230	22702	 26.1	 34.2	3.462	 1.9	 0.0
1	2020	231	22009	 26.1	 33.5	3.254	 2.0	 0.3
1	2020	232	18971	 25.5	 32.6	3.157	 1.6	 9.2
1	2020	233	 8786	 21.8	 26.6	2.664	 3.3	 2.2
1	2020	234	 4429	 22.2	 23.9	2.620	 3.0	29.2
1	2020	235	10155	 21.8	 27.3	2.835	 2.2	 0.8
1	2020	236	20332	 23.0	 31.3	3.218	 2.4	 0.6
1	2020	237	18305	 24.9	 31.4	3.219	 3.2	 1.5
1	2020	238	20486	 21.5	 29.0	2.573	 2.7	 0.0
1	2020	239	10235	 22.7	 26.9	2.663	 2.9	 1.9
1	2020	240	23160	 19.2	 28.3	2.290	 2.1	 0.0
1	2020	241	23401	 19.2	 30.1	2.488	 1.7	 0.0
1	2020	242	22005	 21.0	 30.4	2.666	 1.8	 0.0
1	2020	243	14630	 21.8	 29.1	2.896	 1.7	 0.2
1	2020	244	17748	 23.5	 30.7	3.006	 1.6	 0.6
1	2020	245	20640	 22.8	 30.0	2.699	 2.6	 0.7
1	2020	246	21551	 21.6	 29.6	2.223	 2.8	 1.1
1	2020	247	21935	 17.4	 28.6	1.893	 2.0	 0.0
1	2020	248	23057	 19.4	 30.5	1.895	 2.7	 0.0
1	2020	249	22456	 19.2	 31.4	2.067	 1.8	 0.0
1	2020	250	21607	 20.2	 31.2	2.117	 1.2	 0.0
1	2020	251	22650	 19.8	 31.4	2.155	 2.3	 0.0
1	2020	252	21152	 19.9	 31.7	2.177	 1.5	 0.1
1	2020	253	20554	 20.3	 31.0	2.361	 1.6	 0.0
1	2020	254	 4239	 19.7	 24.5	2.337	 1.0	34.0
1	2020	255	20797	 17.9	 27.2	2.095	 2.7	 0.0
1	2020	256	17533	 17.9	 25.9	1.953	 2.6	 0.0
1	2020	257	17408	 18.1	 26.1	2.127	 1.5	 0.5
1	2020	258	16868	 19.9	 26.8	2.348	 2.3	 0.8
1	2020	259	16255	 20.0	 26.8	2.378	 2.4	 1.8
1	2020	260	18006	 19.5	 29.0	2.103	 1.8	 0.0
1	2020	261	14229	 17.8	 26.3	1.733	 1.7	 0.0
1	2020	262	21792	 14.6	 27.5	1.605	 2.1	 0.0
1	2020	263	21232	 17.7	 28.0	1.631	 2.2	 0.0
1	2020	264	18563	 15.0	 27.1	1.738	 1.8	 0.0
1	2020	265	 5995	 18.9	 24.2	1.947	 2.1	 6.8
1	2020	266	10475	 17.5	 24.1	2.003	 1.4	 5.6
1	2020	267	10347	 18.5	 24.7	1.963	 1.5	 1.1
1	2020	268	17916	 16.8	 25.8	1.925	 1.1	 0.1
1	2020	269	14929	 16.1	 25.3	1.949	 1.5	 0.1
1	2020	270	15629	 16.5	 25.4	1.989	 2.1	 0.8
1	2020	271	18430	 16.0	 25.3	1.684	 2.5	 0.0
1	2020	272	15020	 15.8	 25.1	1.689	 2.2	 0.1
1	2020	273	13156	 18.3	 25.8	1.730	 2.0	 0.0
1	2020	274	14963	 16.6	 24.3	1.767	 2.3	 0.2
1	2020	275	13667	 17.1	 25.8	1.876	 2.5	 0.0
1	2020	276	 4212	 14.5	 21.8	1.825	 3.3	12.7
1	2020	277	 6365	 14.8	 20.0	1.443	 2.6	 2.5
1	2020	278	10723	 10.7	 17.5	0.828	 3.8	 0.0
1	2020	279	 7365	  8.1	 16.7	0.787	 2.2	 0.2
1	2020	280	10190	  7.7	 17.3	0.906	 1.5	 0.0
1	2020	281	 8817	 11.2	 19.1	0.993	 1.8	 0.0
1	2020	282	15691	 10.5	 22.0	1.266	 2.4	 0.0
1	2020	283	11152	 12.8	 21.3	1.445	 1.7	 0.0
1	2020	284	12183	 13.0	 23.3	1.469	 1.8	 0.0
1	2020	285	 9016	 15.6	 22.7	1.592	 1.9	 1.3
1	2020	286	 5286	 16.3	 20.0	1.509	 2.7	 0.6
1	2020	287	 3093	 15.0	 18.0	1.441	 2.7	 1.2
1	2020	288	 2020	 13.8	 16.7	1.390	 3.9	 2.9
1	2020	289	 4619	 12.5	 17.6	1.548	 2.0	 2.8
1	2020	290	 9166	 12.6	 19.1	1.414	 1.7	 2.4
1	2020	291	14621	  6.5	 18.6	0.917	 1.2	 0.0
1	2020	292	13647	  6.7	 18.9	0.957	 1.3	 0.0
1	2020	293	16024	  8.1	 20.0	1.006	 1.6	 0.0
1	2020	294	10993	  7.4	 19.3	1.122	 1.7	 0.0
1	2020	295	15555	 11.1	 22.1	1.035	 2.7	 0.0
1	2020	296	16027	  7.5	 20.0	0.739	 2.0	 0.0
1	2020	297	15981	  6.8	 17.5	0.578	 2.4	 0.0
1	2020	298	15917	  4.3	 17.8	0.625	 2.1	 0.0
1	2020	299	12943	  8.1	 19.5	0.920	 2.3	 0.0
1	2020	300	12663	  9.4	 21.5	1.181	 1.5	 0.0
1	2020	301	10212	 10.9	 20.3	1.196	 2.7	 0.0
1	2020	302	10618	 12.5	 19.3	1.109	 2.7	 0.0
1	2020	303	 9377	 11.0	 19.1	1.218	 1.6	 0.2
1	2020	304	12384	  9.8	 20.0	1.200	 2.0	 0.0
1	2020	305	 5940	 13.2	 18.2	1.335	 2.2	 0.0
1	2020	306	12631	 12.5	 22.0	1.236	 2.2	 0.0
1	2020	307	13094	  6.9	 19.7	0.641	 2.8	 0.0
1	2020	308	13156	  5.3	 15.8	0.510	 1.9	 0.0
1	2020	309	13308	  7.1	 17.4	0.561	 2.9	 0.0
1	2020	310	 5720	  9.0	 17.3	0.990	 2.0	 0.0
1	2020	311	12780	 10.4	 21.4	1.128	 2.2	 0.0
1	2020	312	13478	  8.5	 21.3	0.674	 2.5	 0.0
1	2020	313	13238	  5.3	 19.3	0.661	 2.1	 0.0
1	2020	314	12601	  4.4	 18.0	0.677	 1.7	 0.0
1	2020	315	12680	  5.3	 19.2	0.780	 2.3	 0.0
1	2020	316	12502	  7.4	 19.4	0.803	 3.2	 0.0
1	2020	317	12098	  8.4	 19.9	0.966	 2.4	 0.0
1	2020	318	12001	  7.7	 19.5	1.042	 2.2	 0.0
1	2020	319	11936	  8.6	 18.5	1.089	 2.9	 0.0
1	2020	320	11181	  9.2	 19.4	1.249	 2.6	 0.0
1	2020	321	 8390	 10.6	 19.4	1.296	 3.5	 0.0
1	2020	322	 3482	 14.1	 19.1	1.741	 4.1	28.5
1	2020	323	 2399	 11.2	 18.4	1.599	 3.1	17.9
1	2020	324	10186	  7.8	 16.0	0.997	 3.4	 0.0
1	2020	325	11471	  5.3	 11.3	0.725	 4.1	 0.0
1	2020	326	  514	  5.3	  7.6	0.835	 4.1	15.6
1	2020	327	 3733	  4.0	  7.4	0.713	 4.0	 0.6
1	2020	328	 3367	  1.6	  5.3	0.535	 1.6	 0.6
1	2020	329	 7125	 -1.3	  6.3	0.609	 0.8	 0.0
1	2020	330	 3820	  0.4	  7.3	0.747	 1.8	 2.8
1	2020	331	  919	  4.7	  6.4	0.786	 2.2	 1.3
1	2020	332	 4730	  4.2	  8.9	0.730	 2.6	 0.0
1	2020	333	 3757	  1.2	  5.8	0.628	 1.9	 0.0
1	2020	334	 9244	 -1.8	  9.0	0.651	 1.2	 0.0
1	2020	335	 9272	  1.5	  8.2	0.608	 2.2	 0.0
1	2020	336	 5001	  1.1	  7.2	0.546	 3.2	 0.2
1	2020	337	 6514	  0.4	  6.4	0.630	 2.6	 0.1
1	2020	338	 9503	  0.2	  5.9	0.477	 3.0	 0.0
1	2020	339	10438	 -3.4	  6.0	0.430	 1.4	 0.0
1	2020	340	10053	 -2.6	  7.4	0.422	 1.9	 0.0
1	2020	341	 9365	 -3.2	  9.4	0.559	 1.3	 0.3
1	2020	342	 9647	  1.3	  9.8	0.668	 2.5	 0.9
1	2020	343	 9589	 -0.5	  7.8	0.488	 2.6	 0.0
1	2020	344	 1743	  3.3	  6.8	0.661	 1.4	 0.0
1	2020	345	 7024	  0.9	  9.8	0.742	 1.5	 0.0
1	2020	346	 8687	 -0.9	 10.5	0.642	 1.6	 0.0
1	2020	347	 9370	 -2.9	 10.7	0.622	 1.8	 0.0
1	2020	348	 7836	 -0.6	  4.4	0.349	 5.5	 0.0
1	2020	349	 9647	 -5.5	  1.4	0.209	 2.2	 0.0
1	2020	350	10283	 -6.3	  2.9	0.256	 1.8	 0.0
1	2020	351	 9951	 -5.4	  4.6	0.305	 1.5	 0.0
1	2020	352	 9167	 -4.5	  5.6	0.346	 1.6	 0.0
1	2020	353	 9218	 -3.7	  6.4	0.369	 2.6	 0.0
1	2020	354	 9668	 -4.7	  4.9	0.384	 1.5	 0.0
1	2020	355	10094	 -3.6	  7.4	0.397	 2.2	 0.0
1	2020	356	10221	 -5.4	  7.8	0.382	 1.9	 0.0
1	2020	357	 9641	 -2.8	 10.0	0.424	 2.4	 0.0
1	2020	358	 6904	 -1.2	 10.8	0.568	 1.9	 0.0
1	2020	359	10088	 -3.2	  9.6	0.446	 1.9	 0.0
1	2020	360	 9349	 -2.7	  9.8	0.480	 2.2	 0.0
1	2020	361	 7488	 -1.1	  9.9	0.607	 1.8	 0.1
1	2020	362	 9958	 -0.1	 12.6	0.695	 1.9	 0.0
1	2020	363	 9457	  1.5	 13.8	0.803	 2.9	 0.5
1	2020	364	 3071	 -6.6	  6.8	0.428	 5.6	 7.3
1	2020	365	11023	 -8.6	 -2.4	0.170	 2.6	 0.0
1	2020	366	10643	 -8.7	  1.2	0.204	 2.2	 0.0
