*------------------------------------------------------------*
*   Country: China
*   Station: 116.1_34.3
*      Year: 2021
*    Origin: AgERA5 dataset
*    Author: Huang Hai, CAU
* Longitude: 116.10 E
*  Latitude: 34.30 N
* Elevation: 42.00 m
*   Columns: 
*   ======== 
*  station number
*  year
*  day
*  irradiation (kJ路m-2路d-1)
*  minimum temperature (degrees Celsius)
*  maximum temperature (degrees Celsius)
*  vapour pressure (kPa)
*  mean wind speed (m路s-1)
*  precipitation (mm路d-1)
** WCCDESCRIPTION=116.1_34.3, China
** WCCFORMAT=2
** WCCYEARNR=2021
*------------------------------------------------------------*
116.10  34.30  42.00  -0.18  -0.55
1	2021	  1	10697	 -5.9	  5.2	0.287	 2.7	 0.0
1	2021	  2	 9145	 -5.1	  7.2	0.442	 2.1	 0.0
1	2021	  3	 6788	 -3.9	  5.9	0.452	 1.8	 0.0
1	2021	  4	 8842	 -4.1	  7.0	0.513	 2.4	 0.0
1	2021	  5	 4683	 -4.7	  2.1	0.353	 2.4	 0.1
1	2021	  6	10636	 -7.1	  2.6	0.242	 3.9	 0.0
1	2021	  7	11480	-12.5	 -6.0	0.081	 2.9	 0.0
1	2021	  8	11441	 -9.4	  0.1	0.140	 2.8	 0.0
1	2021	  9	11417	 -8.6	  2.7	0.170	 2.1	 0.0
1	2021	 10	10226	 -6.1	  4.3	0.212	 1.8	 0.0
1	2021	 11	11479	 -4.8	  4.0	0.210	 3.5	 0.0
1	2021	 12	11465	 -3.6	  9.7	0.300	 4.1	 0.0
1	2021	 13	11431	  0.0	 13.3	0.440	 2.9	 0.0
1	2021	 14	11305	 -1.5	 14.8	0.556	 3.2	 0.0
1	2021	 15	 8918	  0.4	  9.6	0.413	 3.9	 0.0
1	2021	 16	 9764	 -3.9	  3.6	0.345	 1.8	 0.0
1	2021	 17	12009	 -4.3	  5.6	0.283	 3.5	 0.0
1	2021	 18	12140	 -2.8	 10.0	0.391	 2.6	 0.0
1	2021	 19	11975	 -1.0	 10.9	0.435	 4.0	 0.0
1	2021	 20	10570	 -1.3	 10.6	0.598	 1.7	 0.0
1	2021	 21	 5764	  1.3	 10.0	0.683	 1.4	 0.0
1	2021	 22	 7883	 -0.3	  9.6	0.704	 2.0	 0.0
1	2021	 23	12050	  0.1	  9.0	0.532	 1.8	 0.0
1	2021	 24	 8706	 -1.7	  8.3	0.585	 2.4	 0.0
1	2021	 25	  812	  3.0	  5.2	0.777	 2.8	 5.7
1	2021	 26	12279	 -1.0	 10.2	0.604	 2.8	 0.0
1	2021	 27	 9271	 -0.9	  9.5	0.667	 2.5	 0.0
1	2021	 28	13528	 -2.2	  7.1	0.273	 3.5	 0.0
1	2021	 29	13056	 -2.7	 11.7	0.414	 3.8	 0.0
1	2021	 30	12615	 -1.5	 14.0	0.531	 1.9	 0.0
1	2021	 31	13053	  0.2	 14.9	0.555	 2.8	 0.0
1	2021	 32	12796	  1.7	 13.6	0.495	 3.1	 0.0
1	2021	 33	13679	 -2.2	  8.7	0.418	 2.6	 0.0
1	2021	 34	13429	  0.2	 14.8	0.577	 3.1	 0.0
1	2021	 35	13975	 -0.7	 11.8	0.406	 2.7	 0.0
1	2021	 36	13287	  4.6	 15.6	0.584	 3.9	 0.0
1	2021	 37	13725	  3.8	 18.2	0.715	 3.4	 0.0
1	2021	 38	13361	  3.9	 13.0	0.624	 4.5	 0.0
1	2021	 39	12651	  0.0	  8.5	0.327	 2.7	 0.0
1	2021	 40	14459	 -0.9	 11.7	0.483	 3.0	 0.0
1	2021	 41	13032	  0.5	 14.7	0.648	 1.8	 0.0
1	2021	 42	14599	  0.8	 16.0	0.853	 2.9	 0.0
1	2021	 43	14203	  4.9	 16.5	0.989	 3.1	 0.0
1	2021	 44	 8853	  7.0	 16.3	1.040	 2.2	 0.0
1	2021	 45	 9944	  7.2	 17.4	1.137	 2.5	10.7
1	2021	 46	11487	  2.7	  8.4	0.611	 3.3	 0.2
1	2021	 47	15816	  1.0	 12.6	0.519	 3.4	 0.0
1	2021	 48	16036	 -2.6	  7.9	0.293	 2.2	 0.0
1	2021	 49	15641	 -2.5	 12.3	0.482	 2.8	 0.0
1	2021	 50	16217	  4.9	 20.6	0.666	 4.7	 0.0
1	2021	 51	16661	  6.6	 22.4	0.645	 4.4	 0.0
1	2021	 52	16471	 11.1	 24.8	0.919	 4.7	 0.0
1	2021	 53	16600	  6.9	 17.6	0.650	 4.6	 0.0
1	2021	 54	14919	  3.7	 12.2	0.468	 5.2	 0.0
1	2021	 55	 4565	  2.9	  8.3	0.637	 4.6	 3.5
1	2021	 56	 2736	  1.5	  5.2	0.729	 4.4	12.6
1	2021	 57	10060	  3.1	  9.8	0.638	 3.3	 0.1
1	2021	 58	13188	  4.0	 12.8	0.660	 2.5	 0.0
1	2021	 59	 2417	  7.5	 11.4	1.090	 3.0	10.0
1	2021	 60	 7395	 -0.1	  8.9	0.737	 4.7	 4.0
1	2021	 61	18159	 -3.1	 11.2	0.622	 2.2	 0.0
1	2021	 62	16265	  3.4	 13.9	0.679	 3.6	 0.0
1	2021	 63	18122	  3.2	 17.5	0.912	 3.1	 0.0
1	2021	 64	14263	  7.4	 17.8	0.939	 2.8	 0.0
1	2021	 65	10802	  3.3	 11.2	0.578	 4.7	 0.0
1	2021	 66	15694	  1.6	  9.8	0.532	 1.5	 0.0
1	2021	 67	14445	  1.8	 13.2	0.752	 1.9	 1.5
1	2021	 68	 7298	  6.5	 12.4	0.989	 1.3	 1.0
1	2021	 69	12305	  5.3	 14.4	0.960	 2.3	 0.0
1	2021	 70	 4139	  8.3	 11.6	0.996	 2.0	 7.3
1	2021	 71	17530	  2.5	 14.5	0.919	 1.8	 0.0
1	2021	 72	 9775	  7.2	 13.8	0.953	 1.6	 0.0
1	2021	 73	15549	  7.7	 17.6	1.108	 3.3	 0.1
1	2021	 74	10095	 12.6	 20.5	1.443	 3.1	 3.2
1	2021	 75	21100	  6.7	 15.9	0.618	 3.4	 0.0
1	2021	 76	19475	  4.2	 15.4	0.530	 3.0	 0.0
1	2021	 77	 7781	  7.0	 12.1	0.623	 3.5	 0.2
1	2021	 78	 3805	  6.7	 10.0	0.745	 2.5	 2.7
1	2021	 79	15175	  3.4	 13.4	0.850	 2.9	 1.0
1	2021	 80	21409	  4.8	 12.1	0.420	 3.7	 0.0
1	2021	 81	22294	  2.0	 16.2	0.494	 3.2	 0.0
1	2021	 82	19342	  5.5	 18.5	0.707	 4.6	 0.0
1	2021	 83	21626	  7.4	 21.2	0.973	 3.0	 0.0
1	2021	 84	21163	  7.0	 22.0	0.953	 3.1	 0.0
1	2021	 85	10041	  9.5	 19.5	1.190	 2.0	 4.6
1	2021	 86	14305	  9.5	 19.3	1.344	 2.3	 0.9
1	2021	 87	22067	 11.3	 25.3	1.411	 3.6	 0.0
1	2021	 88	18972	 12.1	 20.6	0.818	 4.3	 0.0
1	2021	 89	21674	  8.8	 21.3	0.640	 4.0	 0.0
1	2021	 90	 3734	  8.8	 14.2	0.898	 4.0	13.3
1	2021	 91	 5217	 10.5	 14.0	1.021	 3.9	 0.1
1	2021	 92	 2397	 10.4	 12.3	1.232	 3.2	 2.2
1	2021	 93	 4467	  8.0	 12.1	1.015	 4.9	 3.0
1	2021	 94	23747	  3.4	 16.4	0.568	 2.8	 0.0
1	2021	 95	15640	  4.1	 16.9	0.698	 2.6	 0.0
1	2021	 96	21659	  5.9	 18.4	0.779	 1.1	 0.0
1	2021	 97	11859	  9.3	 18.2	1.026	 1.8	 0.0
1	2021	 98	23162	  6.1	 20.2	1.037	 1.9	 0.0
1	2021	 99	21629	  6.9	 20.6	0.954	 2.4	 0.0
1	2021	100	23608	  8.9	 20.5	0.768	 3.5	 0.0
1	2021	101	 7226	 10.9	 16.5	1.242	 3.1	 0.0
1	2021	102	19435	 10.7	 22.4	1.335	 2.0	 0.0
1	2021	103	16478	 12.2	 18.8	1.057	 3.2	 0.0
1	2021	104	23777	  9.4	 19.4	0.889	 2.3	 0.0
1	2021	105	20034	 10.3	 22.9	1.213	 4.2	 0.0
1	2021	106	22254	 12.1	 22.3	0.563	 3.4	 0.0
1	2021	107	26215	  7.5	 19.2	0.439	 3.3	 0.0
1	2021	108	23825	  6.6	 21.4	0.586	 3.0	 0.0
1	2021	109	25490	  8.5	 24.7	0.811	 2.8	 0.0
1	2021	110	 3028	 13.7	 15.8	1.307	 3.2	10.0
1	2021	111	 2866	 12.1	 15.6	1.477	 3.0	12.7
1	2021	112	 9448	 13.2	 19.3	1.475	 2.7	 4.8
1	2021	113	20844	 10.5	 21.2	1.316	 3.9	 0.1
1	2021	114	 9127	 11.8	 18.1	1.276	 4.0	 0.1
1	2021	115	 5850	 12.9	 15.7	1.278	 3.1	 1.0
1	2021	116	10103	 11.0	 18.0	1.346	 1.9	 0.2
1	2021	117	24806	 10.6	 23.8	1.100	 2.7	 0.0
1	2021	118	24359	 14.1	 23.4	0.839	 3.9	 0.0
1	2021	119	23498	 12.9	 28.3	0.886	 5.6	 0.1
1	2021	120	23990	 11.1	 28.6	1.026	 4.4	 1.0
1	2021	121	26422	  9.1	 24.4	0.899	 2.4	 0.0
1	2021	122	23669	 11.8	 21.8	0.612	 4.1	 0.0
1	2021	123	11266	 13.7	 21.1	1.311	 2.9	19.5
1	2021	124	25601	 11.9	 23.9	1.202	 4.0	 1.6
1	2021	125	26188	 12.5	 26.4	0.988	 3.2	 0.0
1	2021	126	24138	 14.6	 28.2	1.456	 5.8	 0.0
1	2021	127	25006	 16.4	 24.8	0.889	 3.7	 0.0
1	2021	128	27348	 14.4	 31.0	1.578	 3.9	 0.0
1	2021	129	25602	 17.8	 31.4	2.047	 3.7	 0.0
1	2021	130	24185	 18.8	 31.7	1.985	 2.9	 0.0
1	2021	131	22484	 16.2	 25.8	1.515	 3.1	 0.1
1	2021	132	26029	 14.4	 26.8	1.689	 2.0	 0.0
1	2021	133	 9553	 17.1	 23.8	2.055	 2.9	 0.5
1	2021	134	 5836	 18.9	 23.0	2.238	 3.0	16.1
1	2021	135	 5360	 18.9	 22.0	2.263	 3.3	25.9
1	2021	136	 5898	 11.6	 20.0	1.254	 4.9	 9.5
1	2021	137	22047	 11.4	 23.2	1.306	 2.0	 0.0
1	2021	138	25361	 11.2	 24.3	1.512	 2.5	 0.0
1	2021	139	11710	 13.3	 22.4	1.731	 2.3	 0.4
1	2021	140	22247	 15.0	 25.1	1.710	 2.9	 0.1
1	2021	141	23996	 16.8	 27.6	1.983	 2.8	 0.2
1	2021	142	24711	 18.4	 29.4	2.128	 2.7	 0.0
1	2021	143	 6794	 16.8	 22.5	1.918	 2.8	 2.1
1	2021	144	28188	 14.2	 29.2	1.440	 3.9	 0.0
1	2021	145	23397	 16.7	 27.8	1.246	 4.0	 0.0
1	2021	146	21814	 19.5	 26.8	1.710	 4.6	 0.0
1	2021	147	27667	 15.5	 31.5	1.787	 4.8	 0.0
1	2021	148	29365	 20.3	 29.2	1.046	 3.8	 0.0
1	2021	149	26703	 18.9	 32.8	1.924	 4.1	 0.0
1	2021	150	27317	 19.5	 32.1	2.176	 1.9	 0.0
1	2021	151	26082	 20.2	 33.7	2.139	 2.5	 0.0
1	2021	152	21372	 21.8	 32.6	2.091	 2.8	 0.1
1	2021	153	22996	 22.9	 32.9	2.225	 2.6	 0.4
1	2021	154	 6750	 18.8	 26.0	1.830	 2.9	 8.4
1	2021	155	29346	 15.4	 32.0	1.191	 3.8	 0.0
1	2021	156	28258	 20.9	 35.7	1.392	 4.0	 0.1
1	2021	157	27848	 21.7	 36.1	1.619	 4.3	 0.0
1	2021	158	23557	 22.9	 37.6	1.303	 4.0	 0.0
1	2021	159	26022	 23.1	 36.6	1.496	 2.8	 0.0
1	2021	160	19745	 23.0	 33.5	2.076	 2.7	 0.0
1	2021	161	21399	 23.7	 33.1	2.116	 2.1	 0.0
1	2021	162	24030	 22.6	 34.1	2.084	 2.3	 0.0
1	2021	163	22147	 25.1	 36.2	2.221	 3.1	 0.0
1	2021	164	12176	 24.7	 29.5	2.830	 2.8	 5.4
1	2021	165	 9289	 24.0	 31.5	3.103	 3.2	69.8
1	2021	166	17685	 24.5	 30.8	2.876	 3.5	 4.4
1	2021	167	11162	 21.8	 28.7	2.384	 2.7	 0.6
1	2021	168	 9254	 22.5	 27.4	2.535	 2.0	 2.6
1	2021	169	10957	 18.7	 26.0	2.026	 2.4	 0.2
1	2021	170	23203	 16.3	 29.8	1.914	 2.5	 0.0
1	2021	171	26743	 19.0	 31.6	1.971	 2.6	 0.0
1	2021	172	27632	 19.3	 32.4	2.107	 2.1	 0.0
1	2021	173	28022	 20.9	 33.5	2.128	 1.7	 0.0
1	2021	174	27612	 20.8	 34.1	1.827	 2.3	 0.0
1	2021	175	24969	 22.5	 33.9	1.933	 2.9	 0.0
1	2021	176	 9034	 23.3	 28.3	2.373	 2.7	 1.8
1	2021	177	22738	 20.7	 32.7	2.480	 2.2	 0.0
1	2021	178	24324	 21.3	 33.4	2.613	 2.2	 0.0
1	2021	179	25388	 22.9	 34.1	2.639	 2.0	 0.1
1	2021	180	22989	 24.8	 34.1	2.588	 2.0	 0.1
1	2021	181	25351	 25.3	 35.7	2.508	 3.3	 0.7
1	2021	182	22720	 23.1	 34.0	2.454	 2.7	 0.4
1	2021	183	21590	 24.4	 33.3	2.545	 3.7	 1.6
1	2021	184	26184	 22.0	 31.6	2.278	 3.4	15.2
1	2021	185	23291	 22.8	 32.3	2.481	 2.9	 0.0
1	2021	186	19225	 22.5	 30.1	2.583	 2.3	 4.2
1	2021	187	11661	 23.0	 28.5	2.904	 2.2	 2.0
1	2021	188	 9123	 24.2	 29.2	3.083	 1.8	 1.2
1	2021	189	24310	 22.7	 33.1	2.887	 2.3	 0.0
1	2021	190	25756	 23.9	 34.6	3.005	 3.1	 0.5
1	2021	191	23795	 25.6	 35.1	3.223	 3.7	 0.2
1	2021	192	12111	 27.9	 34.1	3.208	 5.0	 0.5
1	2021	193	16592	 25.3	 31.6	3.078	 6.0	19.7
1	2021	194	17896	 26.5	 34.0	3.117	 5.1	 0.3
1	2021	195	23223	 27.0	 34.5	3.169	 3.7	 3.7
1	2021	196	13756	 25.3	 32.0	2.941	 2.0	23.3
1	2021	197	 7633	 24.4	 27.2	2.928	 1.8	56.8
1	2021	198	11741	 24.0	 28.5	2.855	 3.1	 9.2
1	2021	199	16090	 23.8	 30.0	2.966	 4.5	16.4
1	2021	200	18544	 24.0	 30.9	2.923	 4.3	 1.4
1	2021	201	 8802	 24.8	 30.5	3.148	 4.3	 4.9
1	2021	202	 7606	 25.7	 29.5	3.012	 4.5	 0.8
1	2021	203	13656	 24.3	 29.3	2.785	 3.6	 0.3
1	2021	204	16532	 24.0	 30.1	3.022	 3.1	 3.3
1	2021	205	22033	 23.9	 30.8	2.837	 2.7	 0.2
1	2021	206	22086	 23.4	 31.6	2.874	 1.9	 0.0
1	2021	207	18054	 23.9	 30.4	2.969	 3.6	 0.6
1	2021	208	14611	 24.5	 30.6	3.025	 5.4	16.8
1	2021	209	 3066	 22.7	 24.8	2.811	 8.2	171.4
1	2021	210	 5078	 21.9	 24.7	2.463	 5.0	 4.7
1	2021	211	23139	 20.5	 31.2	2.845	 2.3	 0.2
1	2021	212	24578	 24.8	 33.8	3.324	 2.4	 0.9
1	2021	213	23123	 24.6	 33.6	3.038	 2.2	 4.2
1	2021	214	22487	 24.0	 31.5	2.818	 2.3	 2.7
1	2021	215	20004	 23.3	 30.4	3.000	 2.3	 1.9
1	2021	216	20878	 23.8	 31.5	3.180	 2.2	 0.8
1	2021	217	16115	 25.4	 31.4	3.195	 1.9	 8.5
1	2021	218	20648	 23.8	 31.8	3.109	 2.1	 2.3
1	2021	219	21541	 23.9	 32.0	2.983	 1.8	 0.1
1	2021	220	23456	 22.4	 31.9	2.865	 1.2	 0.1
1	2021	221	19474	 23.8	 31.6	2.945	 1.8	 1.0
1	2021	222	18433	 21.0	 31.0	2.732	 1.5	 0.0
1	2021	223	16193	 23.0	 30.5	2.919	 2.5	 0.0
1	2021	224	13736	 24.3	 30.0	2.899	 2.6	 0.5
1	2021	225	 8391	 21.9	 26.0	2.595	 1.4	 6.2
1	2021	226	22316	 20.3	 28.9	2.455	 2.1	 0.1
1	2021	227	22727	 20.7	 29.4	2.477	 2.1	 0.0
1	2021	228	15727	 23.3	 29.2	2.791	 1.7	 1.4
1	2021	229	20792	 21.6	 30.2	2.740	 1.2	 0.2
1	2021	230	21849	 22.7	 30.4	2.655	 2.0	 0.3
1	2021	231	19264	 22.9	 30.6	2.674	 2.9	 0.4
1	2021	232	11762	 22.5	 28.8	2.754	 3.9	11.7
1	2021	233	22305	 19.7	 30.2	2.597	 1.5	 0.0
1	2021	234	 5977	 23.0	 27.6	2.877	 3.3	 2.4
1	2021	235	10441	 23.8	 28.1	2.698	 3.9	39.1
1	2021	236	21364	 21.8	 30.5	2.564	 2.5	 0.0
1	2021	237	21951	 19.8	 30.6	2.243	 3.0	 0.0
1	2021	238	 7662	 20.2	 25.0	2.172	 2.7	 6.4
1	2021	239	 5746	 19.0	 21.8	2.152	 1.3	10.7
1	2021	240	 8533	 18.1	 24.2	2.406	 1.4	 6.9
1	2021	241	 4369	 21.1	 23.7	2.643	 2.8	10.9
1	2021	242	 5032	 22.2	 26.6	2.850	 2.3	28.6
1	2021	243	13880	 22.0	 28.0	2.839	 3.0	 0.4
1	2021	244	 5956	 20.6	 23.7	2.403	 2.4	 5.9
1	2021	245	10727	 20.8	 26.2	2.497	 1.8	 1.1
1	2021	246	15898	 19.3	 28.0	2.460	 2.3	 0.1
1	2021	247	 1695	 21.4	 23.3	2.504	 3.3	65.2
1	2021	248	 7403	 19.5	 23.3	2.260	 3.8	 0.4
1	2021	249	 5490	 20.6	 23.5	2.324	 3.8	 2.1
1	2021	250	15620	 17.6	 25.4	2.058	 2.1	 0.0
1	2021	251	22496	 15.5	 27.4	2.036	 2.3	 0.0
1	2021	252	20492	 19.4	 29.2	2.365	 3.1	 0.0
1	2021	253	21648	 20.6	 30.8	2.613	 2.5	 0.0
1	2021	254	21847	 20.5	 31.4	2.558	 2.2	 0.0
1	2021	255	21187	 21.3	 30.5	2.527	 2.6	 0.0
1	2021	256	21216	 19.0	 29.0	2.271	 2.7	 0.0
1	2021	257	20708	 17.8	 29.7	2.289	 2.1	 0.0
1	2021	258	20168	 19.6	 28.8	2.087	 1.8	 0.0
1	2021	259	20021	 18.2	 29.2	2.153	 1.9	 0.0
1	2021	260	11183	 21.2	 27.2	2.265	 2.7	 0.2
1	2021	261	 6972	 21.8	 26.5	2.393	 3.2	 2.0
1	2021	262	 8620	 17.2	 26.7	2.319	 4.0	30.2
1	2021	263	 9411	 16.9	 24.4	1.884	 4.0	 5.0
1	2021	264	20429	 20.4	 29.6	2.100	 3.5	 0.0
1	2021	265	18748	 19.8	 30.7	2.445	 2.1	 0.0
1	2021	266	19318	 21.0	 31.4	2.361	 3.3	 0.0
1	2021	267	 9412	 22.9	 29.4	2.417	 4.9	 6.5
1	2021	268	 3626	 20.9	 25.0	2.414	 4.4	36.3
1	2021	269	 9698	 20.8	 26.0	2.500	 2.6	15.6
1	2021	270	 7204	 20.0	 23.8	2.216	 2.9	 0.3
1	2021	271	 5566	 18.3	 22.7	2.174	 2.5	 5.9
1	2021	272	18945	 14.7	 25.6	1.883	 1.5	 0.1
1	2021	273	18958	 16.3	 27.6	1.981	 3.0	 0.0
1	2021	274	17687	 18.5	 28.3	2.325	 1.8	 0.0
1	2021	275	17747	 19.9	 30.0	2.338	 2.9	 0.0
1	2021	276	15005	 22.0	 31.8	2.499	 4.0	 0.0
1	2021	277	14505	 19.8	 30.7	2.553	 3.2	 2.0
1	2021	278	 5734	 16.2	 20.0	1.685	 5.1	 0.9
1	2021	279	 2738	 13.5	 18.2	1.560	 4.3	 4.1
1	2021	280	 3071	 13.3	 15.5	1.414	 4.0	 0.4
1	2021	281	 3156	 13.9	 17.6	1.587	 2.7	 0.3
1	2021	282	 7156	 15.9	 23.6	1.913	 2.8	 2.8
1	2021	283	 3522	 15.1	 18.0	1.157	 5.3	 4.2
1	2021	284	 9639	 13.3	 17.9	0.897	 3.4	 0.1
1	2021	285	15437	 13.3	 20.2	1.027	 2.7	 0.3
1	2021	286	16508	 11.6	 22.5	1.232	 2.0	 0.0
1	2021	287	12453	 14.7	 24.1	1.418	 3.6	 0.0
1	2021	288	 3770	 15.0	 18.3	1.595	 3.4	 3.0
1	2021	289	10184	  7.0	 15.9	0.765	 4.8	 0.5
1	2021	290	17082	  3.6	 13.9	0.554	 2.0	 0.0
1	2021	291	15630	  7.0	 17.7	0.823	 2.9	 0.0
1	2021	292	 8964	  8.9	 16.5	1.006	 2.8	 0.0
1	2021	293	 6244	 10.0	 13.4	0.926	 1.8	 0.0
1	2021	294	12165	  9.6	 16.8	1.080	 2.1	 0.1
1	2021	295	15637	  5.4	 18.5	0.874	 1.9	 0.0
1	2021	296	14437	  6.6	 18.4	0.913	 1.6	 0.0
1	2021	297	12086	  6.9	 18.3	0.927	 1.4	 0.0
1	2021	298	15074	  6.3	 19.5	0.993	 2.0	 0.0
1	2021	299	12899	  8.3	 20.4	1.144	 1.3	 0.0
1	2021	300	12756	  9.3	 20.3	1.207	 1.9	 0.0
1	2021	301	12081	 11.7	 21.1	1.240	 1.8	 0.0
1	2021	302	11814	 10.5	 21.1	1.253	 2.3	 0.0
1	2021	303	13930	 10.6	 22.5	1.265	 2.5	 0.0
1	2021	304	10869	 10.7	 22.2	1.293	 2.2	 0.0
1	2021	305	 9448	 11.5	 18.6	1.236	 3.0	 0.0
1	2021	306	 8467	 11.1	 19.0	1.262	 2.3	 0.1
1	2021	307	11623	 10.2	 20.6	1.271	 1.7	 0.2
1	2021	308	10336	  9.5	 21.0	1.272	 2.4	 0.0
1	2021	309	 8109	 12.5	 20.6	1.558	 2.7	 0.1
1	2021	310	 2765	 15.3	 18.0	1.710	 2.4	 1.6
1	2021	311	 1973	  0.4	 15.8	0.695	 6.4	22.6
1	2021	312	13706	 -0.5	  8.7	0.396	 3.2	 0.0
1	2021	313	13192	  0.4	 12.4	0.486	 2.9	 0.0
1	2021	314	12743	  3.5	 13.9	0.526	 2.9	 0.0
1	2021	315	12739	  4.4	 14.6	0.541	 2.6	 0.0
1	2021	316	12428	  2.9	 15.2	0.658	 2.1	 0.0
1	2021	317	12552	  3.2	 15.7	0.597	 2.9	 0.0
1	2021	318	12361	  2.4	 17.0	0.665	 2.2	 0.0
1	2021	319	11382	  6.7	 18.2	0.824	 1.8	 0.0
1	2021	320	11526	  6.0	 17.6	0.935	 2.3	 0.0
1	2021	321	 7919	  7.7	 17.6	1.046	 2.6	 0.0
1	2021	322	11584	  7.5	 19.0	0.984	 3.3	 0.0
1	2021	323	11116	  7.2	 18.6	1.110	 2.0	 0.0
1	2021	324	 6376	  8.3	 17.6	1.233	 2.8	 3.3
1	2021	325	 6334	  5.7	 12.9	0.705	 4.5	 0.0
1	2021	326	11936	 -0.4	  6.2	0.213	 3.3	 0.0
1	2021	327	11557	 -2.0	  9.9	0.329	 2.9	 0.0
1	2021	328	11253	  2.8	 15.3	0.521	 3.3	 0.0
1	2021	329	11234	 -0.1	 15.5	0.515	 1.5	 0.0
1	2021	330	10908	  0.5	 15.6	0.587	 2.0	 0.0
1	2021	331	10586	  3.4	 14.3	0.742	 3.1	 0.0
1	2021	332	 8349	  5.3	 14.4	0.899	 2.5	 0.0
1	2021	333	 7487	  3.8	 14.5	0.940	 3.0	 2.6
1	2021	334	10825	 -1.2	  8.4	0.467	 3.7	 0.0
1	2021	335	10808	 -3.4	  8.7	0.322	 1.7	 0.0
1	2021	336	10726	 -0.3	 11.6	0.378	 3.1	 0.0
1	2021	337	10556	  0.7	 12.3	0.432	 1.9	 0.0
1	2021	338	10221	 -0.1	 13.9	0.478	 2.2	 0.0
1	2021	339	10399	  0.8	 14.2	0.513	 2.6	 0.0
1	2021	340	10159	  2.4	 13.0	0.531	 3.7	 0.0
1	2021	341	 8606	  1.8	 10.6	0.554	 2.8	 0.0
1	2021	342	 7180	  2.8	 11.5	0.673	 2.0	 0.0
1	2021	343	 9720	  3.0	 13.3	0.822	 1.6	 0.0
1	2021	344	 9006	  1.2	 14.1	0.796	 1.9	 0.0
1	2021	345	 3584	  6.7	 11.1	0.809	 1.4	 0.3
1	2021	346	 7448	 -0.1	  8.4	0.537	 3.2	 0.0
1	2021	347	 9900	 -2.3	  9.0	0.482	 2.7	 0.0
1	2021	348	 9582	  3.2	 12.9	0.800	 3.3	 0.0
1	2021	349	 7675	  1.5	 13.5	0.900	 1.5	 0.0
1	2021	350	 8315	  2.8	 12.5	0.640	 3.3	 0.0
1	2021	351	 9969	 -4.2	  3.4	0.280	 3.3	 0.0
1	2021	352	 9012	 -5.0	  8.0	0.294	 3.2	 0.0
1	2021	353	 9938	 -1.8	 12.0	0.414	 3.1	 0.0
1	2021	354	 9878	  2.8	 14.2	0.520	 3.5	 0.0
1	2021	355	10029	 -0.4	 13.5	0.554	 1.8	 0.0
1	2021	356	 9866	 -1.0	 13.7	0.668	 1.8	 0.0
1	2021	357	 6371	  0.7	  9.6	0.780	 2.7	 0.0
1	2021	358	 3843	 -3.7	  6.3	0.492	 5.2	 0.3
1	2021	359	 9780	 -6.6	 -1.5	0.204	 3.9	 0.0
1	2021	360	10548	 -7.9	 -1.0	0.182	 2.2	 0.0
1	2021	361	10413	 -6.8	  3.6	0.248	 2.4	 0.0
1	2021	362	10071	 -3.7	  6.8	0.316	 3.4	 0.0
1	2021	363	10487	 -3.4	  7.6	0.258	 3.0	 0.0
1	2021	364	10315	 -4.4	  8.3	0.316	 1.9	 0.0
1	2021	365	 7574	 -3.8	  7.8	0.368	 2.2	 0.0
